0 0.68359375 0.83984375 0.396875 0.31953125
1 0.11171875 0.84375 0.2234375 0.2890625
5 0.48671875 0.68828125 0.24375 0.1921875
2 0.42421875 0.26953125 0.059375 0.05625
0 0.2703125 0.63828125 0.2734375 0.2109375
4 0.87578125 0.36796875 0.246875 0.13984375
2 0.5296875 0.2 0.065625 0.05078125
0 0.4875 0.44921875 0.36875 0.175
2 0.44921875 0.95390625 0.1046875 0.0890625
0 0.26015625 0.92265625 0.2875 0.15390625
6 0.91796875 0.90078125 0.1640625 0.1984375
1 0.059375 0.27890625 0.11796875 0.1765625
4 0.240625 0.91953125 0.3 0.1609375
4 0.6890625 0.83359375 0.3859375 0.33203125
6 0.86796875 0.36796875 0.2640625 0.13984375