3 0.6633333333333333 0.8248495370370371 0.13031250000000014 0.12746527777777777
5 0.5619270833333333 0.2707002314814815 0.18177083333333321 0.26684027777777775
3 0.6891666666666667 0.6366666666666667 0.10697916666666671 0.10542824074074061
5 0.038203125 0.6379224537037038 0.07640625 0.19300925925925938
5 0.25656249999999997 0.6889583333333335 0.154375 0.23071759259259253
5 0.7813541666666667 0.06284722222222223 0.2185416666666667 0.115625
4 0.08557291666666667 0.14908564814814815 0.17114583333333333 0.18254629629629632
5 0.33234375 0.8988020833333333 0.17927083333333335 0.20239583333333327
5 0.459375 0.7889467592592592 0.15124999999999994 0.25412037037037044
0 0.8906770833333333 0.5451446759259259 0.125 0.1883333333333333
5 0.04807291666666667 0.903125 0.09614583333333333 0.14287037037037037
5 0.07708333333333332 0.719675925925926 0.10677083333333334 0.14915509259259246
5 0.17932291666666667 0.22956597222222222 0.30833333333333335 0.24435185185185188