6 0.44050925925925927 0.7013715277777778 0.18796296296296297 0.22652777777777774
6 0.45980324074074075 0.36951388888888886 0.20589120370370378 0.2397916666666667
6 0.5243923611111111 0.9354340277777778 0.07910879629629619 0.12913194444444437
0 0.6239814814814816 0.8521180555555554 0.16684027777777785 0.26454861111111116
4 0.8292997685185185 0.2012673611111111 0.12599537037037045 0.1801388888888889
3 0.8844270833333333 0.5792881944444443 0.059490740740740476 0.057187499999999857
3 0.9226909722222221 0.4360590277777778 0.06187499999999986 0.04482638888888886
3 0.83625 0.5420833333333334 0.06693287037037052 0.051284722222222176
3 0.8186400462962963 0.41585069444444445 0.04707175925925924 0.03170138888888889
3 0.7139293981481482 0.4634027777777778 0.05994212962962955 0.03850694444444436
6 0.834230324074074 0.9497048611111112 0.11568287037037024 0.10059027777777771
4 0.8987094907407407 0.6625173611111111 0.08350694444444429 0.12059027777777782
3 0.9880092592592593 0.5033854166666667 0.02398148148148138 0.044201388888888894
0 0.9768518518518519 0.6255902777777778 0.04629629629629619 0.20020833333333332
6 0.6061284722222222 0.5902951388888888 0.07993055555555557 0.1391319444444445
2 0.2773090277777778 0.774375 0.05104166666666661 0.07239583333333321
0 0.32330439814814815 0.5512326388888888 0.1667361111111111 0.23649305555555564
2 0.2659953703703704 0.8595833333333334 0.12873842592592588 0.14753472222222222
4 0.7174652777777778 0.14175347222222223 0.12305555555555543 0.18312499999999998
6 0.634085648148148 0.10220486111111111 0.08186342592592588 0.14545138888888887
1 0.7990856481481481 0.7827604166666667 0.044513888888888783 0.06743055555555558
1 0.7631597222222222 0.80765625 0.032013888888888786 0.06687499999999993