3 0.6046875 0.96875 0.11328125 0.06171875
3 0.16875 0.81953125 0.0796875 0.0953125
3 0.49609375 0.8140625 0.0640625 0.04609375
3 0.628125 0.61015625 0.0828125 0.11875
3 0.4140625 0.84609375 0.04921875 0.0625
3 0.378125 0.82421875 0.04921875 0.05078125
3 0.48984375 0.73125 0.06796875 0.04375
3 0.26875 0.6984375 0.16015625 0.22890625
3 0.41875 0.74921875 0.0734375 0.10234375
3 0.7828125 0.53515625 0.04296875 0.09296875
3 0.75703125 0.60390625 0.03984375 0.08828125
3 0.7640625 0.67421875 0.05625 0.08125
3 0.5375 0.41328125 0.109375 0.1234375
3 0.44921875 0.434375 0.06015625 0.11171875
3 0.32421875 0.47421875 0.07578125 0.1390625
3 0.35859375 0.34375 0.103125 0.05390625
3 0.3796875 0.19609375 0.04921875 0.0796875
3 0.34453125 0.115625 0.0390625 0.115625
3 0.5125 0.26640625 0.10546875 0.0421875
3 0.42421875 0.0390625 0.05078125 0.06171875
3 0.81953125 0.41953125 0.05078125 0.084375
3 0.7390625 0.415625 0.03984375 0.0640625
3 0.946875 0.378125 0.04921875 0.04765625
3 0.98203125 0.3625 0.03515625 0.05
3 0.853125 0.27265625 0.0625 0.1140625
3 0.721875 0.2828125 0.0421875 0.046875
3 0.7484375 0.1234375 0.05625 0.059375
3 0.6484375 0.0484375 0.0265625 0.0625
3 0.925 0.0453125 0.034375 0.05
3 0.51875 0.2078125 0.07890625 0.02265625
3 0.4984375 0.14765625 0.06875 0.0578125
3 0.61484375 0.11875 0.05625 0.04609375
3 0.50546875 0.07265625 0.04453125 0.075
3 0.75859375 0.0515625 0.03359375 0.03984375
3 0.86953125 0.0359375 0.05546875 0.06328125
3 0.85390625 0.153125 0.03671875 0.0484375
3 0.7796875 0.20625 0.04453125 0.0390625
3 0.85390625 0.23828125 0.0421875 0.046875