4 0.12410300925925925 0.33046875 0.2482060185185185 0.4015625
5 0.5826099537037037 0.5609375 0.14953703703703702 0.1716666666666667
5 0.4072337962962963 0.5225520833333334 0.1497106481481481 0.2369791666666666
0 0.5774016203703703 0.7792447916666667 0.3903935185185185 0.44151041666666657
5 0.733912037037037 0.9794270833333332 0.17847222222222214 0.04114583333333357
5 0.17719907407407406 0.78671875 0.35439814814814813 0.4265625
6 0.24742476851851852 0.10442708333333332 0.420775462962963 0.20218750000000002
1 0.502170138888889 0.29020833333333335 0.10688657407407405 0.12062500000000007
1 0.8281828703703702 0.4147916666666667 0.07118055555555572 0.12135416666666679
4 0.7475983796296297 0.62296875 0.14444444444444446 0.22885416666666672
0 0.8577256944444445 0.7896875 0.1934606481481481 0.3658333333333335
5 0.901070601851852 0.5436979166666667 0.14809027777777786 0.2990625000000001
0 0.029571759259259256 0.55703125 0.05914351851851851 0.1796875
3 0.866087962962963 0.9205729166666666 0.05399305555555571 0.036250000000000074