3 0.0497337962962963 0.27651041666666665 0.0774537037037037 0.08781249999999999
3 0.1401388888888889 0.5541666666666666 0.09445601851851855 0.08270833333333343
3 0.12984374999999998 0.4525 0.09560185185185185 0.06875
3 0.26750578703703703 0.4561979166666667 0.08484953703703706 0.07427083333333329
3 0.11047453703703702 0.1286979166666667 0.0755208333333333 0.07520833333333332
3 0.43877314814814816 0.40890624999999997 0.0785069444444444 0.07072916666666665
3 0.411087962962963 0.8148958333333333 0.1553587962962963 0.1382291666666667
3 0.4051967592592593 0.9470833333333333 0.10687500000000014 0.10583333333333336
3 0.47954282407407406 0.5916666666666666 0.11178240740740755 0.08854166666666678
3 0.5197974537037038 0.5011979166666667 0.10369212962962955 0.07864583333333322
3 0.6339525462962963 0.9283854166666667 0.1177662037037038 0.13260416666666686
3 0.8743402777777778 0.9685677083333333 0.1287847222222222 0.06286458333333336
3 0.9325289351851851 0.9383854166666665 0.08660879629629648 0.12322916666666686
3 0.8286979166666667 0.485 0.10452546296296283 0.10677083333333322
3 0.8265393518518518 0.5842708333333333 0.10494212962962983 0.12083333333333339
3 0.8340162037037036 0.6489583333333334 0.12630787037037053 0.10510416666666664
3 0.9432638888888889 0.50203125 0.09013888888888885 0.09489583333333336
0 0.7758969907407407 0.8932291666666667 0.18937500000000007 0.18104166666666685
3 0.4453125 0.13536458333333334 0.10821759259259256 0.17875000000000002
3 0.39935185185185185 0.15421875 0.06642361111111103 0.08395833333333336
0 0.16553819444444445 0.09322916666666667 0.05700231481481479 0.08177083333333332
4 0.9570254629629631 0.6188020833333333 0.0572453703703701 0.14260416666666664