5 0.8566145833333334 0.8032812499999998 0.2867708333333333 0.38341435185185163
6 0.6765972222222223 0.49677083333333333 0.4434953703703702 0.6842361111111112
6 0.4750578703703704 0.23718750000000002 0.35949074074074083 0.47437500000000005
5 0.9032175925925927 0.43476273148148153 0.19356481481481466 0.45621527777777776
4 0.8930324074074075 0.456087962962963 0.17789351851851834 0.3136805555555554
6 0.07515625 0.7802546296296297 0.07623842592592593 0.31136574074074075
6 0.15986111111111112 0.4818402777777777 0.2562962962962963 0.5297916666666665
6 0.05585069444444444 0.1382175925925926 0.07732638888888888 0.2764351851851852
6 0.13065972222222222 0.22647569444444446 0.17453703703703707 0.20432870370370368
6 0.4344849537037037 0.8823263888888888 0.1898958333333333 0.22630787037037053
5 0.3213715277777778 0.6353993055555556 0.18431712962962968 0.29030092592592605