6 0.7072743055555556 0.7619878472222222 0.25949074074074086 0.4760243055555556
3 0.9280671296296296 0.29096064814814815 0.09045138888888893 0.12156250000000002
4 0.9369675925925925 0.20995370370370373 0.06809027777777779 0.11105324074074074
6 0.8196469907407407 0.2970891203703704 0.09535879629629633 0.1560995370370371
6 0.8914409722222223 0.1966261574074074 0.10501157407407398 0.22204861111111113
6 0.7604166666666667 0.21568287037037037 0.12408564814814813 0.22927083333333337
6 0.897511574074074 0.7593865740740741 0.08797453703703724 0.13390046296296312
6 0.8597685185185184 0.6563773148148149 0.1336458333333333 0.2032754629629629
4 0.9128009259259258 0.9551099537037036 0.08495370370370381 0.08978009259259281
4 0.9471006944444443 0.8152256944444446 0.03207175925925938 0.10762731481481466
4 0.764212962962963 0.9595833333333333 0.16768518518518521 0.08083333333333335
5 0.5333217592592593 0.6825347222222222 0.17853009259259273 0.22741898148148146
2 0.5074305555555556 0.3811689814814815 0.08068287037037045 0.2036458333333333
2 0.39901620370370366 0.2361111111111111 0.08803240740740739 0.16506944444444444
2 0.4381481481481481 0.4331944444444444 0.08812499999999997 0.25701388888888876
5 0.6078125 0.5602777777777778 0.11469907407407405 0.1384027777777778
6 0.25612847222222224 0.3328877314814815 0.3226273148148149 0.6322569444444445