4 0.7324074074074074 0.32208333333333333 0.29668981481481466 0.20562500000000003
5 0.9327430555555555 0.5796875 0.12576388888888915 0.1114583333333334
5 0.2590046296296296 0.7706250000000001 0.1492708333333333 0.12239583333333322
5 0.43982060185185184 0.39546875000000004 0.2185995370370371 0.20510416666666664
5 0.5189641203703703 0.1715625 0.41519675925925925 0.343125
5 0.6268113425925926 0.5571354166666668 0.25449074074074074 0.20124999999999993
4 0.5924189814814815 0.7726041666666668 0.33106481481481487 0.20791666666666658
4 0.9183738425925926 0.30578125 0.13664351851851855 0.10437499999999993
0 0.8855381944444444 0.20567708333333332 0.1696527777777778 0.13312500000000008
0 0.74171875 0.11921875000000001 0.1681597222222221 0.14239583333333333
4 0.94203125 0.3799479166666667 0.10994212962962954 0.0838541666666666
0 0.11380208333333333 0.44921875 0.10681712962962964 0.08364583333333328
0 0.8806192129629629 0.04372395833333333 0.12115740740740719 0.08744791666666667
0 0.8989930555555556 0.0014583333333333336 0.05826388888888871 0.0029166666666666672
0 0.7316550925925925 0.3182291666666667 0.2997106481481481 0.19177083333333336