5 0.9301388888888888 0.5536516203703703 0.09114583333333322 0.1452430555555555
5 0.23962962962962964 0.16009837962962964 0.07986111111111108 0.12123842592592596
5 0.9237731481481483 0.6671759259259259 0.0889120370370371 0.0998495370370371
4 0.7910474537037037 0.20926215277777777 0.38136574074074064 0.41852430555555553
5 0.08336805555555556 0.37975694444444447 0.09431712962962964 0.1485300925925926
4 0.602204861111111 0.61046875 0.1459837962962963 0.26362268518518517
5 0.7298206018518518 0.8489756944444444 0.18239583333333337 0.19212962962962976
4 0.7932002314814814 0.5755844907407408 0.2972453703703703 0.4619444444444444
5 0.25899884259259254 0.48618634259259264 0.0963657407407407 0.18142361111111108
4 0.9669386574074075 0.12472800925925924 0.06408564814814817 0.2156597222222222
4 0.41976273148148147 0.48956018518518524 0.14239583333333333 0.232210648148148
5 0.19067708333333333 0.6716203703703704 0.1394328703703704 0.2429861111111112
4 0.712025462962963 0.943576388888889 0.13493055555555564 0.04446759259259281
2 0.5940335648148147 0.8458680555555557 0.059085648148148096 0.08893518518518491
4 0.46271412037037046 0.7519733796296296 0.11773148148148138 0.14818287037037034
5 0.31024305555555554 0.3469155092592593 0.056192129629629585 0.1043981481481481
5 0.08947916666666667 0.49419560185185185 0.06207175925925927 0.07972222222222225
5 0.12874421296296296 0.4258043981481482 0.04975694444444443 0.09157407407407411