4 0.8328125 0.9 0.2640625 0.19921875
6 0.20625 0.80546875 0.2296875 0.13828125
0 0.61953125 0.37734375 0.15546875 0.0921875
0 0.91015625 0.3109375 0.1375 0.08515625
4 0.82109375 0.46015625 0.1609375 0.06171875
4 0.51484375 0.53203125 0.17109375 0.07265625
4 0.52578125 0.86015625 0.37734375 0.26953125
6 0.93515625 0.7578125 0.12890625 0.09921875
0 0.2484375 0.29140625 0.16796875 0.1078125
4 0.5515625 0.46796875 0.1453125 0.07890625
4 0.071875 0.65703125 0.14375 0.1015625
6 0.115625 0.93203125 0.23125 0.13515625