5 0.2875 0.7078125 0.18125 0.090625
5 0.37109375 0.92578125 0.121875 0.084375
6 0.275 0.58671875 0.17421875 0.0828125
5 0.1953125 0.1671875 0.16796875 0.0828125
5 0.3296875 0.046875 0.1265625 0.0640625
5 0.24921875 0.7859375 0.13515625 0.06328125
5 0.353125 0.97578125 0.1140625 0.0484375
6 0.6703125 0.84453125 0.296875 0.12578125
5 0.65078125 0.9234375 0.4984375 0.15234375
4 0.91328125 0.6765625 0.1734375 0.096875
4 0.45625 0.790625 0.21796875 0.1265625
6 0.4203125 0.6953125 0.1 0.0375
2 0.5875 0.63046875 0.14140625 0.06875
1 0.36953125 0.4234375 0.14296875 0.06171875
4 0.41875 0.21328125 0.0953125 0.06328125
1 0.57421875 0.45 0.11640625 0.1