5 0.4142708333333333 0.5062326388888889 0.19052083333333342 0.2898726851851851
5 0.1075 0.4219097222222222 0.12583333333333332 0.1833217592592593
5 0.5880208333333334 0.40447337962962965 0.12958333333333344 0.19288194444444445
5 0.6458333333333334 0.5713136574074074 0.17468749999999994 0.2624768518518518
4 0.8992708333333332 0.6058101851851851 0.20145833333333343 0.5068981481481479
6 0.878125 0.18043402777777778 0.21781250000000013 0.1623148148148148
3 0.8154166666666667 0.3603645833333333 0.10375000000000015 0.1322106481481482
3 0.6763020833333334 0.19960069444444445 0.10072916666666672 0.11024305555555554
3 0.5093229166666667 0.2511805555555555 0.13187500000000013 0.11053240740740744
0 0.25848958333333333 0.527349537037037 0.16479166666666661 0.23076388888888885
0 0.09640625 0.7224016203703704 0.10822916666666668 0.1760532407407407
4 0.27796875 0.7961921296296296 0.12697916666666664 0.2005092592592593