6 0.04065393518518519 0.8239699074074075 0.08130787037037038 0.22606481481481494
6 0.22537037037037036 0.32460069444444445 0.16664351851851852 0.2371990740740741
5 0.3640335648148148 0.9211487268518518 0.1308680555555556 0.1577025462962965
0 0.8343460648148149 0.5394386574074074 0.30445601851851833 0.5396412037037036
2 0.23769675925925923 0.09013310185185185 0.2996064814814815 0.16878472222222224
0 0.649369212962963 0.5386689814814816 0.14438657407407404 0.20318287037037025
6 0.11045138888888888 0.32082175925925926 0.22090277777777775 0.3978935185185185
2 0.12872685185185184 0.6161458333333333 0.2574537037037037 0.4291666666666666
4 0.3850173611111111 0.6602025462962964 0.10862268518518521 0.17770833333333336
0 0.48665509259259265 0.810480324074074 0.12295138888888886 0.15675925925925932
0 0.4274537037037037 0.7246527777777778 0.1102662037037037 0.1528935185185185
0 0.6603182870370371 0.5126620370370369 0.13950231481481482 0.17331018518518526
2 0.6370833333333333 0.7856828703703703 0.06087962962962976 0.0814583333333335
0 0.6008738425925926 0.9676678240740741 0.07458333333333336 0.06466435185185163
2 0.7862962962962964 0.8078530092592592 0.27651620370370367 0.3309027777777779
4 0.4016550925925926 0.23391203703703703 0.16497685185185187 0.2090740740740741