6 0.2577083333333333 0.7140625 0.29947916666666663 0.3601388888888888
6 0.13697916666666665 0.8524247685185184 0.175 0.22047453703703682
6 0.3 0.2979166666666667 0.2783333333333333 0.3464351851851852
6 0.58875 0.3687210648148148 0.2267708333333333 0.3200347222222222
6 0.5048958333333333 0.6983622685185186 0.15322916666666658 0.26743055555555556
0 0.696875 0.8233506944444444 0.1765625 0.3372916666666665
4 0.7786979166666667 0.41655092592592596 0.23739583333333342 0.33934027777777764
0 0.8720833333333333 0.1831886574074074 0.07302083333333335 0.11482638888888888
1 0.9205208333333333 0.2444212962962963 0.09729166666666664 0.15206018518518521
4 0.8381770833333333 0.7251157407407407 0.11916666666666664 0.20004629629629633
4 0.9325260416666665 0.8090335648148148 0.13494791666666686 0.2720370370370372
4 0.61328125 0.9868692129629629 0.1411458333333334 0.02626157407407419
6 0.58796875 0.12355324074074074 0.10895833333333335 0.11695601851851851
6 0.6360416666666666 0.0742650462962963 0.10072916666666672 0.06355324074074073
6 0.9832812499999999 0.14330439814814816 0.03343750000000014 0.05065972222222222
6 0.9927604166666667 0.24137731481481478 0.014479166666666644 0.09826388888888893