3 0.8070023148148149 0.7444502314814814 0.0823842592592591 0.08137731481481474
3 0.5366203703703704 0.76515625 0.0779050925925926 0.09516203703703692
3 0.6299247685185185 0.7369907407407407 0.06699074074074077 0.09607638888888878
3 0.589542824074074 0.6176157407407408 0.06993055555555543 0.08376157407407411
3 0.9233275462962963 0.637644675925926 0.07296296296296312 0.07769675925925927
3 0.9728530092592592 0.4559606481481481 0.03980324074074062 0.05231481481481488
3 0.5865509259259258 0.4507523148148148 0.0683217592592591 0.08054398148148145
3 0.2319965277777778 0.6208506944444444 0.13193287037037038 0.15924768518518526
3 0.10468171296296296 0.6791319444444445 0.1249652777777778 0.11043981481481477
3 0.41283564814814816 0.4797800925925927 0.08594907407407408 0.11125000000000007
3 0.4840972222222222 0.41155092592592596 0.0764814814814816 0.10444444444444442
3 0.07348958333333333 0.46632523148148153 0.12515046296296295 0.12293981481481478
3 0.017170138888888888 0.1794039351851852 0.034340277777777775 0.14744212962962963
3 0.41561921296296295 0.13382523148148148 0.10152777777777774 0.10905092592592594
3 0.3276215277777778 0.17260416666666667 0.11400462962962958 0.10822916666666664
3 0.2688425925925926 0.1885763888888889 0.10021990740740741 0.12614583333333332
3 0.36940972222222224 0.04269097222222222 0.09035879629629626 0.08538194444444444
0 0.0763425925925926 0.32740162037037035 0.1526851851851852 0.19207175925925926
3 0.8277604166666667 0.34435185185185185 0.1688310185185184 0.12084490740740739
3 0.8239293981481481 0.39219328703703704 0.07909722222222229 0.07025462962962958
0 0.9398668981481482 0.575 0.07741898148148145 0.06234953703703709
4 0.2582986111111111 0.05728587962962963 0.13564814814814818 0.09390046296296295