3 0.90546875 0.5310416666666666 0.1890625 0.20166666666666658
3 0.88125 0.062473958333333336 0.2140625 0.12494791666666667
3 0.96484375 0.10833333333333335 0.0703125 0.178125
3 0.51953125 0.09260416666666667 0.2671875 0.18520833333333334
3 0.1359375 0.32609374999999996 0.2515625 0.23708333333333337
3 0.14140625 0.4335416666666667 0.2828125 0.25791666666666657
3 0.3171875 0.6468229166666667 0.0875 0.08552083333333335
3 0.2171875 0.7238020833333334 0.096875 0.10489583333333333
3 0.11640625 0.7125520833333333 0.1140625 0.1247916666666665
3 0.03671875 0.6952083333333333 0.0734375 0.13458333333333333
3 0.03984375 0.785625 0.0796875 0.12249999999999997
3 0.0546875 0.8244791666666667 0.1046875 0.11166666666666672
3 0.1921875 0.8903125 0.0984375 0.10031249999999972
3 0.378125 0.05291666666666667 0.0859375 0.08697916666666668