5 0.20053819444444443 0.8520601851851852 0.26723379629629634 0.15540509259259244
5 0.47876157407407405 0.8241261574074074 0.41738425925925926 0.280972222222222
4 0.3989293981481482 0.5844791666666667 0.3283101851851852 0.18909722222222225
4 0.2695196759259259 0.09468750000000001 0.23097222222222227 0.14862268518518518
4 0.624201388888889 0.4619386574074074 0.21327546296296304 0.16865740740740734
4 0.20976273148148147 0.9728125000000001 0.2701041666666667 0.05437499999999993
5 0.9024247685185184 0.8562037037037037 0.11607638888888872 0.16097222222222243
5 0.8269039351851852 0.5032523148148148 0.2999189814814816 0.21365740740740743
5 0.8409953703703703 0.3822743055555556 0.25993055555555566 0.13499999999999995
5 0.7522222222222222 0.2245891203703704 0.15491898148148167 0.12719907407407405
4 0.8457870370370371 0.0938425925925926 0.1740509259259259 0.1649537037037037
6 0.7838310185185186 0.05226851851851851 0.23546296296296293 0.08467592592592592
6 0.10402199074074074 0.39696759259259257 0.20804398148148148 0.20018518518518516
6 0.4384837962962963 0.3192361111111111 0.3642592592592592 0.28018518518518515
6 0.16478009259259258 0.6068113425925926 0.23121527777777776 0.15331018518518516
2 0.3521875 0.7018460648148148 0.18829861111111112 0.1386226851851852