3 0.910295138888889 0.13781828703703705 0.179409722222222 0.17806712962962962
3 0.9265451388888888 0.32440393518518523 0.14690972222222243 0.2111458333333333
3 0.9981423611111111 0.6409259259259259 0.0037152777777777145 0.08262731481481485
3 0.9429513888888887 0.6973958333333333 0.09298611111111085 0.05782407407407408
3 0.9347916666666667 0.6190277777777778 0.12291666666666679 0.09990740740740733
3 0.9454166666666666 0.8230150462962962 0.071458333333333 0.0645023148148148
3 0.7563715277777778 0.8662152777777777 0.21184027777777778 0.24170138888888887
3 0.8591493055555555 0.9500752314814814 0.12927083333333336 0.0998495370370371
3 0.9583506944444444 0.9561921296296296 0.06774305555555564 0.08613425925925924
3 0.9945920138888888 0.97421875 0.010815972222222215 0.0515625
3 0.6619618055555556 0.46068287037037037 0.42375000000000007 0.41481481481481486
3 0.7831076388888889 0.5908969907407406 0.11805555555555572 0.060682870370370526
3 0.9347395833333334 0.5120659722222223 0.13052083333333328 0.12957175925925934
3 0.16645833333333332 0.23778935185185185 0.21798611111111113 0.2046064814814815
3 0.05321180555555556 0.37299768518518517 0.07579861111111111 0.12708333333333338
3 0.18074652777777778 0.8532465277777778 0.2893402777777778 0.2935069444444444
3 0.4110069444444445 0.9211342592592594 0.32312499999999994 0.15773148148148125
3 0.31690972222222225 0.6766261574074074 0.1817013888888889 0.1247800925925926
3 0.40373263888888894 0.5782407407407407 0.124861111111111 0.0735069444444445
3 0.5825347222222221 0.2344212962962963 0.10065972222222222 0.12525462962962966
3 0.4066319444444444 0.20503472222222224 0.13336805555555564 0.08953703703703705
3 0.6307638888888889 0.8986747685185185 0.11111111111111108 0.18503472222222223
3 0.7549479166666666 0.09760416666666667 0.13298611111111108 0.11601851851851852