1 0.29140625 0.17265625 0.2078125 0.178125
4 0.89375 0.8015625 0.21171875 0.1921875
1 0.84453125 0.40546875 0.29375 0.1234375
1 0.86640625 0.29453125 0.24765625 0.1015625
4 0.428125 0.3203125 0.19609375 0.10859375
1 0.79296875 0.61953125 0.309375 0.2140625
4 0.25546875 0.5265625 0.15078125 0.12421875
4 0.09921875 0.26875 0.1984375 0.1203125
3 0.1140625 0.4015625 0.053125 0.034375
4 0.89765625 0.94609375 0.2046875 0.1078125
4 0.6859375 0.03828125 0.28359375 0.07578125
4 0.878125 0.1609375 0.24375 0.14921875
6 0.87109375 0.159375 0.2578125 0.146875