5 0.13947337962962963 0.8514062499999999 0.2772685185185185 0.1457407407407409
5 0.4340104166666666 0.840300925925926 0.4298958333333333 0.27025462962962976
4 0.3703819444444444 0.5819039351851851 0.3430902777777778 0.1759027777777778
4 0.2740972222222222 0.07002893518518519 0.23479166666666665 0.11418981481481483
4 0.6155150462962963 0.46804398148148146 0.21762731481481482 0.16716435185185183
4 0.13881944444444444 0.9799247685185186 0.2680324074074074 0.04015046296296276
5 0.885 0.8928819444444445 0.1325925925925926 0.12905092592592596
5 0.8224768518518518 0.5235069444444445 0.305787037037037 0.2053009259259259
5 0.8440393518518519 0.3970486111111111 0.2586921296296296 0.1221759259259259
5 0.7705844907407406 0.22533564814814816 0.15731481481481496 0.12454861111111111
4 0.8746875 0.09089120370370371 0.16312500000000013 0.16988425925925926
6 0.8212152777777778 0.043599537037037034 0.23569444444444443 0.07671296296296296
6 0.09056712962962962 0.35932291666666666 0.18113425925925924 0.18739583333333334
6 0.432957175925926 0.3041203703703704 0.3721759259259258 0.27138888888888885
6 0.12217013888888888 0.5894444444444444 0.2382060185185185 0.145451388888889
2 0.3115972222222222 0.7033969907407407 0.19380787037037042 0.13418981481481468