6 0.8590335648148149 0.5542997685185185 0.2819328703703704 0.5256597222222222
6 0.44011574074074067 0.7078645833333332 0.333773148148148 0.5842708333333334
6 0.8807407407407407 0.898611111111111 0.23851851851851863 0.20277777777777786
6 0.9953993055555556 0.8895138888888889 0.009201388888888929 0.2209722222222222
6 0.94234375 0.09117476851851851 0.09093750000000007 0.1292013888888889
6 0.810295138888889 0.13880208333333335 0.198715277777778 0.23547453703703702
4 0.4188888888888889 0.12720486111111112 0.17215277777777782 0.23468750000000002
5 0.14037615740740741 0.2509259259259259 0.2785300925925926 0.3518518518518518
5 0.10846064814814813 0.4686342592592593 0.20636574074074074 0.2247685185185185
5 0.08119791666666668 0.6841377314814815 0.13648148148148148 0.14616898148148144
5 0.06563657407407407 0.9501851851851851 0.07960648148148149 0.09962962962962969
5 0.04851273148148148 0.7971817129629629 0.0641087962962963 0.21586805555555558
5 0.22041087962962963 0.8038368055555555 0.15846064814814814 0.25927083333333345
4 0.24131365740740743 0.9457465277777779 0.08137731481481474 0.10850694444444428
0 0.3100694444444444 0.37230902777777775 0.18646990740740738 0.2522916666666667