6 0.13960069444444445 0.7111863425925926 0.2792013888888889 0.5567476851851852
6 0.12447916666666667 0.3363657407407407 0.24583333333333335 0.3418287037037038
0 0.07137152777777778 0.13895833333333332 0.10659722222222223 0.22449074074074074
5 0.5838888888888889 0.18656250000000002 0.23222222222222227 0.316087962962963
4 0.30703125 0.6526736111111111 0.13461805555555556 0.18874999999999992
5 0.6988888888888889 0.3484722222222222 0.10951388888888883 0.14986111111111108
5 0.7542013888888889 0.44339699074074074 0.07135416666666679 0.09773148148148145
0 0.42340277777777774 0.3431134259259259 0.07836805555555557 0.11528935185185185
6 0.021961805555555554 0.33011574074074074 0.04392361111111111 0.1042476851851852
6 0.010130208333333333 0.41209490740740745 0.020260416666666666 0.08328703703703688
6 0.2479861111111111 0.27162037037037035 0.06638888888888887 0.09120370370370363
6 0.2930034722222222 0.1928240740740741 0.05972222222222223 0.08145833333333333
6 0.38897569444444446 0.2541261574074074 0.0578125 0.07355324074074074
6 0.4838541666666666 0.18141782407407409 0.07152777777777786 0.1367013888888889