5 0.1842476851851852 0.31446759259259255 0.15686342592592592 0.1526041666666666
5 0.5917592592592593 0.0984375 0.12094907407407404 0.15283564814814815
1 0.7796064814814815 0.2342303240740741 0.07305555555555561 0.08234953703703703
0 0.9630266203703703 0.5089988425925925 0.07394675925925931 0.17482638888888893
5 0.5681018518518519 0.6097800925925926 0.1606481481481481 0.30266203703703703
5 0.5753356481481482 0.2547743055555555 0.146875 0.21626157407407404
5 0.9142997685185186 0.20798611111111112 0.0832407407407409 0.13738425925925926
5 0.7663483796296295 0.5515335648148147 0.049548611111111286 0.07679398148148149
5 0.8175231481481482 0.47456597222222213 0.0464467592592591 0.07824074074074083
5 0.7940914351851852 0.4213831018518519 0.06983796296296312 0.07598379629629619
5 0.7816898148148148 0.48026620370370365 0.046238425925925954 0.06417824074074083
5 0.8358275462962963 0.3924768518518518 0.055914351851851764 0.08483796296296298
0 0.7730844907407407 0.37375578703703705 0.08403935185185177 0.08587962962962958
5 0.5708912037037037 0.37641782407407404 0.06804398148148146 0.06030092592592595
5 0.5701967592592593 0.43495370370370373 0.08293981481481474 0.11707175925925917
5 0.46486111111111106 0.3873263888888889 0.0941087962962964 0.1331018518518518
5 0.41030092592592593 0.393894675925926 0.10851851851851854 0.1570601851851851
5 0.44639467592592597 0.24765625 0.054166666666666786 0.07228009259259256
5 0.41996527777777776 0.3083622685185185 0.04644675925925927 0.07824074074074075
5 0.3605439814814815 0.19762731481481483 0.06064814814814819 0.08813657407407409
5 0.2995949074074074 0.19458912037037038 0.05726851851851853 0.0708333333333333
5 0.21405092592592592 0.5342013888888889 0.18628472222222223 0.24114583333333323
0 0.21767939814814813 0.7264178240740741 0.08767361111111116 0.12037037037037024
4 0.5104571759259259 0.14461805555555557 0.14244212962962965 0.23327546296296292
5 0.6906828703703705 0.5565393518518519 0.059247685185185264 0.09901620370370381
4 0.6459895833333333 0.5439525462962963 0.07326388888888893 0.09641203703703702