5 0.9872222222222222 0.06711805555555556 0.02055555555555557 0.1342361111111111
5 0.08266203703703705 0.7614930555555557 0.1421875 0.21670138888888885
4 0.682957175925926 0.07212673611111112 0.17837962962962967 0.14425347222222223
5 0.9142013888888888 0.48298611111111106 0.12456018518518519 0.26111111111111107
5 0.8448784722222223 0.1143923611111111 0.17380787037037032 0.2243402777777778
5 0.09442708333333334 0.027291666666666665 0.12052083333333333 0.05458333333333333
0 0.7805787037037037 0.8707291666666667 0.2859259259259261 0.19659722222222237
0 0.7764120370370371 0.62546875 0.16342592592592595 0.23322916666666665
4 0.7659143518518519 0.4607465277777778 0.11541666666666668 0.15940972222222224
4 0.8964351851851852 0.23053819444444446 0.15302083333333344 0.18913194444444442
0 0.7007523148148148 0.24546874999999999 0.15628472222222226 0.2968055555555556
5 0.6013194444444444 0.21404513888888888 0.06328703703703695 0.12125000000000004
4 0.5529456018518518 0.08266493055555554 0.0953935185185184 0.1653298611111111
0 0.4452430555555556 0.4547395833333333 0.16163194444444445 0.3344444444444445
0 0.37244791666666666 0.14473958333333334 0.13190972222222222 0.25364583333333335
5 0.1910648148148148 0.4574652777777778 0.23744212962962968 0.5092361111111112
6 0.06229745370370371 0.29555555555555557 0.12459490740740742 0.43076388888888884
2 0.005243055555555556 0.7294270833333334 0.010486111111111113 0.23489583333333322
4 0.06546874999999999 0.29619791666666667 0.13093749999999998 0.43572916666666667
1 0.5170775462962963 0.43907986111111114 0.09630787037037045 0.17881944444444448