4 0.6771354166666667 0.437962962962963 0.14135416666666673 0.17692129629629622
6 0.13752604166666665 0.38296874999999997 0.2750520833333333 0.42443287037037036
5 0.91015625 0.5952893518518518 0.1078125 0.16549768518518526
5 0.11817708333333332 0.6741435185185185 0.1877083333333333 0.21663194444444436
4 0.24244791666666665 0.15640625 0.14989583333333334 0.2113888888888889
5 0.89484375 0.19278935185185184 0.20135416666666686 0.2808333333333334
5 0.7140625 0.22356481481481483 0.2117708333333333 0.2965972222222222
5 0.7145833333333333 0.7191608796296296 0.13052083333333328 0.36563657407407407
5 0.7794791666666667 0.8461979166666668 0.16843749999999993 0.2787847222222222
5 0.8827083333333334 0.8431076388888888 0.10968749999999972 0.2872800925925926
6 0.4178645833333333 0.1044502314814815 0.16739583333333333 0.208900462962963
4 0.529375 0.09497685185185185 0.15062499999999995 0.1899537037037037
5 0.42072916666666665 0.2684953703703704 0.13874999999999993 0.18468749999999998
6 0.4273958333333333 0.6836111111111112 0.08708333333333336 0.15894675925925927
6 0.5117708333333333 0.6121180555555557 0.14937499999999987 0.32064814814814824
6 0.029843750000000002 0.6328993055555555 0.059687500000000004 0.24670138888888893
4 0.40302083333333333 0.8970428240740741 0.1299999999999999 0.19392361111111106
5 0.63859375 0.05857928240740741 0.12989583333333332 0.11715856481481482
5 0.8529166666666667 0.4587731481481482 0.09125000000000014 0.1512037037037036
4 0.60234375 0.8574074074074074 0.12510416666666657 0.2141435185185184
0 0.6691145833333334 0.4412037037037037 0.15947916666666656 0.19123842592592588