1 0.29604166666666665 0.9305787037037037 0.16916666666666663 0.09896990740740748
1 0.4340972222222222 0.5602025462962963 0.1945486111111112 0.11763888888888889
1 0.30046875 0.6369618055555556 0.12034722222222224 0.07891203703703695
1 0.29477430555555556 0.5215219907407407 0.1702430555555555 0.07718749999999996
0 0.4764930555555556 0.3910648148148148 0.16958333333333328 0.11771990740740748
5 0.5463368055555555 0.6826273148148149 0.13142361111111106 0.08581018518518527
5 0.7163368055555555 0.5176620370370371 0.10041666666666664 0.09489583333333336
5 0.6278819444444445 0.444675925925926 0.1003819444444444 0.09333333333333335
5 0.7615277777777778 0.40390046296296295 0.12249999999999997 0.10556712962962962
0 0.3152256944444445 0.3857581018518519 0.2133333333333333 0.1203125
4 0.3836284722222222 0.2604513888888889 0.20791666666666667 0.1574421296296296
6 0.534392361111111 0.18032986111111113 0.16930555555555565 0.10521990740740739
4 0.8216493055555556 0.14815972222222223 0.3567013888888887 0.29631944444444447
0 0.5006423611111112 0.4921122685185185 0.15656250000000008 0.09354166666666668
1 0.5103819444444444 0.754380787037037 0.17993055555555557 0.09180555555555543
1 0.4028819444444444 0.8452372685185185 0.11510416666666679 0.05363425925925931
1 0.32453125 0.8045081018518518 0.06062499999999993 0.05976851851851848
5 0.6295138888888889 0.8701388888888889 0.12149305555555542 0.060254629629629616
5 0.6689930555555555 0.64015625 0.09951388888888886 0.05427083333333336
6 0.5936631944444445 0.5945543981481481 0.12652777777777774 0.07615740740740744