3 0.8830034722222223 0.15182291666666664 0.158090277777778 0.22910879629629627
3 0.7386284722222223 0.05865162037037036 0.1430208333333333 0.11302083333333332
3 0.6694618055555555 0.14800347222222224 0.10079861111111121 0.1098958333333333
3 0.6023784722222223 0.2607349537037037 0.06385416666666668 0.06325231481481489
3 0.5694965277777777 0.1532696759259259 0.05770833333333343 0.0677083333333333
3 0.6183680555555556 0.41730324074074077 0.13256944444444443 0.13449074074074066
3 0.30899305555555556 0.42876157407407406 0.4215972222222223 0.2841435185185185
3 0.0823263888888889 0.29172453703703705 0.15458333333333332 0.14155092592592594
3 0.9399305555555555 0.7373263888888889 0.12013888888888893 0.2674768518518519
3 0.8042881944444445 0.4448206018518519 0.23145833333333315 0.2287037037037038
3 0.17475694444444442 0.827025462962963 0.2129513888888889 0.23894675925925918
3 0.2997916666666667 0.9646990740740741 0.1448611111111111 0.055324074074074046
3 0.3896354166666667 0.9613715277777779 0.13392361111111112 0.054918981481481666
3 0.46673611111111113 0.9123842592592591 0.12034722222222224 0.14652777777777787
3 0.4888715277777778 0.747366898148148 0.11986111111111111 0.12465277777777786
3 0.3801388888888889 0.6747685185185185 0.1097569444444444 0.09149305555555554
3 0.31182291666666667 0.7672164351851851 0.1586458333333333 0.1838541666666668
3 0.31447916666666664 0.5700810185185186 0.10354166666666664 0.09282407407407404
3 0.5793229166666667 0.8417534722222222 0.09239583333333332 0.08304398148148166