4 0.3703125 0.890625 0.3484375 0.215625
5 0.49296875 0.38359375 0.14375 0.11640625
5 0.49140625 0.55859375 0.209375 0.09921875
0 0.721875 0.3390625 0.4125 0.29296875
5 0.928125 0.1421875 0.14375 0.15234375
5 0.81640625 0.79140625 0.36640625 0.41640625
6 0.09375 0.80625 0.18671875 0.3875
1 0.2515625 0.515625 0.1 0.08203125
1 0.30546875 0.1796875 0.109375 0.04609375
4 0.51875 0.21328125 0.20234375 0.0984375
0 0.65625 0.06640625 0.33125 0.1328125
5 0.4125 0.07109375 0.2703125 0.1125
0 0.60625 0.9484375 0.15859375 0.103125
3 0.77890625 0.03125 0.0265625 0.0625