3 0.7546875 0.45234375 0.153125 0.11484375
3 0.79375 0.321875 0.10625 0.1140625
3 0.31875 0.24453125 0.0671875 0.08203125
3 0.28828125 0.17734375 0.0453125 0.053125
3 0.77890625 0.6625 0.078125 0.06796875
3 0.7203125 0.60703125 0.06171875 0.046875
3 0.70703125 0.890625 0.11328125 0.12734375
3 0.39921875 0.7578125 0.0640625 0.06328125
3 0.19453125 0.690625 0.06484375 0.0671875
3 0.22890625 0.3125 0.0515625 0.05859375
1 0.8953125 0.4390625 0.13046875 0.0703125
3 0.3203125 0.36953125 0.0453125 0.075
3 0.3578125 0.5859375 0.05 0.05859375
3 0.05390625 0.26328125 0.04296875 0.04453125
3 0.06796875 0.3265625 0.0421875 0.04453125
3 0.134375 0.671875 0.0375 0.03828125
3 0.05703125 0.6734375 0.03125 0.04140625
3 0.35859375 0.19609375 0.05 0.06796875
3 0.24453125 0.51640625 0.053125 0.0703125