5 0.7730844907407407 0.491087962962963 0.13893518518518527 0.19578703703703706
5 0.41561342592592593 0.4264236111111111 0.1531944444444445 0.2225578703703704
5 0.440462962962963 0.19556712962962963 0.08078703703703702 0.14961805555555557
5 0.04079282407407407 0.8669155092592593 0.06996527777777777 0.1650810185185186
5 0.9018750000000001 0.3719155092592593 0.116909722222222 0.1751504629629629
4 0.8339583333333334 0.6943113425925926 0.1435416666666665 0.18491898148148156
5 0.9053993055555555 0.10949652777777777 0.07266203703703696 0.10731481481481482
5 0.7991956018518518 0.3250868055555555 0.06461805555555564 0.07594907407407411
0 0.6520949074074075 0.5033564814814815 0.07244212962962955 0.07762731481481477
4 0.2861111111111111 0.3440451388888889 0.0950115740740741 0.17170138888888892
5 0.5776273148148148 0.25774884259259256 0.11087962962962976 0.2047453703703704