4 0.06984953703703703 0.3027488425925926 0.13969907407407406 0.2288773148148148
5 0.10211226851851851 0.17743055555555556 0.20422453703703702 0.2607638888888889
4 0.11620370370370373 0.9280092592592591 0.19398148148148148 0.13981481481481453
4 0.7505208333333334 0.44265046296296295 0.33125 0.6442129629629629
5 0.8725405092592592 0.009114583333333332 0.11741898148148167 0.018229166666666664
5 0.04913194444444444 0.5174189814814815 0.09826388888888889 0.19016203703703702
4 0.19785879629629627 0.2821180555555556 0.2142939814814815 0.3512152777777778
4 0.26629050925925923 0.09858217592592593 0.16892361111111115 0.1794560185185185
4 0.38642939814814814 0.082421875 0.11099537037037033 0.16484375
4 0.4718460648148148 0.4677951388888889 0.16336805555555553 0.36649305555555556
3 0.41160300925925924 0.19852430555555556 0.03657407407407405 0.06064814814814814
4 0.593113425925926 0.12983217592592594 0.16782407407407404 0.2596643518518519
6 0.9136574074074074 0.25092592592592594 0.16886574074074084 0.47280092592592593
0 0.1277777777777778 0.53125 0.14872685185185186 0.18182870370370363
4 0.08423032407407408 0.7180555555555556 0.16846064814814815 0.25335648148148165