3 0.109375 0.09296875 0.0828125 0.07890625
3 0.08359375 0.19609375 0.134375 0.1046875
3 0.1203125 0.29921875 0.07734375 0.08671875
3 0.046875 0.3296875 0.0546875 0.09609375
3 0.021875 0.4609375 0.04375 0.08359375
3 0.0765625 0.54296875 0.07578125 0.07265625
3 0.13515625 0.61953125 0.05703125 0.05546875
3 0.03203125 0.65234375 0.0640625 0.0828125
3 0.55546875 0.82890625 0.11640625 0.13203125
3 0.3609375 0.85546875 0.0390625 0.059375
3 0.3046875 0.878125 0.07578125 0.0734375
3 0.31328125 0.7890625 0.071875 0.071875
3 0.13203125 0.7984375 0.0671875 0.0984375
3 0.15234375 0.72265625 0.07265625 0.053125
3 0.4421875 0.49375 0.0515625 0.0765625
3 0.39765625 0.42421875 0.04453125 0.05390625
3 0.4484375 0.3921875 0.02890625 0.04140625
3 0.45859375 0.33203125 0.0390625 0.06015625
3 0.38828125 0.21484375 0.04375 0.06015625
3 0.36484375 0.14296875 0.0375 0.04765625
3 0.440625 0.1984375 0.0546875 0.046875
3 0.56015625 0.1625 0.0796875 0.06328125
3 0.66328125 0.16796875 0.0390625 0.06796875
3 0.478125 0.07109375 0.2375 0.1421875
3 0.821875 0.0421875 0.0625 0.084375
3 0.7109375 0.040625 0.053125 0.0546875
3 0.234375 0.0203125 0.11875 0.040625