5 0.8842766203703704 0.13213541666666667 0.1200231481481481 0.0625
5 0.5095428240740741 0.08223958333333334 0.13783564814814825 0.10572916666666668
5 0.7471238425925926 0.5200520833333333 0.16612268518518522 0.11072916666666668
5 0.5694675925925926 0.5922916666666667 0.24446759259259246 0.15020833333333333
5 0.6596122685185185 0.3188020833333333 0.17342592592592593 0.13145833333333332
5 0.18744212962962964 0.08645833333333333 0.2655092592592593 0.165625
5 0.9213831018518519 0.7393229166666666 0.1572337962962962 0.11281250000000007
5 0.46198495370370374 0.9348958333333333 0.19535879629629632 0.13020833333333356
5 0.6861863425925926 0.7261979166666667 0.24964120370370377 0.1598958333333332
4 0.4254282407407407 0.42697916666666663 0.3038773148148149 0.21489583333333329
5 0.12822916666666667 0.5060416666666667 0.21351851851851852 0.18395833333333336
5 0.8407465277777778 0.37369791666666663 0.12312499999999993 0.09229166666666666
5 0.8525520833333333 0.6314062500000001 0.1544560185185187 0.09593750000000015
0 0.9415625000000001 0.24614583333333334 0.11687499999999992 0.12229166666666665
0 0.7286689814814815 0.19416666666666665 0.21043981481481477 0.12458333333333331
0 0.724386574074074 0.0965625 0.15949074074074066 0.07291666666666666
5 0.2704398148148148 0.170625 0.20540509259259263 0.14760416666666668
2 0.9084259259259259 0.5378125 0.13349537037037038 0.08208333333333329
4 0.11892361111111112 0.8370833333333334 0.1633101851851852 0.23666666666666672
4 0.8501215277777778 0.7947395833333333 0.1327430555555555 0.09760416666666671
5 0.5317303240740741 0.20984375000000002 0.16601851851851848 0.13874999999999993
0 0.8739525462962963 0.2933854166666666 0.12978009259259266 0.10052083333333339