3 0.026631944444444444 0.35538194444444443 0.035625 0.12777777777777777
3 0.1655902777777778 0.8476273148148149 0.10982638888888889 0.09461805555555572
3 0.17628472222222222 0.48582175925925924 0.054756944444444414 0.07540509259259257
3 0.40368055555555554 0.3560763888888889 0.13649305555555563 0.10028935185185181
3 0.14078125 0.5742766203703704 0.07159722222222223 0.060416666666666785
3 0.16354166666666664 0.6149305555555555 0.05906250000000002 0.058391203703703806
3 0.26793402777777775 0.5001446759259259 0.05326388888888882 0.07847222222222214
3 0.29994791666666665 0.7464409722222223 0.26350694444444445 0.1955439814814815
3 0.24699652777777778 0.5766493055555555 0.11749999999999998 0.08865740740740743
3 0.4882638888888889 0.19293981481481484 0.10579861111111111 0.053877314814814795
3 0.41227430555555555 0.2158854166666667 0.0994791666666666 0.05052083333333339
3 0.33468749999999997 0.20208333333333334 0.09364583333333334 0.06903935185185181
3 0.6193923611111112 0.47335069444444444 0.14343749999999994 0.13177083333333323
3 0.5949652777777777 0.5684606481481481 0.1265625 0.07494212962962976
3 0.5495659722222223 0.7033854166666667 0.15822916666666664 0.09484953703703702
3 0.6933506944444444 0.675144675925926 0.06503472222222229 0.11637731481481488
3 0.85703125 0.6640335648148149 0.09031249999999993 0.05954861111111107
3 0.9408159722222222 0.7087094907407407 0.11836805555555543 0.053182870370370415
3 0.7818229166666667 0.5113715277777778 0.054166666666666786 0.11909722222222215
3 0.6163715277777777 0.16177662037037038 0.09663194444444442 0.06290509259259261
3 0.6199131944444444 0.25089699074074073 0.07447916666666679 0.04959490740740744
3 0.6652083333333334 0.0410300925925926 0.05208333333333322 0.025347222222222222
3 0.7789409722222222 0.13579282407407406 0.1297569444444445 0.07818287037037037
3 0.7657291666666667 0.27893518518518523 0.054201388888888855 0.05040509259259256
3 0.9425694444444446 0.26284722222222223 0.068611111111111 0.06655092592592596
3 0.9942534722222222 0.37731481481481477 0.011493055555555642 0.028819444444444463
3 0.8457812499999999 0.509056712962963 0.030104166666666644 0.09010416666666661
3 0.9127430555555556 0.5365162037037037 0.068888888888889 0.07905092592592596
3 0.9466319444444444 0.41053240740740743 0.054548611111111 0.06603009259259256
3 0.9763368055555557 0.5336226851851851 0.04732638888888872 0.05370370370370381
3 0.9998958333333334 0.2572627314814815 0.00020833333333314386 0.037673611111111074
3 0.9118402777777778 0.14461805555555557 0.055624999999999855 0.044212962962962975
3 0.8518923611111111 0.22201967592592592 0.04645833333333336 0.05324074074074074
3 0.8172395833333332 0.13799189814814813 0.054201388888888855 0.05040509259259256