4 0.16657986111111112 0.20307291666666666 0.32309027777777777 0.4061458333333333
4 0.6553125 0.916087962962963 0.27694444444444455 0.159837962962963
6 0.7336979166666666 0.20078125 0.2926736111111111 0.3755439814814815
6 0.6481076388888889 0.11549189814814813 0.17055555555555557 0.22310185185185186
4 0.6521180555555556 0.6028819444444444 0.12718749999999995 0.16966435185185186
4 0.7180208333333333 0.4141435185185185 0.13791666666666663 0.23067129629629637
2 0.9086979166666665 0.3049363425925926 0.09184027777777785 0.12565972222222221
0 0.8389062500000002 0.38747106481481486 0.114340277777778 0.1539467592592593
4 0.8276562500000001 0.71796875 0.1993402777777778 0.2529976851851853
4 0.9304861111111112 0.1680787037037037 0.13652777777777772 0.2384722222222222
4 0.08067708333333333 0.582181712962963 0.16135416666666666 0.3606365740740742
4 0.4068923611111111 0.565642361111111 0.11079861111111118 0.1351736111111112
4 0.35583333333333333 0.7191203703703704 0.17329861111111108 0.3465393518518519
1 0.7391666666666666 0.20074074074074075 0.2548958333333333 0.36276620370370366