6 0.05040509259259259 0.17221064814814815 0.09664351851851852 0.2037962962962963
6 0.22873842592592591 0.7077893518518519 0.1648032407407407 0.23710648148148153
5 0.40422453703703703 0.09281828703703704 0.12696759259259255 0.17277777777777775
0 0.8632175925925927 0.5383969907407408 0.27356481481481476 0.5473958333333334
2 0.23476273148148147 0.9361805555555556 0.2866087962962963 0.12763888888888886
0 0.6802141203703703 0.5236747685185185 0.1403935185185185 0.20412037037037045
6 0.11437499999999998 0.6967881944444445 0.1991203703703704 0.3935763888888889
2 0.13648148148148148 0.3884259259259259 0.2624074074074074 0.42060185185185184
4 0.41173032407407406 0.37249999999999994 0.10527777777777772 0.1788657407407408
0 0.5237615740740741 0.22570601851851854 0.12181712962962958 0.15711805555555552
0 0.45833912037037033 0.31114004629629627 0.1107870370370371 0.15391203703703704
0 0.6911574074074074 0.5503125000000001 0.13634259259259257 0.1728472222222223
2 0.6803645833333334 0.26513888888888887 0.058657407407407366 0.08166666666666664
0 0.6522627314814814 0.054820601851851856 0.07327546296296283 0.10052083333333332
2 0.8362905092592593 0.2553587962962963 0.2737384259259258 0.3285185185185185
4 0.40773726851851855 0.8176851851851852 0.162361111111111 0.20740740740740726