1 0.2652199074074074 0.04269965277777778 0.16886574074074073 0.08539930555555555
1 0.39311342592592596 0.40342013888888884 0.19444444444444448 0.11442129629629641
1 0.26200810185185186 0.33054398148148145 0.1197916666666667 0.07725694444444446
1 0.2529803240740741 0.44617476851851856 0.16961805555555554 0.07553240740740748
0 0.43142361111111105 0.5710532407407407 0.16956018518518512 0.11606481481481482
5 0.5090277777777777 0.2775405092592592 0.13252314814814808 0.08424768518518526
5 0.6746527777777779 0.4368460648148148 0.10011574074074084 0.0932407407407407
5 0.5842881944444445 0.5126678240740741 0.10005787037037042 0.09167824074074069
5 0.7164351851851852 0.5502488425925925 0.12233796296296298 0.10391203703703696
0 0.2697337962962963 0.5814178240740742 0.21325231481481488 0.11709490740740733
4 0.3346064814814815 0.7051967592592593 0.2083333333333334 0.152662037037037
6 0.4830150462962964 0.7801793981481481 0.16909722222222215 0.1035648148148148
4 0.7956163194444444 0.8078472222222223 0.40876736111111106 0.3048611111111111
0 0.4573784722222222 0.4685127314814815 0.15769675925925916 0.09041666666666667
1 0.4750578703703704 0.20595486111111114 0.18101851851851852 0.08868055555555561
1 0.3700810185185185 0.11978587962962964 0.11568287037037042 0.05050925925925927
1 0.2902199074074074 0.16210069444444444 0.059837962962962975 0.0581134259259259
5 0.597482638888889 0.08673611111111111 0.12222222222222215 0.05869212962962964
5 0.6310185185185185 0.3157233796296296 0.10017361111111107 0.05270833333333336
6 0.5537326388888889 0.3641493055555556 0.12592592592592594 0.07450231481481487