4 0.29470486111111105 0.5882349537037037 0.46498842592592593 0.22087962962962954
3 0.5277199074074075 0.6531597222222223 0.1642939814814815 0.10016203703703716
2 0.9640046296296297 0.36538194444444444 0.04270833333333357 0.058657407407407366
2 0.6336226851851852 0.2773842592592593 0.05873842592592595 0.07052083333333332
2 0.8130497685185185 0.1264351851851852 0.06429398148148166 0.0942361111111111
2 0.6421006944444445 0.7640914351851852 0.2434606481481481 0.13291666666666674
4 0.21012731481481478 0.8091782407407407 0.31603009259259257 0.24011574074074069
4 0.4932581018518518 0.3418287037037037 0.3622685185185185 0.1836111111111111
6 0.7710358796296296 0.22948495370370373 0.3458912037037038 0.2044675925925926
4 0.2775462962962963 0.09828703703703703 0.45428240740740744 0.19657407407407407
4 0.07618634259259259 0.45051504629629624 0.15237268518518518 0.12084490740740747