4 0.2046064814814815 0.6258969907407408 0.40087962962962964 0.6950810185185186
3 0.6544270833333334 0.3467534722222222 0.09003472222222228 0.06628472222222222
3 0.5844155092592593 0.3675868055555555 0.09194444444444443 0.0897337962962963
3 0.5820717592592592 0.2621238425925926 0.07275462962962961 0.05990740740740739
4 0.1209664351851852 0.20229745370370372 0.2169328703703704 0.40459490740740744
4 0.3289814814814815 0.16244791666666666 0.207962962962963 0.32489583333333333
4 0.49677083333333333 0.4112094907407407 0.20527777777777773 0.3577314814814816
4 0.7297916666666667 0.84546875 0.18567129629629625 0.2997800925925926
0 0.8274594907407409 0.5290856481481482 0.2709837962962965 0.4691435185185185
2 0.8572337962962961 0.27102430555555557 0.08804398148148138 0.14282407407407405
2 0.9692476851851852 0.13579282407407406 0.06150462962962955 0.15202546296296293