3 0.9041666666666668 0.7226851851851851 0.11062500000000028 0.1630787037037038
3 0.9371875 0.8147569444444445 0.02708333333333357 0.07893518518518512
3 0.7181770833333333 0.64609375 0.13052083333333328 0.11082175925925916
3 0.6034375 0.06464120370370371 0.043020833333333286 0.03744212962962963
3 0.67234375 0.05309606481481481 0.039270833333333324 0.027951388888888883
3 0.6241666666666668 0.10613425925925926 0.03739583333333343 0.04658564814814818
3 0.54578125 0.1423900462962963 0.03979166666666671 0.03576388888888889
3 0.5856770833333333 0.13133680555555555 0.03166666666666664 0.030787037037037022
3 0.5736979166666667 0.06432291666666667 0.028541666666666642 0.03067129629629628
3 0.5536979166666667 0.08237847222222223 0.035104166666666714 0.03559027777777777
3 0.5348958333333333 0.11770833333333335 0.039999999999999855 0.03888888888888888
3 0.5058854166666666 0.1064525462962963 0.04354166666666668 0.04525462962962963
3 0.5105208333333333 0.14265046296296297 0.03614583333333332 0.027835648148148186
3 0.4755208333333334 0.11550925925925926 0.030520833333333285 0.036979166666666695
3 0.41218750000000004 0.12569444444444444 0.04499999999999993 0.04375
3 0.374375 0.14074074074074075 0.041770833333333354 0.04207175925925925
3 0.39484375 0.1861400462962963 0.05270833333333336 0.04247685185185186
3 0.38114583333333335 0.20364583333333336 0.044479166666666715 0.0359375
3 0.32354166666666667 0.12789351851851852 0.06937499999999996 0.058680555555555534
3 0.2965625 0.20364583333333336 0.05333333333333332 0.051851851851851816
3 0.2921875 0.16354166666666667 0.05135416666666668 0.04554398148148149
3 0.24411458333333336 0.13278356481481482 0.057499999999999926 0.044212962962962975
3 0.23895833333333333 0.16313657407407406 0.041145833333333305 0.03269675925925926
3 0.20593750000000002 0.17679398148148148 0.046666666666666676 0.04537037037037037
3 0.1775 0.1921875 0.03937499999999998 0.05289351851851851
3 0.14567708333333335 0.18787615740740743 0.06739583333333332 0.07575231481481484
3 0.10218750000000001 0.18234953703703705 0.047083333333333324 0.05162037037037037
3 0.08760416666666666 0.22488425925925926 0.05052083333333335 0.05642361111111116
3 0.07036458333333333 0.18978587962962962 0.04302083333333333 0.03744212962962967
3 0.23401041666666664 0.21385995370370373 0.06468749999999997 0.058506944444444466
3 0.10942708333333333 0.5906539351851852 0.20854166666666663 0.13553240740740743
3 0.09216145833333333 0.7714988425925926 0.18432291666666667 0.15532407407407406
3 0.19578125000000002 0.6463252314814815 0.1421875 0.09878472222222215
3 0.23796875 0.4834201388888889 0.06854166666666668 0.06956018518518511
3 0.16739583333333333 0.4847222222222222 0.10020833333333332 0.07696759259259256
3 0.115625 0.3919560185185185 0.10166666666666666 0.12222222222222232
3 0.19270833333333331 0.3752314814814815 0.10427083333333331 0.11452546296296298
3 0.2783333333333333 0.782523148148148 0.2319791666666667 0.2065393518518519
3 0.4213541666666667 0.7752893518518518 0.05718750000000004 0.06290509259259255
3 0.41656250000000006 0.9664641203703704 0.11645833333333329 0.06707175925925916
3 0.30979166666666663 0.9964699074074075 0.03729166666666668 0.007060185185185119
3 0.34703125 0.950318287037037 0.06208333333333336 0.04282407407407405
3 0.30822916666666667 0.9449652777777778 0.039583333333333394 0.03263888888888857
3 0.30828125 0.9089409722222221 0.04041666666666668 0.045138888888888576
3 0.36151041666666667 0.8975983796296296 0.0578125 0.04890046296296298
3 0.41317708333333336 0.8744502314814815 0.06302083333333339 0.05688657407407405
3 0.46843749999999995 0.844386574074074 0.058645833333333286 0.061400462962962976
3 0.38708333333333333 0.654976851851852 0.078125 0.07303240740740727
3 0.5450520833333333 0.6819733796296296 0.19197916666666667 0.167650462962963
3 0.5288020833333333 0.5497974537037037 0.07520833333333332 0.0760416666666666
3 0.6256770833333334 0.49464699074074076 0.1229166666666666 0.137037037037037
3 0.7448958333333333 0.7739583333333333 0.05666666666666664 0.05509259259259256
3 0.7372916666666667 0.7235532407407408 0.06812500000000003 0.06331018518518512
3 0.7084374999999999 0.7569444444444444 0.03677083333333329 0.0372106481481481
3 0.70140625 0.7214409722222221 0.04104166666666664 0.031134259259259167
3 0.665625 0.7647569444444444 0.03979166666666671 0.03576388888888893
3 0.6206250000000001 0.7466435185185185 0.04770833333333328 0.060995370370370415
3 0.8940625000000001 0.2986111111111111 0.12802083333333342 0.16684027777777777
3 0.13348958333333333 0.9887731481481481 0.09406249999999998 0.02245370370370381
3 0.23708333333333337 0.9603298611111111 0.08249999999999993 0.07934027777777786
6 0.04416666666666667 0.38871527777777776 0.08833333333333333 0.19305555555555554
6 0.40536458333333336 0.48648726851851853 0.12458333333333335 0.18541666666666662
6 0.46838541666666667 0.4105034722222222 0.1630208333333334 0.17748842592592595
6 0.43062500000000004 0.2720486111111111 0.12072916666666664 0.15098379629629627
6 0.5761979166666666 0.2852719907407407 0.13843750000000005 0.1594328703703704
6 0.56171875 0.44372106481481477 0.11895833333333332 0.14780092592592595
3 0.6266145833333333 0.621556712962963 0.08239583333333336 0.0903356481481481
3 0.6568229166666667 0.5913483796296296 0.0546875 0.048784722222222146
3 0.7053645833333333 0.5563368055555555 0.050833333333333286 0.03773148148148149
2 0.8340624999999999 0.8931712962962962 0.11416666666666657 0.12268518518518548
2 0.7714583333333334 0.9041666666666666 0.051458333333333425 0.07048611111111107
3 0.7000520833333332 0.8709780092592592 0.06322916666666671 0.08339120370370381
3 0.7466666666666667 0.8296296296296296 0.08625000000000008 0.10138888888888893
3 0.6058333333333333 0.9387297453703705 0.15552083333333327 0.12254050925925916
3 0.48651041666666667 0.9609664351851851 0.05124999999999993 0.04398148148148166
3 0.49458333333333326 0.8163773148148149 0.04802083333333336 0.042303240740740475
3 0.43838541666666675 0.9309895833333334 0.04562500000000007 0.053125
3 0.7851041666666667 0.5585069444444445 0.059791666666666646 0.055208333333333214
3 0.8096875000000001 0.5186921296296296 0.04312499999999986 0.039004629629629764
3 0.8034375 0.48321759259259256 0.031562499999999716 0.029224537037037025
3 0.82484375 0.45581597222222225 0.04052083333333343 0.04670138888888893
3 0.8231770833333332 0.37508680555555557 0.04874999999999972 0.05324074074074074
3 0.8179166666666667 0.24253472222222222 0.06708333333333343 0.07106481481481479
3 0.7663020833333333 0.3236400462962963 0.051458333333333425 0.047106481481481485
3 0.6955208333333334 0.2458333333333333 0.04354166666666668 0.04525462962962958
3 0.6511979166666666 0.2763020833333333 0.050729166666666714 0.05954861111111107
3 0.9343229166666667 0.5640335648148149 0.05031250000000007 0.053298611111111074
3 0.9142187499999999 0.48967013888888894 0.03343750000000014 0.03396990740740726
3 0.8716145833333332 0.506105324074074 0.04125000000000014 0.03425925925925917