4 0.2260300925925926 0.8892939814814815 0.2633333333333333 0.22141203703703702
6 0.16701967592592593 0.25894097222222223 0.20673611111111115 0.2859953703703704
0 0.724392361111111 0.6603587962962963 0.13895833333333343 0.19230324074074084
0 0.8637615740740742 0.940089699074074 0.1189004629629629 0.11982060185185191
4 0.6873148148148148 0.8878472222222223 0.10623842592592592 0.19143518518518512
4 0.53359375 0.5645543981481481 0.12104166666666671 0.2049768518518519
4 0.20186921296296298 0.6107638888888889 0.3596643518518518 0.47777777777777786
6 0.3933912037037037 0.9797164351851851 0.12548611111111113 0.04056712962962976
0 0.7210416666666666 0.24942129629629628 0.1586342592592592 0.2093171296296296
4 0.6109490740740741 0.596730324074074 0.12259259259259263 0.17864583333333323
4 0.29374421296296294 0.11354166666666668 0.13802083333333331 0.1502314814814815
6 0.058125 0.19331597222222224 0.10791666666666666 0.24600694444444446