4 0.7884085648148148 0.8792534722222222 0.33447916666666677 0.24149305555555572
6 0.7073495370370371 0.6516666666666666 0.21703703703703708 0.29046296296296303
6 0.5773668981481481 0.6943113425925926 0.21465277777777772 0.3029166666666665
2 0.08028935185185185 0.4132696759259259 0.12369212962962964 0.16418981481481493
2 0.09664930555555555 0.3087326388888889 0.1249537037037037 0.10644675925925924
2 0.2696006944444444 0.266724537037037 0.09692129629629634 0.1075925925925926
6 0.5471296296296296 0.47883101851851856 0.12681712962962965 0.16423611111111108
6 0.6766319444444445 0.37831597222222224 0.12416666666666672 0.19854166666666667
6 0.511724537037037 0.20541087962962962 0.19826388888888893 0.23710648148148153
6 0.20478009259259258 0.634837962962963 0.176863425925926 0.2711342592592592
6 0.4223032407407407 0.5004398148148148 0.26394675925925937 0.370775462962963
1 0.33403356481481483 0.6836689814814815 0.09039351851851851 0.10281249999999993
5 0.036973379629629634 0.4811516203703704 0.07394675925925927 0.3466782407407408
5 0.10172453703703703 0.05155092592592593 0.12511574074074075 0.056493055555555546
5 0.09914930555555555 0.16098379629629628 0.0565625 0.08513888888888888
5 0.11567708333333333 0.09320023148148147 0.05224537037037038 0.09131944444444444
4 0.3172800925925926 0.10869791666666666 0.14548611111111107 0.18949074074074074
6 0.08579282407407407 0.861400462962963 0.11608796296296298 0.22027777777777793
5 0.044939236111111114 0.7564988425925925 0.08987847222222223 0.19550925925925924