6 0.7855208333333333 0.3758101851851852 0.18354166666666671 0.2515046296296296
6 0.7863020833333334 0.12181712962962962 0.2163541666666667 0.24363425925925924
6 0.86953125 0.7666377314814815 0.1466666666666665 0.30625
1 0.8731770833333332 0.5746238425925926 0.09666666666666686 0.11736111111111107
3 0.8065104166666666 0.5614293981481481 0.07427083333333329 0.10873842592592595
0 0.7012499999999999 0.5214699074074074 0.08385416666666679 0.1122106481481481
0 0.6720312500000001 0.6235821759259259 0.0966666666666665 0.14074074074074083
0 0.5883333333333333 0.5428819444444445 0.051458333333333425 0.07048611111111107
5 0.57578125 0.3546006944444445 0.17937499999999992 0.23576388888888894
6 0.5639062499999999 0.22346643518518522 0.11364583333333336 0.09149305555555554
4 0.054843750000000004 0.22352430555555552 0.09572916666666667 0.24357638888888894
2 0.2384375 0.26371527777777776 0.07958333333333334 0.11828703703703702
0 0.06427083333333333 0.5528935185185185 0.06395833333333331 0.14108796296296297
0 0.15838541666666667 0.7076099537037037 0.11041666666666665 0.11319444444444446
0 0.12817708333333333 0.6186631944444445 0.05791666666666666 0.09722222222222214