3 0.6077546296296296 0.8547511574074074 0.2429398148148149 0.27688657407407397
3 0.616724537037037 0.5059895833333334 0.1078125 0.17025462962962976
3 0.7545717592592592 0.3444849537037037 0.1560185185185185 0.16472222222222221
3 0.5629340277777778 0.2144386574074074 0.1260416666666666 0.1564699074074074
3 0.5445023148148148 0.1388888888888889 0.096875 0.12792824074074077
3 0.4453414351851852 0.3107638888888889 0.1840856481481481 0.2479050925925926
3 0.32543402777777775 0.13353587962962962 0.2075810185185185 0.2076504629629629
3 0.11102430555555556 0.10622685185185185 0.12118055555555554 0.06738425925925924
3 0.25014467592592593 0.06351851851851852 0.1999421296296296 0.08572916666666666
3 0.06585648148148149 0.23743634259259258 0.07835648148148149 0.0917361111111111
3 0.09716435185185185 0.4706944444444444 0.1648148148148148 0.1492361111111112
3 0.836863425925926 0.5191435185185185 0.09224537037037024 0.08725694444444443
3 0.8836226851851852 0.6630613425925926 0.0940393518518519 0.13569444444444442
3 0.9430266203703704 0.7473842592592592 0.09438657407407405 0.10290509259259259
3 0.94921875 0.5524710648148148 0.1015625 0.20644675925925923
3 0.9965277777777779 0.7979398148148148 0.006944444444444286 0.1442592592592593