5 0.08256944444444445 0.3522222222222222 0.15988425925925925 0.12200231481481491
5 0.4033217592592592 0.6258912037037037 0.10857638888888896 0.07105324074074079
5 0.13835069444444445 0.16468750000000001 0.1274421296296296 0.12655092592592593
5 0.8090798611111112 0.5097916666666666 0.2668055555555554 0.19141203703703696
5 0.8360648148148149 0.9139872685185185 0.14258101851851848 0.06658564814814838
5 0.43189236111111107 0.3421238425925926 0.14305555555555555 0.10087962962962962
0 0.8925578703703703 0.7805613425925927 0.13655092592592588 0.1488310185185185
5 0.2254108796296296 0.6527141203703704 0.173275462962963 0.058831018518518616
0 0.9373611111111112 0.47412615740740743 0.07594907407407411 0.07247685185185179
1 0.4376678240740741 0.5884895833333333 0.07438657407407412 0.07239583333333321
1 0.5206828703703704 0.549693287037037 0.09781250000000004 0.04712962962962965
0 0.6652604166666667 0.55640625 0.0858680555555555 0.05585648148148152
1 0.8974942129629631 0.41955439814814816 0.08283564814814817 0.05725694444444436
2 0.9147627314814816 0.23394097222222224 0.13902777777777758 0.13805555555555554
4 0.8166261574074074 0.06506944444444444 0.3073726851851852 0.061111111111111116
4 0.4831423611111111 0.11203703703703705 0.4462152777777778 0.19604166666666667
5 0.10195023148148148 0.27642939814814815 0.12033564814814816 0.05920138888888893
4 0.25443865740740745 0.4802488425925926 0.39585648148148145 0.2136805555555556
5 0.06844907407407408 0.6962962962962964 0.10434027777777777 0.05214120370370381
5 0.1949826388888889 0.7694675925925927 0.16564814814814816 0.061550925925925884
5 0.04623842592592593 0.7329976851851852 0.09247685185185187 0.04950231481481495
5 0.05449652777777778 0.8012094907407408 0.10899305555555557 0.05893518518518519
5 0.5602256944444445 0.7155266203703704 0.4392129629629629 0.15673611111111113
5 0.640462962962963 0.6178125 0.31327546296296305 0.10814814814814824
5 0.7997916666666667 0.6268576388888889 0.11059027777777786 0.052465277777777784
4 0.9273726851851851 0.6162326388888889 0.08247685185185176 0.07748842592592595
5 0.6519328703703703 0.8738773148148148 0.17466435185185175 0.08226851851851862
5 0.7076967592592592 0.9378935185185184 0.12971064814814817 0.059687500000000074
5 0.5367418981481482 0.9266782407407408 0.0959837962962963 0.06884259259259266
5 0.5425520833333334 0.9767997685185186 0.09901620370370381 0.04640046296296276
5 0.05257523148148149 0.6335648148148147 0.08337962962962964 0.04015046296296294
5 0.05673611111111111 0.550306712962963 0.11347222222222222 0.07679398148148149
5 0.20047453703703705 0.6106712962962962 0.10635416666666667 0.03355324074074062
5 0.2798553240740741 0.9936342592592592 0.08447916666666666 0.012731481481481666
5 0.3191087962962963 0.9833738425925926 0.04937500000000004 0.03325231481481481
5 0.6190625000000001 0.9928414351851853 0.06931712962962955 0.014317129629629477
4 0.9268287037037037 0.9163425925925927 0.04689814814814817 0.05539351851851855
0 0.7461400462962963 0.7784548611111111 0.1959143518518518 0.1254282407407409
4 0.6983159722222222 0.3159722222222222 0.42567129629629646 0.2962268518518519
4 0.6133043981481482 0.19009837962962964 0.2858217592592592 0.17059027777777777