4 0.14859375000000002 0.8219618055555555 0.1988541666666667 0.17170138888888892
4 0.5290625 0.7136226851851852 0.37406249999999996 0.1761226851851852
5 0.39734375 0.8951562500000001 0.2026041666666666 0.2045254629629632
5 0.05072916666666667 0.22160879629629632 0.07635416666666668 0.06771990740740738
4 0.39130208333333333 0.476244212962963 0.17125000000000004 0.1324537037037036
4 0.4181770833333333 0.08210069444444444 0.2763541666666667 0.1629050925925926
5 0.15369791666666666 0.03170138888888889 0.1292708333333333 0.06340277777777778
5 0.13135416666666666 0.15300925925925926 0.14833333333333334 0.06981481481481482
4 0.9622916666666667 0.47188078703703706 0.07541666666666665 0.12732638888888897
0 0.7891666666666667 0.8164351851851851 0.13489583333333338 0.07908564814814838
0 0.94609375 0.808136574074074 0.1078125 0.06034722222222229
0 0.9676562499999999 0.7555324074074073 0.06468750000000015 0.04456018518518512
5 0.06166666666666666 0.3973958333333333 0.07614583333333333 0.11144675925925931
4 0.5753645833333334 0.25914930555555554 0.37385416666666665 0.12614583333333335
5 0.944609375 0.18443865740740742 0.11078125000000014 0.1446296296296296
1 0.7777083333333333 0.3748958333333333 0.221875 0.1421990740740741
4 0.7490625 0.9652430555555556 0.19458333333333327 0.0607870370370371
4 0.8947916666666667 0.9586921296296296 0.08354166666666671 0.05840277777777771