5 0.8760243055555555 0.6855844907407407 0.2273263888888888 0.45785879629629633
6 0.6717361111111111 0.4230787037037037 0.5193055555555555 0.7318518518518518
6 0.40934027777777776 0.24685763888888887 0.4094444444444445 0.49371527777777774
5 0.8763541666666667 0.28408564814814813 0.2447916666666668 0.47048611111111116
4 0.8718402777777777 0.3114583333333333 0.21357638888888886 0.33121527777777776
6 0.12435763888888889 0.8715914351851852 0.18690972222222224 0.2560300925925926
6 0.16680555555555557 0.5783564814814814 0.31854166666666667 0.5553935185185186
6 0.017256944444444443 0.27954861111111107 0.034513888888888886 0.29090277777777784
6 0.08576388888888889 0.33840856481481485 0.17152777777777778 0.22630787037037034
6 0.5343576388888889 0.8755844907407407 0.21628472222222223 0.2421875
5 0.3614583333333333 0.6768981481481481 0.21784722222222222 0.3125