5 0.05588541666666667 0.13534722222222223 0.11177083333333333 0.16756944444444444
4 0.1545138888888889 0.29258680555555555 0.19885416666666664 0.2287152777777778
4 0.38876736111111115 0.11199652777777777 0.20684027777777772 0.19788194444444446
5 0.06037326388888888 0.5556423611111111 0.12074652777777777 0.25114583333333335
5 0.54 0.9399739583333332 0.1375694444444445 0.12005208333333357
4 0.23057291666666666 0.5715104166666667 0.1926388888888889 0.26430555555555557
5 0.21104166666666666 0.1831597222222222 0.1948611111111111 0.24413194444444444
4 0.5202951388888889 0.11157986111111111 0.11878472222222225 0.18149305555555553
1 0.506875 0.5015972222222222 0.10055555555555565 0.15729166666666677
2 0.44586805555555553 0.2890972222222222 0.0660069444444444 0.11677083333333335
3 0.5281597222222223 0.2340451388888889 0.03631944444444457 0.04527777777777775
4 0.4843576388888889 0.2861111111111111 0.050694444444444466 0.0880208333333333
4 0.47501736111111115 0.3905902777777778 0.07989583333333332 0.07840277777777782
5 0.4109201388888889 0.5646527777777778 0.08552083333333335 0.13479166666666664
4 0.5769965277777778 0.5266319444444444 0.19420138888888888 0.40472222222222226
4 0.7325694444444444 0.17894097222222222 0.19736111111111115 0.30038194444444444
5 0.6126388888888888 0.7638368055555554 0.10864583333333329 0.16388888888888892
5 0.0365625 0.33468749999999997 0.073125 0.16312499999999996