5 0.047280092592592596 0.9013310185185185 0.09456018518518519 0.15659722222222214
5 0.03249421296296296 0.7203703703703703 0.06498842592592592 0.22511574074074064
5 0.44620949074074073 0.6682002314814814 0.13373842592592594 0.2405671296296296
4 0.8258969907407406 0.30205439814814816 0.3078125 0.47482638888888884
2 0.3252604166666667 0.15286458333333336 0.1338541666666666 0.28582175925925923
1 0.40873842592592596 0.3491898148148148 0.1543981481481481 0.25069444444444444
1 0.45425347222222223 0.07080439814814815 0.18211805555555555 0.1144097222222222
6 0.5906539351851852 0.8448784722222221 0.1492476851851851 0.23802083333333357
6 0.6839409722222223 0.818605324074074 0.1 0.2143518518518519
6 0.5206018518518519 0.9722511574074074 0.062152777777777855 0.05549768518518512
6 0.4769675925925926 0.9044849537037039 0.12175925925925916 0.19103009259259238
6 0.5988715277777777 0.5596354166666666 0.09265046296296298 0.14230324074074083
6 0.7007523148148148 0.5125578703703704 0.183912037037037 0.3313657407407408
2 0.2189236111111111 0.9116898148148149 0.06371527777777777 0.07725694444444428
2 0.22170138888888888 0.7733217592592593 0.07355324074074074 0.13223379629629636
5 0.17673611111111112 0.93125 0.07476851851851851 0.12291666666666679
1 0.24175347222222224 0.5276331018518519 0.09496527777777777 0.16267361111111106
0 0.08055555555555556 0.4445891203703704 0.16111111111111112 0.3079282407407408
1 0.11195023148148149 0.06125578703703703 0.17922453703703703 0.12054398148148146
5 0.16273148148148148 0.18987268518518516 0.10931712962962958 0.17100694444444448
5 0.13420138888888888 0.7067129629629629 0.08043981481481484 0.10752314814814809
5 0.12702546296296297 0.900462962962963 0.06284722222222223 0.09594907407407405
5 0.10833333333333332 0.961574074074074 0.08923611111111111 0.050115740740740836
5 0.287962962962963 0.7163194444444445 0.0640625 0.1708912037037038
4 0.3760706018518518 0.9486979166666668 0.12297453703703702 0.10260416666666643