3 0.8975694444444443 0.17164930555555555 0.08614583333333314 0.07684027777777783
3 0.9464930555555554 0.11112847222222222 0.06763888888888872 0.04677083333333334
3 0.9024131944444445 0.08708333333333333 0.060104166666666715 0.052847222222222226
3 0.9461284722222221 0.3668576388888889 0.052430555555555716 0.055798611111111104
3 0.7979861111111111 0.39439236111111114 0.12232638888888907 0.11822916666666669
3 0.8095833333333333 0.5849479166666667 0.08343750000000014 0.08614583333333332
3 0.9668749999999999 0.4491666666666667 0.06625000000000014 0.05635416666666657
3 0.94703125 0.42236111111111113 0.05493055555555557 0.04180555555555543
3 0.9818055555555556 0.1767013888888889 0.036388888888888714 0.06659722222222224
3 0.9808506944444446 0.09230902777777779 0.03829861111111086 0.05406249999999999
3 0.7877083333333333 0.12795138888888888 0.054548611111111 0.06833333333333336
3 0.8034375 0.05956597222222222 0.06350694444444435 0.05916666666666668
3 0.5592881944444444 0.4606944444444444 0.07093749999999996 0.0858680555555555
3 0.33772569444444445 0.08555555555555557 0.040277777777777767 0.06333333333333332
3 0.47470486111111115 0.04032118055555556 0.050833333333333286 0.08064236111111112
3 0.3363541666666666 0.005902777777777778 0.04770833333333328 0.011805555555555555
3 0.29527777777777775 0.031440972222222224 0.0624305555555555 0.06288194444444445
3 0.32395833333333335 0.3564409722222222 0.05625 0.0714930555555556
3 0.35696180555555557 0.37760416666666663 0.047534722222222214 0.051006944444444445
3 0.3565625 0.3158333333333333 0.03923611111111107 0.03989583333333328
3 0.39298611111111115 0.3259722222222222 0.052430555555555536 0.055798611111111104
3 0.40550347222222227 0.3084895833333333 0.05555555555555554 0.05586805555555561
3 0.4375347222222222 0.34296875 0.036250000000000074 0.04295138888888887
3 0.4827430555555555 0.16366319444444444 0.031145833333333428 0.033472222222222216
3 0.44281249999999994 0.145 0.04385416666666657 0.03843749999999999
3 0.5137326388888889 0.2098958333333333 0.02965277777777775 0.03499999999999996
3 0.5068055555555555 0.10682291666666668 0.03548611111111111 0.025763888888888874
3 0.4888715277777777 0.07281249999999999 0.042291666666666575 0.038402777777777786
3 0.5362326388888888 0.08270833333333333 0.05364583333333321 0.04802083333333333
3 0.509375 0.026631944444444444 0.04631944444444436 0.05326388888888889
3 0.16979166666666665 0.37159722222222225 0.08173611111111115 0.08298611111111107
3 0.21376736111111114 0.28772569444444446 0.04604166666666672 0.0525347222222222
3 0.16239583333333335 0.3107638888888889 0.07017361111111109 0.06868055555555559
3 0.2558506944444444 0.8826909722222223 0.0609375 0.07159722222222235
3 0.22854166666666664 0.9192708333333334 0.04250000000000007 0.04309027777777778
3 0.4076909722222222 0.8151909722222221 0.05385416666666672 0.05270833333333336
3 0.3242361111111111 0.9257465277777778 0.06861111111111118 0.06864583333333343
2 0.7130555555555556 0.8060590277777777 0.3627777777777778 0.3655208333333334
5 0.9120659722222222 0.8673263888888888 0.1585069444444443 0.22986111111111107
5 0.5231770833333333 0.9150694444444444 0.16440972222222214 0.15194444444444458
2 0.4962152777777778 0.713125 0.08486111111111114 0.08305555555555558
2 0.5480555555555556 0.7534201388888888 0.062013888888888855 0.060694444444444426
2 0.60328125 0.7819097222222222 0.03597222222222207 0.036701388888888783
3 0.4588541666666666 0.8578472222222222 0.07729166666666672 0.05322916666666657
3 0.6299305555555555 0.028133680555555558 0.06506944444444436 0.056267361111111115
3 0.7244965277777778 0.1309201388888889 0.048576388888889 0.07444444444444445
3 0.5818923611111112 0.19508680555555555 0.04562500000000007 0.0431597222222222
3 0.5585069444444445 0.24956597222222224 0.036250000000000074 0.04295138888888887
3 0.5631770833333334 0.16109374999999998 0.03298611111111107 0.03975694444444446
6 0.2204513888888889 0.6316666666666666 0.40465277777777775 0.4647916666666667