3 0.6519386574074074 0.15443287037037037 0.25040509259259275 0.24957175925925923
3 0.2509548611111111 0.26749999999999996 0.2872106481481482 0.2841666666666667
3 0.07569444444444444 0.37048032407407405 0.11388888888888889 0.23471064814814815
3 0.08495370370370373 0.5585185185185185 0.1 0.1732870370370371
3 0.15711805555555555 0.5871643518518519 0.061979166666666655 0.059247685185185264
3 0.20949074074074076 0.7688773148148147 0.12702546296296297 0.13888888888888892
3 0.08608217592592594 0.7523611111111111 0.07008101851851853 0.12659722222222225
3 0.07170138888888891 0.8839178240740739 0.021643518518518513 0.12408564814814796
3 0.371730324074074 0.8971846064814815 0.421875 0.20563078703703716
3 0.7569155092592593 0.815162037037037 0.15109953703703702 0.08565972222222236
3 0.7036747685185185 0.6637557870370371 0.13217592592592595 0.1453819444444445
3 0.939670138888889 0.5923726851851852 0.12065972222222214 0.1783333333333335
3 0.940769675925926 0.3974363425925926 0.08703703703703702 0.08233796296296295
3 0.9778501157407409 0.24550347222222224 0.044299768518518336 0.04946759259259261
3 0.9800636574074074 0.12263310185185186 0.03987268518518512 0.08343750000000001
3 0.4984953703703704 0.7200462962962962 0.07170138888888893 0.06442129629629641
3 0.5488425925925926 0.054918981481481485 0.20081018518518512 0.06333333333333332
3 0.8311921296296296 0.9700694444444444 0.0708912037037038 0.05986111111111114
3 0.6775462962962963 0.9308969907407407 0.07233796296296298 0.05200231481481481
3 0.7194444444444444 0.9956076388888888 0.06863425925925917 0.008784722222222286
3 0.6791377314814815 0.31149305555555556 0.1893518518518519 0.11877314814814817
3 0.76875 0.14492476851851852 0.10399305555555571 0.08010416666666664
3 0.7146122685185186 0.4541956018518519 0.05729166666666661 0.05900462962962969
3 0.6887731481481482 0.38903935185185184 0.06452546296296298 0.05159722222222225
3 0.659375 0.49646990740740743 0.059837962962962975 0.05135416666666668
3 0.238321253125 0.4637225671875 0.2346849171875 0.47533042812500004 0.22073090781250002 0.48678359843749996 0.214878103125 0.49702762187499994 0.21489976875 0.502232965625 0.217127640625 0.506336459375 0.21677723593749998 0.5106752453125 0.22566933749999998 0.522431803125 0.22755364375 0.532517875 0.227571890625 0.5369013234375 0.2202456203125 0.5472406624999999 0.21840122499999998 0.546743384375 0.21730667499999998 0.5493490515625 0.2187881203125 0.5511714953125 0.22320965468749998 0.5511595140625001 0.22764145 0.5536132234375 0.23062030937500003 0.5610936296875 0.2402428703125 0.5712957171874999 0.244303734375 0.57315683125 0.24800393281250002 0.57689104375 0.2572338953125 0.58129519375 0.27640603750000003 0.5841655734375 0.29113041562499997 0.58074673125 0.2966419390625 0.5770332171875 0.301801915625 0.577384528125 0.3025369375 0.576925921875 0.29957860625 0.574376896875 0.31942305000000004 0.5617205656250001 0.32417104218750004 0.551616521875 0.32857775 0.5480429890625 0.33262493125 0.5466165171874999 0.3278028171875 0.5389128000000001 0.27417278437500003 0.4902460421875 0.24015994687500003 0.4628500171875 0.238321253125 0.4637225671875
3 0.38761574074074073 0.4419097222222222 0.07569444444444447 0.05528935185185198
3 0.3440104166666667 0.2839988425925926 0.03101851851851851 0.04052083333333334
3 0.3272569444444445 0.25744791666666667 0.028761574074074047 0.031064814814814844
3 0.36061921296296295 0.08796296296296298 0.04178240740740744 0.05975694444444444