3 0.41509837962962964 0.49130208333333336 0.1598842592592593 0.20062499999999997
3 0.29817708333333337 0.15651041666666668 0.08581018518518517 0.06333333333333332
3 0.27626736111111116 0.20265624999999998 0.09157407407407411 0.05437500000000002
3 0.11152777777777778 0.60875 0.09392361111111111 0.09968749999999993
3 0.08558449074074075 0.39567708333333335 0.13989583333333333 0.2055208333333333
3 0.27112268518518523 0.8442708333333332 0.0787268518518518 0.07687499999999972
3 0.3827199074074074 0.9403124999999999 0.08201388888888897 0.08020833333333358
3 0.36268518518518517 0.7958333333333334 0.06714120370370366 0.06364583333333336
3 0.5297974537037037 0.9344270833333332 0.06994212962962969 0.05760416666666686
3 0.6201273148148149 0.7261458333333334 0.09534722222222225 0.06708333333333343
3 0.789699074074074 0.9272916666666667 0.11247685185185183 0.03708333333333336
3 0.9535243055555555 0.8513020833333332 0.08357638888888914 0.08031250000000015
3 0.8171875 0.2630208333333333 0.0810416666666665 0.06145833333333339
3 0.8519502314814815 0.7671354166666667 0.079965277777778 0.07072916666666665
3 0.7450289351851852 0.57984375 0.047824074074074116 0.051458333333333425
3 0.6186168981481481 0.50046875 0.07269675925925938 0.11072916666666668
3 0.5601851851851851 0.19 0.0842245370370371 0.0928125
3 0.5472800925925926 0.2888541666666667 0.062453703703703664 0.06333333333333328
3 0.5123842592592592 0.32645833333333335 0.06434027777777782 0.06968750000000004
3 0.4608043981481481 0.29932291666666666 0.06557870370370367 0.06354166666666661
3 0.42337384259259264 0.31828124999999996 0.06202546296296294 0.08510416666666672
3 0.3784143518518519 0.23739583333333333 0.11447916666666665 0.1057291666666667
3 0.41640046296296296 0.1384375 0.14349537037037036 0.12479166666666668
3 0.6321875 0.1271875 0.14408564814814823 0.10614583333333334
3 0.9242361111111113 0.0015104166666666697 0.11097222222222243 0.0030208333333333393
3 0.8447395833333333 0.09890625 0.16601851851851848 0.13875
3 0.9492361111111111 0.073125 0.08791666666666664 0.10395833333333333
3 0.9216840277777777 0.23723958333333334 0.07848379629629605 0.07218749999999999
3 0.7519907407407407 0.35125 0.09770833333333329 0.20270833333333335
3 0.9739583333333333 0.4153645833333333 0.05208333333333357 0.2609375
3 0.9246412037037036 0.6056250000000001 0.15071759259259282 0.3477083333333333
2 0.8697222222222223 0.5958333333333334 0.14366898148148124 0.21822916666666678
3 0.5882581018518518 0.9430729166666666 0.07562500000000014 0.047083333333333144
3 0.7151736111111111 0.6390625 0.044050925925925986 0.03874999999999993
3 0.7647569444444444 0.6428125 0.053182870370370415 0.03468750000000007
3 0.6946238425925927 0.3636979166666666 0.05210648148148138 0.04395833333333332
3 0.6930613425925926 0.46963541666666664 0.06649305555555554 0.051145833333333356
3 0.9970688657407407 0.8852083333333333 0.005862268518518477 0.05031249999999972
3 0.9469849537037037 0.9066145833333333 0.07810185185185184 0.034791666666666644
3 0.8897627314814816 0.8916145833333335 0.05997685185185162 0.07562500000000014
3 0.7991377314814815 0.89765625 0.05711805555555553 0.050520833333333216
3 0.5152256944444444 0.95578125 0.07637731481481484 0.031562499999999716
3 0.35617476851851854 0.6551562499999999 0.10771990740740733 0.12552083333333322
3 0.6677025462962962 0.29807291666666663 0.05760416666666668 0.05989583333333339
3 0.6249768518518518 0.41145833333333337 0.05523148148148138 0.044166666666666646
3 0.664074074074074 0.047760416666666666 0.1343055555555555 0.09552083333333333