4 0.2390625 0.11015625 0.190625 0.15703125
5 0.1296875 0.1765625 0.215625 0.16796875
4 0.89453125 0.09140625 0.209375 0.1828125
4 0.5 0.75859375 0.57421875 0.20546875
5 0.05703125 0.940625 0.1140625 0.1171875
5 0.4390625 0.06953125 0.1640625 0.1171875
4 0.24765625 0.2609375 0.30625 0.14609375
4 0.0796875 0.34609375 0.159375 0.1328125
4 0.0828125 0.4609375 0.16484375 0.0765625
4 0.47265625 0.4953125 0.33203125 0.09140625
3 0.2078125 0.4703125 0.053125 0.025
4 0.16796875 0.64765625 0.24140625 0.11171875
6 0.35078125 0.94765625 0.4359375 0.1046875
0 0.4703125 0.1671875 0.15078125 0.11171875
4 0.63671875 0.0984375 0.21640625 0.13359375