2 0.8658854166666666 0.15218749999999998 0.2682291666666668 0.2995138888888889
2 0.9425000000000001 0.22147569444444443 0.11499999999999985 0.3630902777777778
2 0.3686111111111111 0.06236111111111111 0.30284722222222216 0.12472222222222222
2 0.5237326388888889 0.08522569444444444 0.2099652777777777 0.1704513888888889
6 0.71390625 0.08803819444444444 0.1570138888888888 0.16447916666666668
6 0.44046874999999996 0.7342534722222223 0.2861111111111111 0.33239583333333333
6 0.65453125 0.47815972222222225 0.39284722222222224 0.4182291666666666
6 0.7849479166666666 0.946736111111111 0.19399305555555557 0.04916666666666671
6 0.6247916666666666 0.9538541666666667 0.13305555555555557 0.04645833333333336
6 0.9010763888888889 0.8648611111111112 0.16798611111111122 0.20083333333333328
6 0.7303472222222223 0.7221527777777778 0.35288194444444443 0.39618055555555554
6 0.9290625 0.4778472222222222 0.14187499999999992 0.2570833333333333
6 0.4594270833333334 0.914236111111111 0.15753472222222217 0.14111111111111113
0 0.5182638888888889 0.3182638888888889 0.3525694444444444 0.42423611111111115
4 0.18520833333333334 0.6446180555555555 0.3354166666666667 0.529513888888889
6 0.15425347222222222 0.8816145833333333 0.12013888888888888 0.10670138888888872
5 0.31052083333333336 0.18815972222222221 0.1769444444444444 0.2620486111111111
6 0.17907986111111113 0.0371875 0.18940972222222224 0.074375
6 0.11289930555555557 0.23295138888888892 0.14805555555555552 0.1734375
4 0.3423090277777778 0.6039756944444445 0.3901041666666666 0.4617708333333333