5 0.29973958333333334 0.8492708333333333 0.15434027777777776 0.16817129629629618
5 0.06304976851851851 0.4135416666666666 0.12609953703703702 0.12689814814814823
1 0.18151041666666665 0.2151099537037037 0.08559027777777777 0.0799074074074074
0 0.45879629629629626 0.042847222222222224 0.17303240740740744 0.041435185185185186
5 0.5925347222222223 0.4485185185185185 0.31811342592592595 0.1700810185185185
5 0.21493055555555554 0.4331886574074074 0.22719907407407405 0.15689814814814812
5 0.14690393518518519 0.0713425925925926 0.14357638888888888 0.08802083333333335
5 0.5197337962962962 0.23671875 0.0799189814814815 0.05306712962962958
5 0.4349247685185185 0.1800173611111111 0.0828125 0.04700231481481483
5 0.380005787037037 0.20416666666666666 0.07598379629629637 0.07310185185185185
5 0.44285300925925936 0.21963541666666667 0.06574074074074084 0.049108796296296296
5 0.34644097222222225 0.15911458333333334 0.08790509259259256 0.058217592592592605
0 0.33067129629629627 0.22551504629629632 0.08912037037037042 0.09103009259259257
5 0.3446180555555555 0.4408738425925926 0.061979166666666606 0.07383101851851848
5 0.4064236111111111 0.4421875 0.12170138888888893 0.08672453703703695
5 0.36160300925925926 0.5530613425925927 0.14097222222222214 0.10189814814814824
5 0.37277199074074074 0.6108796296296296 0.16475694444444447 0.11266203703703717
5 0.21533564814814815 0.5702314814814814 0.07534722222222223 0.055914351851851764
5 0.2808159722222222 0.5991666666666667 0.08292824074074075 0.050127314814814736
5 0.16663773148148148 0.6589525462962963 0.09282407407407404 0.06474537037037038
5 0.16652199074074076 0.7254976851851852 0.0723958333333333 0.060416666666666785
5 0.5324652777777777 0.823130787037037 0.2489583333333334 0.1971643518518519
0 0.7359953703703704 0.824230324074074 0.12511574074074083 0.09472222222222229
4 0.11208043981481482 0.4993171296296296 0.22416087962962963 0.15166666666666656
5 0.5300347222222223 0.31797453703703704 0.10358796296296298 0.06070601851851851
4 0.5181423611111111 0.3642476851851852 0.09953703703703702 0.07761574074074078