4 0.19296875 0.19651041666666666 0.2328125 0.3764583333333333
4 0.02421875 0.10385416666666666 0.0484375 0.13604166666666667
4 0.05078125 0.4434895833333333 0.1015625 0.1880208333333334
4 0.08515625 0.5857291666666666 0.096875 0.15802083333333333
4 0.0546875 0.7119791666666666 0.0984375 0.15031250000000007
6 0.41640625 0.4097395833333334 0.2078125 0.3622916666666667
6 0.37265625 0.66890625 0.1765625 0.2617708333333333
4 0.65546875 0.6656770833333334 0.1140625 0.1951041666666667
4 0.62734375 0.5495833333333333 0.0984375 0.14250000000000007
6 0.50390625 0.76953125 0.1265625 0.23812500000000014
0 0.796875 0.2390625 0.128125 0.2507291666666667
5 0.86875 0.46786458333333336 0.1765625 0.31489583333333326