5 0.1680150462962963 0.15630787037037036 0.29184027777777777 0.24266203703703706
5 0.6614872685185185 0.10540509259259259 0.38547453703703705 0.1830324074074074
5 0.17688078703703705 0.49277199074074074 0.1486111111111111 0.09800925925925927
1 0.40733796296296293 0.5144212962962963 0.14130787037037038 0.07751157407407412
1 0.44399305555555557 0.4390625 0.11434027777777782 0.068912037037037
1 0.5740972222222223 0.4358969907407408 0.15189814814814823 0.10122685185185176
1 0.5798784722222223 0.5624363425925927 0.20240740740740754 0.08244212962962968
1 0.4110243055555555 0.5855150462962962 0.158414351851852 0.07645833333333343
1 0.568431712962963 0.6876851851851852 0.09831018518518526 0.06063657407407419
1 0.3511458333333334 0.7545717592592592 0.16474537037037038 0.07820601851851858
1 0.42714120370370373 0.8512094907407409 0.09971064814814809 0.05755787037037052
1 0.5083738425925926 0.8231944444444445 0.07667824074074084 0.06467592592592589
1 0.5048611111111111 0.9510185185185186 0.17978009259259267 0.09737268518518505
1 0.6645601851851852 0.6460706018518518 0.15124999999999994 0.08872685185185177
5 0.9488599537037036 0.16164930555555554 0.10228009259259281 0.11721064814814816
4 0.9535069444444446 0.3702199074074074 0.09298611111111085 0.1156944444444444
4 0.7925405092592592 0.36124421296296294 0.19798611111111092 0.26796296296296307
4 0.9464293981481482 0.49413773148148143 0.10714120370370353 0.1272337962962963
4 0.492349537037037 0.3336284722222222 0.16084490740740734 0.12333333333333334
5 0.31080439814814814 0.44291666666666674 0.12994212962962964 0.09901620370370381
5 0.18827546296296296 0.38156249999999997 0.14228009259259258 0.09626157407407412
0 0.08745949074074075 0.42303819444444446 0.13077546296296297 0.08499999999999996
5 0.35304976851851855 0.6859837962962964 0.13562499999999994 0.08826388888888878
5 0.2331886574074074 0.6309490740740741 0.12503472222222226 0.06454861111111114
5 0.16056712962962966 0.5843344907407408 0.09831018518518517 0.06063657407407419
5 0.2547280092592593 0.85078125 0.13300925925925924 0.06790509259259245
5 0.9151070601851853 0.930474537037037 0.1697858796296295 0.10656249999999971