5 0.14646990740740742 0.8529745370370371 0.2359027777777778 0.15168981481481475
4 0.9449594907407407 0.45092013888888893 0.07297453703703702 0.17234953703703706
5 0.6431886574074074 0.07588541666666668 0.2823726851851852 0.14422453703703703
5 0.9295196759259259 0.2663599537037037 0.12297453703703702 0.17271990740740736
0 0.1812615740740741 0.12170138888888889 0.29997685185185186 0.24275462962962963
0 0.4651041666666667 0.17929398148148148 0.25578703703703703 0.17370370370370375
4 0.625925925925926 0.24300925925925926 0.1767129629629629 0.1246990740740741
4 0.8892418981481482 0.18399884259259258 0.20842592592592588 0.16398148148148145
0 0.8220023148148149 0.38045138888888885 0.32116898148148143 0.16950231481481487
5 0.8278472222222222 0.4938194444444445 0.13168981481481482 0.06969907407407412
4 0.9131134259259259 0.5827662037037037 0.11383101851851833 0.08674768518518512
0 0.5467881944444445 0.5784895833333333 0.36211805555555543 0.1760532407407407
0 0.8184664351851852 0.7500983796296297 0.23821759259259245 0.1360879629629629
5 0.47618634259259257 0.8397858796296296 0.5490625000000001 0.25709490740740754
6 0.6056539351851852 0.9773900462962963 0.44626157407407413 0.045219907407407334
4 0.6073784722222222 0.9742650462962963 0.44971064814814826 0.05146990740740733
1 0.5817245370370371 0.5076273148148148 0.19284722222222223 0.10451388888888893