4 0.7848032407407407 0.44241319444444444 0.254826388888889 0.43194444444444446
4 0.06369791666666666 0.09128472222222223 0.11635416666666668 0.18256944444444445
5 0.15586805555555555 0.1675173611111111 0.14548611111111107 0.1671875
4 0.14278935185185188 0.398125 0.11559027777777779 0.2648958333333333
4 0.49454282407407407 0.884513888888889 0.18896990740740732 0.21187499999999987
0 0.18924768518518517 0.8327430555555555 0.2524074074074074 0.2976041666666667
1 0.1905150462962963 0.5001215277777777 0.15592592592592594 0.2033333333333333
4 0.32896412037037037 0.15354166666666666 0.18894675925925924 0.3070833333333333
1 0.37439236111111107 0.35472222222222227 0.09644675925925927 0.14579861111111114
6 0.4531134259259259 0.048593750000000005 0.09689814814814816 0.09718750000000001
1 0.5181828703703704 0.3765104166666667 0.15695601851851854 0.29079861111111116
4 0.6571122685185184 0.14076388888888886 0.17280092592592594 0.24586805555555555
6 0.9320023148148149 0.3228125 0.12469907407407418 0.3088194444444444