5 0.1171875 0.65078125 0.1453125 0.10546875
5 0.43359375 0.390625 0.10078125 0.0609375
5 0.1671875 0.8328125 0.1125 0.11171875
5 0.8234375 0.51015625 0.24140625 0.1625
5 0.85859375 0.11953125 0.1328125 0.053125
5 0.4546875 0.66640625 0.1296875 0.0859375
0 0.92578125 0.24765625 0.1484375 0.1328125
5 0.2625 0.3625 0.1640625 0.04140625
0 0.95625 0.54609375 0.08671875 0.0640625
1 0.46640625 0.42734375 0.06640625 0.06328125
1 0.5453125 0.4671875 0.09140625 0.03828125
0 0.6859375 0.4625 0.078125 0.046875
1 0.90703125 0.5984375 0.075 0.04765625
2 0.9296875 0.77890625 0.140625 0.12265625
4 0.8203125 0.96171875 0.29296875 0.0765625
4 0.49921875 0.90625 0.41640625 0.18671875
5 0.134375 0.72421875 0.11171875 0.046875
4 0.28671875 0.5296875 0.36640625 0.17578125
5 0.11171875 0.31796875 0.09609375 0.0421875
5 0.2359375 0.24921875 0.15625 0.04453125
5 0.08046875 0.28125 0.10703125 0.0390625
5 0.08359375 0.215625 0.1375 0.04609375
5 0.58828125 0.30703125 0.4140625 0.11484375
5 0.66328125 0.403125 0.2953125 0.078125
5 0.8171875 0.39609375 0.10234375 0.04296875
4 0.95234375 0.4078125 0.0953125 0.06796875
5 0.68046875 0.1546875 0.1625 0.065625
5 0.7359375 0.09375 0.12109375 0.046875
5 0.5703125 0.10234375 0.0890625 0.05859375
5 0.57734375 0.04375 0.08984375 0.05859375
5 0.0953125 0.37734375 0.07734375 0.03203125
5 0.0890625 0.45859375 0.11953125 0.06328125
5 0.2375 0.40234375 0.09921875 0.0234375
5 0.325 0.01953125 0.0796875 0.034375
5 0.3609375 0.03828125 0.04375 0.0390625
5 0.6515625 0.02734375 0.06328125 0.0328125
4 0.96328125 0.11796875 0.0734375 0.05
0 0.76875 0.2484375 0.18046875 0.10625
4 0.7125 0.6953125 0.38671875 0.25234375
4 0.6265625 0.81640625 0.2625 0.14140625