6 0.7390625 0.775 0.284375 0.21328125
6 0.90390625 0.90234375 0.19140625 0.18125
6 0.353125 0.76484375 0.27578125 0.1953125
6 0.365625 0.50234375 0.2609375 0.15078125
6 0.68046875 0.55546875 0.2234375 0.09375
0 0.759375 0.3765625 0.28515625 0.10234375
4 0.37421875 0.33046875 0.27578125 0.159375
0 0.14609375 0.2625 0.0953125 0.046875
1 0.1921875 0.21484375 0.12578125 0.06171875
4 0.6453125 0.25625 0.16796875 0.07421875
4 0.7 0.146875 0.22421875 0.11875
4 0.3453125 0.03359375 0.23125 0.0671875
4 0.96171875 0.4375 0.0765625 0.11875
6 0.14296875 0.51953125 0.09140625 0.08046875
6 0.065625 0.48046875 0.09140625 0.0828125
6 0.0671875 0.1453125 0.075 0.0640625
6 0.1734375 0.1234375 0.08125 0.04921875