3 0.83828125 0.3203125 0.09921875 0.09296875
5 0.32265625 0.34765625 0.22421875 0.1078125
3 0.6734375 0.275 0.08125 0.07734375
5 0.5625 0.9046875 0.1640625 0.12890625
5 0.64765625 0.66640625 0.19375 0.090625
5 0.10625 0.12109375 0.20625 0.16796875
4 0.09375 0.84609375 0.1875 0.3046875
5 0.87890625 0.62578125 0.22109375 0.1125
5 0.771875 0.496875 0.21796875 0.08203125
0 0.62421875 0.0859375 0.1578125 0.07265625
5 0.80546875 0.878125 0.11796875 0.06171875
5 0.64609375 0.8296875 0.125 0.06640625
5 0.22265625 0.68203125 0.178125 0.234375