6 0.4921643518518518 0.22386574074074078 0.2968287037037037 0.42736111111111114
6 0.13654513888888892 0.4140219907407408 0.2717013888888889 0.7342939814814816
6 0.07002314814814814 0.9301273148148148 0.055208333333333345 0.13974537037037038
6 0.43855902777777783 0.4534259259259259 0.240625 0.4288194444444445
6 0.7838773148148148 0.7910995370370371 0.4322453703703705 0.4178009259259259
5 0.8662384259259259 0.488744212962963 0.16379629629629627 0.30315972222222226
6 0.5604108796296297 0.45547453703703705 0.16783564814814814 0.25954861111111105
4 0.2274884259259259 0.908773148148148 0.09027777777777776 0.18245370370370395
6 0.34869791666666666 0.8185706018518518 0.13001157407407407 0.23656250000000015
5 0.272800925925926 0.4922453703703704 0.16098379629629633 0.2187384259259259
5 0.8889699074074073 0.12551504629629628 0.17793981481481466 0.20362268518518517
5 0.918425925925926 0.11076967592592593 0.11185185185185205 0.17042824074074076
5 0.7012962962962963 0.10824074074074072 0.06642361111111121 0.16127314814814814
3 0.91813769375 0.9021582 0.9370998203124999 0.8769823140625 0.9423085515625 0.8719380453125 0.952308346875 0.8684402515625 0.9660379390625 0.853417325 0.9694491812500001 0.8521252734375 0.9744133749999999 0.858039415625 0.9768042546875 0.8681155265625 0.98466290625 0.87568601875 0.98880106875 0.876175896875 0.9934428078125 0.8682460109375001 0.995005059375 0.856846453125 0.994179028125 0.8514221890625 0.9900514687499999 0.8403522640625001 0.9765506171875 0.8228940218749999 0.9618430734375 0.8069649203125 0.9504740593750001 0.7970441390625 0.949809253125 0.7985418875 0.9346496343749999 0.8048922671875 0.9172246562499999 0.815751584375 0.9087765078125001 0.8184298703125 0.8971391515624999 0.824576190625 0.8853180640625 0.8369348953125 0.87460585625 0.8521478171875 0.87368330625 0.85913261875 0.868697909375 0.8743785734375 0.863994059375 0.8790287843750001 0.8622335781249999 0.883143665625 0.8628256734375 0.8889462921875 0.8665712687499999 0.8989439203125 0.868950246875 0.9115743765625 0.878486065625 0.9329104109375 0.8841890765624999 0.9380521328125001 0.8877853515625 0.9385734015624999 0.8916644703125 0.9365246296875 0.8998403749999999 0.9258363390625 0.906599453125 0.9119468578125 0.91813769375 0.9021582