3 0.1701388888888889 0.06796875 0.08709490740740744 0.0734375
3 0.1388310185185185 0.00625 0.06608796296296297 0.0125
3 0.060127314814814814 0.25390625 0.05046296296296295 0.0546875
3 0.1995949074074074 0.32734375 0.11984953703703702 0.1140625
3 0.12685185185185185 0.51953125 0.0828125 0.084375
3 0.023206018518518518 0.33203125 0.046412037037037036 0.0484375
3 0.04085648148148148 0.31015625 0.0560763888888889 0.0375
3 0.07569444444444444 0.04453125 0.04936342592592595 0.0671875
3 0.29551504629629627 0.0578125 0.05248842592592595 0.0671875
3 0.3005787037037037 0.00546875 0.05821759259259256 0.0109375
3 0.41863425925925923 0.4671875 0.0671875 0.084375
3 0.762355324074074 0.1515625 0.035243055555555534 0.065625
3 0.6408275462962962 0.0578125 0.044039351851851906 0.0921875
3 0.7965277777777778 0.0515625 0.045486111111111074 0.046875
3 0.8269965277777777 0.09375 0.059664351851851906 0.0921875
3 0.6886284722222222 0.43359375 0.052604166666666605 0.0703125
3 0.6491319444444444 0.4453125 0.047222222222222145 0.0515625
3 0.6694444444444445 0.38203125 0.03888888888888893 0.0375
3 0.6296296296296295 0.38125 0.05046296296296297 0.0546875
3 0.62265625 0.35859375 0.053587962962962976 0.0546875
3 0.5787326388888889 0.384375 0.034375 0.0421875
3 0.5914930555555555 0.1875 0.029398148148148097 0.034375
3 0.6370659722222223 0.18046875 0.04201388888888893 0.0375
3 0.5440104166666667 0.225 0.02633101851851851 0.0359375
3 0.5853587962962963 0.12109375 0.035243055555555534 0.0234375
3 0.6129918981481481 0.0921875 0.04195601851851851 0.0359375
3 0.5639178240740741 0.08828125 0.05173611111111107 0.046875
3 0.6080729166666666 0.03515625 0.042708333333333216 0.05625
3 0.8394386574074074 0.49609375 0.07945601851851833 0.078125
3 0.8212673611111111 0.39609375 0.044039351851851906 0.05
3 0.8658564814814813 0.43671875 0.06961805555555571 0.065625
3 0.590306712962963 0.97890625 0.0546875 0.0421875
3 0.456568287037037 0.87734375 0.05190972222222214 0.0515625
3 0.50859375 0.99140625 0.06001157407407405 0.0171875
2 0.15736400462962963 0.7875 0.31472800925925926 0.3875
5 0.30844907407407407 0.93203125 0.15607638888888892 0.121875
2 0.4020833333333333 0.7453125 0.08263888888888893 0.0796875
2 0.336255787037037 0.771875 0.06001157407407405 0.059375
2 0.27094907407407404 0.784375 0.03420138888888893 0.0375
3 0.3922453703703703 0.90546875 0.07835648148148149 0.0484375
3 0.4838252314814815 0.01484375 0.06047453703703702 0.0296875
3 0.35801504629629627 0.07890625 0.04496527777777777 0.075
3 0.4820891203703703 0.18828125 0.0453125 0.0421875
3 0.48674768518518513 0.25234375 0.03443287037037024 0.04375
3 0.5120659722222223 0.159375 0.029629629629629582 0.040625
6 0.740625 0.759375 0.4682291666666668 0.45