5 0.6324652777777777 0.7867766203703704 0.11944444444444446 0.19416666666666665
5 0.4054398148148148 0.6378703703703704 0.14837962962962958 0.25980324074074074
5 0.22884837962962962 0.8933796296296297 0.1348958333333333 0.21324074074074062
4 0.7028935185185186 0.2804571759259259 0.3221643518518519 0.48993055555555554
4 0.43891782407407404 0.3681655092592592 0.1906828703703704 0.39171296296296293
5 0.4958333333333334 0.5649305555555555 0.17326388888888894 0.21606481481481482
5 0.6988136574074074 0.5597337962962963 0.12552083333333322 0.18984953703703694
6 0.858912037037037 0.7821875 0.09282407407407404 0.10684027777777771
5 0.8633391203703702 0.6203761574074074 0.06863425925925952 0.1272337962962963
5 0.7911458333333333 0.6881307870370371 0.09716435185185172 0.13983796296296305
5 0.8235532407407409 0.23593171296296295 0.24664351851851835 0.3872337962962963
0 0.30199652777777775 0.11185185185185184 0.10480324074074074 0.13561342592592593