6 0.38125 0.49921875 0.06875 0.04453125
3 0.31328125 0.3015625 0.05546875 0.08359375
3 0.34609375 0.2484375 0.04453125 0.0546875
6 0.42734375 0.41796875 0.0734375 0.04140625
1 0.85078125 0.53125 0.146875 0.08359375
3 0.38203125 0.81015625 0.05234375 0.0640625
3 0.18046875 0.74453125 0.07578125 0.06953125
3 0.29921875 0.7265625 0.08203125 0.06328125
3 0.759375 0.7234375 0.0765625 0.06875
3 0.7015625 0.6625 0.06796875 0.04765625
3 0.225 0.57265625 0.05859375 0.06875
3 0.34296875 0.63828125 0.0515625 0.0546875
3 0.93984375 0.3484375 0.1203125 0.10859375
3 0.9453125 0.80390625 0.109375 0.140625
3 0.9671875 0.925 0.065625 0.1015625
3 0.96015625 0.5671875 0.0796875 0.1375
0 0.3296875 0.06484375 0.0625 0.0515625
6 0.353125 0.55078125 0.059375 0.03359375
6 0.42578125 0.58984375 0.07578125 0.040625
2 0.14609375 0.33359375 0.0703125 0.03984375
3 0.678125 0.97109375 0.1046875 0.0578125
3 0.67734375 0.10703125 0.0609375 0.03828125