4 0.7596759259259259 0.31197916666666664 0.301724537037037 0.18041666666666661
5 0.9069675925925924 0.6103125 0.11143518518518505 0.09458333333333328
5 0.20023148148148148 0.718125 0.15142361111111108 0.11281250000000007
5 0.4507523148148148 0.35125 0.21827546296296294 0.19041666666666668
5 0.5751620370370369 0.14250000000000002 0.409050925925926 0.28500000000000003
5 0.6106365740740741 0.5421354166666668 0.2566898148148148 0.1820833333333333
4 0.536875 0.7626041666666667 0.33903935185185186 0.17979166666666657
4 0.9287847222222222 0.3209375 0.09231481481481474 0.08708333333333336
0 0.9149537037037037 0.2129166666666667 0.12660879629629634 0.11427083333333332
0 0.8048958333333334 0.10041666666666667 0.17100694444444464 0.128125
4 0.9396412037037039 0.40036458333333336 0.06951388888888914 0.06999999999999992
0 0.11146412037037037 0.36453125000000003 0.1071064814814815 0.07406249999999996
0 0.9408622685185186 0.03955729166666667 0.076423611111111 0.07911458333333334
0 0.7591261574074074 0.308125 0.3071412037037037 0.16677083333333337