6 0.1425752314814815 0.35272569444444446 0.285150462962963 0.6523263888888888
6 0.28532407407407406 0.2996064814814815 0.2074305555555555 0.3664583333333334
6 0.29357638888888893 0.8016550925925927 0.277662037037037 0.3966898148148147
6 0.10212384259259259 0.6993287037037037 0.16393518518518518 0.2674768518518519
6 0.289068287037037 0.5165393518518518 0.1332060185185185 0.12547453703703706
6 0.397800925925926 0.41185185185185186 0.08004629629629623 0.17420138888888878
6 0.4178935185185185 0.8801099537037036 0.3200462962962963 0.2397800925925928
5 0.7231828703703703 0.5742592592592592 0.16305555555555565 0.44840277777777776
5 0.7340509259259258 0.8805381944444445 0.1950925925925926 0.238923611111111
5 0.925630787037037 0.8453125 0.09369212962962976 0.1608680555555555
5 0.8816087962962964 0.2976620370370371 0.2367824074074072 0.5146296296296297
6 0.48560185185185184 0.08934027777777778 0.10692129629629629 0.13347222222222221
6 0.35037615740740746 0.08467592592592593 0.21937499999999996 0.13774305555555555
5 0.46618055555555554 0.7448090277777778 0.0881712962962963 0.13249999999999992
4 0.7813541666666668 0.30107060185185186 0.1159953703703703 0.22910879629629627
1 0.6956365740740741 0.3420081018518518 0.08835648148148145 0.13875