3 0.13289930555555557 0.19405092592592593 0.0696759259259259 0.06818287037037037
3 0.18504050925925924 0.29476851851851854 0.11938657407407405 0.14543981481481483
3 0.09360532407407408 0.4612905092592593 0.1603587962962963 0.19758101851851856
3 0.24921875 0.73828125 0.46313657407407405 0.5234375
3 0.5260127314814815 0.2881076388888889 0.10405092592592595 0.15302083333333333
6 0.879079861111111 0.5223148148148148 0.24184027777777786 0.41312499999999996
6 0.7268229166666667 0.544849537037037 0.121875 0.1704629629629629
6 0.8133101851851852 0.877199074074074 0.1630787037037038 0.22885416666666672
3 0.6052083333333333 0.5711574074074074 0.07019675925925917 0.08224537037037045
3 0.6727719907407408 0.9407060185185184 0.07418981481481488 0.06356481481481495
3 0.6618344907407407 0.6875578703703704 0.06116898148148149 0.04931712962962962
3 0.5870949074074074 0.7145601851851853 0.09895833333333322 0.05768518518518526
3 0.7419270833333333 0.109375 0.06030092592592595 0.0680439814814815
3 0.7688657407407409 0.7523900462962964 0.07361111111111107 0.09010416666666679
4 0.4017650462962963 0.15899305555555557 0.33478009259259256 0.31104166666666666
3 0.44748263888888895 0.42358796296296297 0.06377314814814809 0.07746527777777779
3 0.3038194444444445 0.42380208333333336 0.1145833333333334 0.1000810185185184