5 0.2068229166666667 0.7948900462962962 0.18364583333333329 0.2012615740740742
5 0.3161979166666667 0.33889467592592587 0.13625000000000007 0.19310185185185186
5 0.9003385416666667 0.5080497685185186 0.19932291666666657 0.2343055555555555
5 0.9808854166666666 0.699230324074074 0.03822916666666672 0.11765046296296297
4 0.07989583333333333 0.7416319444444445 0.07395833333333332 0.1957638888888889
6 0.2516145833333333 0.576579861111111 0.2501041666666667 0.33137731481481475
4 0.15359375 0.05501736111111112 0.1759375 0.10906249999999999
4 0.5661979166666666 0.18847800925925925 0.33864583333333337 0.37107638888888894
4 0.49265625 0.3503530092592593 0.12895833333333329 0.20085648148148144
6 0.5939583333333334 0.8157175925925927 0.14833333333333343 0.28064814814814837
5 0.7541145833333334 0.4420891203703704 0.16572916666666657 0.2370486111111111
5 0.8242708333333333 0.9408275462962962 0.15666666666666665 0.11834490740740762
5 0.7573958333333334 0.886730324074074 0.1404166666666665 0.22653935185185184
0 0.7194791666666667 0.6721874999999999 0.13635416666666664 0.17123842592592595
5 0.6927604166666667 0.48223958333333333 0.1390625 0.3289930555555555
6 0.48937500000000006 0.8282175925925925 0.10947916666666657 0.16635416666666672