6 0.25927083333333334 0.8722222222222221 0.253912037037037 0.2555555555555557
6 0.2658738425925926 0.5790914351851851 0.13439814814814816 0.18217592592592596
4 0.5976331018518518 0.13953125 0.18276620370370367 0.2715625
5 0.8158275462962964 0.5370891203703703 0.20056712962962955 0.22327546296296283
6 0.2850694444444445 0.1661111111111111 0.11427083333333332 0.15547453703703704
5 0.6471817129629629 0.5077256944444445 0.21541666666666667 0.2686805555555555
5 0.9636342592592593 0.8171643518518519 0.07273148148148145 0.2679861111111112
6 0.3739293981481482 0.37372106481481476 0.2955439814814815 0.33799768518518525
6 0.45903356481481483 0.17755208333333333 0.2342245370370371 0.30005787037037035
4 0.40845486111111107 0.6027951388888889 0.15042824074074074 0.1901041666666666
4 0.4523611111111111 0.7718055555555555 0.15239583333333329 0.1979282407407407
6 0.6313657407407407 0.9093836805555554 0.11885416666666675 0.18123263888888913
4 0.7096354166666666 0.7783969907407408 0.12890046296296304 0.1665162037037037
2 0.9016666666666666 0.08399305555555556 0.12208333333333314 0.1555324074074074
5 0.8103125 0.06925925925925926 0.11437500000000007 0.1273611111111111
5 0.9421354166666667 0.41162037037037036 0.11572916666666658 0.3321990740740741