3 0.01519097222222222 0.09213541666666666 0.03038194444444444 0.07489583333333334
3 0.010954861111111111 0.27729166666666666 0.021909722222222223 0.06395833333333334
3 0.02621527777777778 0.3642361111111111 0.05243055555555556 0.06343750000000004
3 0.08241319444444445 0.4177604166666667 0.09729166666666667 0.0838541666666666
3 0.023038194444444444 0.5061805555555555 0.04607638888888889 0.062361111111111
3 0.08192708333333333 0.6048263888888888 0.06100694444444443 0.07444444444444435
3 0.013949652777777776 0.6852256944444444 0.027899305555555552 0.05805555555555557
3 0.12769097222222223 0.7375868055555556 0.03993055555555554 0.05635416666666657
3 0.020624999999999998 0.9097395833333334 0.03836805555555556 0.05628472222222243
3 0.190625 0.8186631944444445 0.0578125 0.07274305555555535
3 0.31878472222222226 0.2599652777777778 0.12517361111111108 0.11472222222222221
3 0.381875 0.17901041666666667 0.11795138888888887 0.09256944444444448
3 0.3169791666666667 0.08923611111111111 0.04732638888888889 0.04732638888888889
3 0.461736111111111 0.07296875 0.057951388888889 0.07586805555555554
3 0.5002604166666667 0.17487847222222222 0.04760416666666671 0.053576388888888896
3 0.5696527777777778 0.3572222222222222 0.0561805555555555 0.07111111111111112
3 0.5331597222222222 0.2976736111111111 0.06649305555555554 0.05753472222222218
3 0.4647916666666667 0.39170138888888884 0.0688194444444445 0.07479166666666667
3 0.42289930555555555 0.33034722222222224 0.0953819444444445 0.07597222222222229
3 0.39024305555555555 0.44866319444444447 0.10076388888888888 0.09180555555555561
3 0.3183680555555556 0.44546875 0.06208333333333336 0.06357638888888886
3 0.3787152777777778 0.5671354166666667 0.0765625 0.073576388888889
3 0.61171875 0.7669270833333333 0.14916666666666673 0.12826388888888882
3 0.6225347222222222 0.57640625 0.10961805555555557 0.11559027777777793
3 0.695486111111111 0.9351128472222221 0.181111111111111 0.12977430555555572
3 0.7825347222222222 0.4285243055555556 0.052777777777777854 0.06472222222222221
3 0.7819791666666667 0.3353472222222222 0.07722222222222222 0.05333333333333332
3 0.8120659722222221 0.27484374999999994 0.08715277777777786 0.06624999999999996
3 0.6755902777777777 0.22807291666666668 0.08097222222222236 0.06753472222222223
3 0.5995138888888889 0.07282986111111112 0.09472222222222229 0.09621527777777779
3 0.5404687499999999 0.045156249999999995 0.09406250000000008 0.04628472222222222
3 0.4356770833333333 0.8178124999999999 0.07798611111111117 0.1406944444444445
3 0.4288194444444445 0.6726909722222223 0.053402777777777646 0.07878472222222221
3 0.38213541666666667 0.8248263888888889 0.07052083333333332 0.077986111111111
3 0.8790104166666666 0.67078125 0.1944791666666667 0.2004513888888889
3 0.3632465277777778 0.9327951388888888 0.07902777777777778 0.09395833333333314
3 0.2812326388888889 0.8406944444444445 0.10211805555555556 0.08718749999999993
3 0.20737847222222222 0.8468055555555555 0.0921180555555555 0.07270833333333329
3 0.16473958333333333 0.6085069444444444 0.07555555555555556 0.0860069444444445
3 0.18432291666666667 0.4144618055555556 0.08718750000000001 0.10211805555555564
3 0.17085069444444442 0.08352430555555555 0.07236111111111114 0.08430555555555556
3 0.056475694444444446 0.12071180555555557 0.061284722222222233 0.08069444444444444
3 0.40479166666666666 0.050868055555555555 0.05555555555555554 0.057048611111111105