6 0.877980324074074 0.6809201388888889 0.11498842592592595 0.18350694444444446
5 0.8990451388888889 0.40109374999999997 0.20190972222222214 0.4391319444444445
6 0.884982638888889 0.08050347222222222 0.13559027777777785 0.12468749999999999
6 0.858738425925926 0.15791666666666665 0.16840277777777785 0.12541666666666665
2 0.7277777777777777 0.41161458333333334 0.08946759259259256 0.15486111111111106
6 0.7644675925925926 0.6963368055555555 0.1122106481481481 0.18812499999999996
1 0.2825810185185185 0.17163194444444446 0.058101851851851904 0.06836805555555556
1 0.06614583333333333 0.13484374999999998 0.05688657407407407 0.07302083333333335
1 0.17016782407407408 0.13871527777777776 0.06307870370370368 0.05131944444444443
1 0.27858796296296295 0.05454861111111111 0.07702546296296298 0.05006944444444446
4 0.6867476851851853 0.13147569444444446 0.1734953703703704 0.23628472222222224
1 0.5859664351851851 0.6346527777777778 0.07644675925925917 0.1264930555555555