6 0.19453125 0.6249131944444445 0.3476041666666667 0.6595486111111111
6 0.141875 0.08768518518518519 0.1775 0.17537037037037037
6 0.49182291666666667 0.4628993055555556 0.3196875 0.49771990740740757
4 0.403125 0.8022453703703704 0.20406250000000004 0.30487268518518534
6 0.8426562499999999 0.89234375 0.23864583333333336 0.14628472222222227
5 0.9128385416666667 0.21082175925925925 0.17432291666666658 0.3168865740740741
4 0.6896354166666667 0.12573495370370372 0.11729166666666657 0.21784722222222222
5 0.6259375 0.4402662037037037 0.1595833333333335 0.17488425925925935
0 0.5900000000000001 0.054074074074074066 0.11072916666666668 0.09605324074074073
5 0.7325 0.26305555555555554 0.10958333333333332 0.17229166666666665
5 0.7784895833333334 0.294380787037037 0.10635416666666657 0.17056712962962967