4 0.09046875 0.533125 0.1809375 0.588125
4 0.05473958333333333 0.8459375 0.10947916666666666 0.16854166666666687
4 0.15453125 0.09505208333333333 0.16531250000000003 0.1696875
2 0.22557291666666668 0.2065104166666667 0.07249999999999997 0.17750000000000005
0 0.2602083333333333 0.42854166666666665 0.07739583333333337 0.08760416666666675
4 0.8475520833333334 0.10515624999999999 0.08927083333333315 0.10239583333333332
5 0.9135416666666666 0.8632291666666667 0.084375 0.27354166666666657
5 0.43817708333333333 0.28973958333333333 0.13791666666666663 0.31875
5 0.3421875 0.24645833333333336 0.07177083333333334 0.1898958333333333
5 0.7045312499999999 0.6731770833333334 0.07906249999999986 0.15927083333333342
5 0.5345833333333333 0.25614583333333335 0.1171875 0.21781249999999996