3 0.2322916666666667 0.5239583333333334 0.10562500000000004 0.08807870370370381
3 0.29796875 0.5458043981481481 0.06427083333333332 0.07563657407407405
0 0.40505208333333337 0.5308738425925925 0.21708333333333343 0.45069444444444445
4 0.6384375 0.765798611111111 0.3220833333333335 0.4358796296296298
4 0.6051562500000001 0.44279513888888894 0.1820833333333333 0.3231481481481481
3 0.5327083333333333 0.3663773148148148 0.07104166666666671 0.06030092592592595
2 0.2971875 0.32262731481481477 0.09343749999999992 0.1624421296296296
2 0.89671875 0.5054976851851852 0.20656250000000007 0.39131944444444444
2 0.961875 0.8238715277777778 0.07624999999999993 0.2593171296296298
4 0.8778645833333334 0.22164351851851852 0.24427083333333321 0.25138888888888894
4 0.49848958333333326 0.05167824074074075 0.16572916666666657 0.1033564814814815
2 0.2525 0.10153356481481482 0.1635416666666667 0.20306712962962964