5 0.9416377314814813 0.8225405092592591 0.05758101851851834 0.12228009259259238
4 0.8152488425925926 0.73828125 0.24010416666666679 0.20549768518518513
4 0.92734375 0.45014467592592594 0.11684027777777786 0.20561342592592596
5 0.5474537037037037 0.912037037037037 0.26892361111111107 0.14103009259259275
5 0.058680555555555555 0.48269675925925926 0.11736111111111111 0.1408564814814815
4 0.5013599537037037 0.7241608796296297 0.2787037037037036 0.19444444444444448
5 0.8869791666666667 0.6552662037037037 0.1818287037037038 0.1908564814814815
4 0.9193287037037038 0.30844907407407407 0.12413194444444428 0.1075810185185185
1 0.5340277777777778 0.4108796296296296 0.16759259259259257 0.10138888888888893
2 0.772974537037037 0.4262152777777778 0.12569444444444428 0.06550925925925935
3 0.8195891203703705 0.3261863425925926 0.049710648148148094 0.03616898148148149
4 0.7706018518518519 0.3849537037037037 0.09392361111111107 0.050289351851851814
4 0.6593171296296296 0.4195023148148148 0.08113425925925917 0.0841435185185185
5 0.47971643518518514 0.5291377314814815 0.14357638888888893 0.08489583333333339
4 0.49519675925925927 0.3428819444444444 0.43605324074074064 0.1877893518518518
4 0.8296585648148149 0.09652777777777778 0.2880208333333332 0.19305555555555556
5 0.23310185185185187 0.3627314814814815 0.1741898148148148 0.11099537037037041
5 0.7938657407407407 0.8943287037037037 0.17280092592592594 0.115625