5 0.5724131944444444 0.34727430555555555 0.0881712962962963 0.19722222222222224
5 0.379537037037037 0.1405902777777778 0.09986111111111118 0.18215277777777777
6 0.652332175925926 0.33125 0.09740740740740747 0.1648958333333333
5 0.9163020833333334 0.11824652777777778 0.1656134259259261 0.12739583333333332
4 0.6311805555555555 0.5730555555555557 0.18024305555555564 0.3494097222222223
5 0.2721238425925926 0.7019618055555557 0.05023148148148149 0.12694444444444458
5 0.15414351851851854 0.6818402777777778 0.09142361111111112 0.13968749999999996
6 0.8925868055555555 0.2886805555555555 0.09781249999999986 0.1727083333333333
5 0.5113715277777777 0.21065972222222223 0.08881944444444442 0.20972222222222223
6 0.86 0.8195138888888888 0.20807870370370374 0.3609722222222224
6 0.8141898148148148 0.4112673611111111 0.08493055555555565 0.13472222222222213
6 0.744832175925926 0.4199305555555556 0.06350694444444435 0.08232638888888885
6 0.7482870370370371 0.6855381944444444 0.07377314814814824 0.0999305555555555
6 0.6719444444444445 0.7534027777777779 0.03193287037037038 0.07468749999999993
6 0.48116319444444444 0.38550347222222225 0.06876157407407409 0.09347222222222218
6 0.53453125 0.38317708333333333 0.05090277777777778 0.10982638888888889
3 0.5506423611111111 0.2687847222222222 0.047094907407407405 0.036388888888888894
3 0.2164525462962963 0.28055555555555556 0.03731481481481484 0.02815972222222225
3 0.2626099537037037 0.20586805555555557 0.04413194444444448 0.03937499999999998
3 0.33898726851851857 0.28835069444444444 0.042002314814814846 0.02836805555555557
3 0.31847800925925923 0.2459375 0.04356481481481485 0.028437499999999984
5 0.43137152777777776 0.33395833333333336 0.05666666666666664 0.10072916666666672
3 0.6847164351851852 0.20505208333333336 0.05005787037037042 0.03340277777777771
1 0.25160300925925927 0.11611111111111112 0.08896990740740743 0.12243055555555556
1 0.16638888888888886 0.1436458333333333 0.07571759259259263 0.13743055555555556
6 0.5532928240740741 0.5046006944444444 0.06143518518518505 0.10250000000000004
2 0.48107638888888893 0.64390625 0.06342592592592596 0.08076388888888886
6 0.6671122685185186 0.09151041666666668 0.09950231481481495 0.11510416666666667
4 0.3769328703703704 0.3871354166666666 0.06224537037037035 0.11812500000000004