3 0.5342997685185186 0.8606076388888889 0.19679398148148158 0.24406250000000007
3 0.6010706018518518 0.5333506944444444 0.07947916666666668 0.1578125
3 0.7570833333333333 0.4034375 0.13002314814814825 0.14291666666666672
3 0.5976388888888888 0.25072916666666667 0.10199074074074073 0.14322916666666669
3 0.5924594907407407 0.17654513888888887 0.07707175925925931 0.1171875
3 0.4695428240740741 0.32300347222222225 0.144212962962963 0.22458333333333336
3 0.3857291666666667 0.1379513888888889 0.17728009259259264 0.17774305555555553
3 0.1834375 0.05529513888888889 0.11952546296296296 0.09725694444444444
3 0.32180555555555557 0.04348958333333333 0.19755787037037037 0.08697916666666666
3 0.12205439814814814 0.19588541666666667 0.06400462962962963 0.08076388888888886
3 0.10376736111111111 0.4160243055555556 0.16457175925925926 0.12107638888888879
3 0.8075289351851851 0.5805729166666667 0.07916666666666643 0.07364583333333333
3 0.8285011574074075 0.7229861111111111 0.07284722222222229 0.12479166666666668
3 0.8705439814814815 0.8111979166666666 0.07853009259259273 0.089201388888889
3 0.9368692129629629 0.6347569444444444 0.12626157407407418 0.18559027777777787
3 0.959447337962963 0.8762152777777779 0.08110532407407404 0.12041666666666657
3 0.9993923611111111 0.6126041666666666 0.0012152777777778567 0.14222222222222225