6 0.13131944444444443 0.7824768518518519 0.23520833333333332 0.3305787037037037
6 0.24286458333333333 0.49953125 0.1384722222222222 0.19134259259259262
4 0.7236979166666666 0.2248090277777778 0.19760416666666672 0.3239467592592593
5 0.7704861111111111 0.679837962962963 0.20510416666666664 0.24005787037037046
6 0.4183506944444444 0.1442071759259259 0.12065972222222214 0.1623263888888889
5 0.6232986111111111 0.5879282407407407 0.22170138888888893 0.2846180555555556
5 0.8453125 0.9331828703703703 0.17881944444444428 0.13363425925925937
6 0.4216493055555556 0.3628761574074074 0.30458333333333326 0.3622685185185185
6 0.5753819444444443 0.2225810185185185 0.24114583333333323 0.3168402777777778
4 0.3655555555555555 0.5776851851851852 0.15586805555555552 0.20160879629629633
4 0.3419270833333333 0.7434548611111111 0.15763888888888894 0.21106481481481473
6 0.4561805555555556 0.9207002314814815 0.12270833333333328 0.15859953703703694
4 0.5784201388888889 0.8509201388888888 0.13500000000000015 0.17555555555555563
2 0.9824131944444445 0.27509837962962963 0.03517361111111086 0.2410069444444444
5 0.9447048611111111 0.2340914351851852 0.11059027777777786 0.20427083333333335
5 0.9342881944444444 0.6271122685185185 0.13142361111111106 0.3369791666666668