6 0.07377893518518519 0.7641840277777778 0.13767361111111112 0.1232291666666665
4 0.7680266203703704 0.8051562499999999 0.33336805555555565 0.2630902777777777
6 0.4576331018518518 0.8876562499999998 0.3980208333333334 0.20038194444444457
5 0.03988425925925926 0.15053819444444444 0.07976851851851852 0.1082986111111111
4 0.7682986111111111 0.6286979166666666 0.22437499999999985 0.17861111111111114
2 0.5538657407407408 0.04626736111111111 0.2828935185185184 0.09253472222222223
5 0.2744849537037037 0.07524305555555556 0.24098379629629632 0.1403125
6 0.4274537037037037 0.5532812500000001 0.3247685185185185 0.20961805555555557
4 0.5669560185185185 0.41201388888888885 0.30576388888888884 0.19159722222222228
4 0.04186342592592592 0.4987673611111111 0.08372685185185184 0.07434027777777778
0 0.08770833333333333 0.40364583333333337 0.12953703703703703 0.10100694444444436
4 0.5542534722222221 0.26814236111111106 0.25145833333333345 0.10954861111111107
5 0.33023726851851853 0.21173611111111112 0.13751157407407408 0.11229166666666668
5 0.21450810185185185 0.22390625000000003 0.16081018518518517 0.10395833333333329
5 0.34486689814814814 0.38362847222222224 0.16267361111111106 0.12434027777777779
5 0.2755613425925926 0.42418402777777775 0.26085648148148144 0.11152777777777771
5 0.24851273148148145 0.14197916666666668 0.32972222222222225 0.1223958333333333
0 0.5608043981481481 0.14215277777777777 0.08513888888888879 0.05531250000000001
0 0.613431712962963 0.17338541666666668 0.10841435185185197 0.04541666666666666
6 0.7690914351851852 0.6278819444444445 0.2416087962962962 0.18249999999999994