4 0.48967592592592596 0.42806134259259254 0.5042013888888889 0.38597222222222227
0 0.3439641203703704 0.576388888888889 0.1866666666666667 0.10945601851851841
3 0.13722222222222222 0.49776041666666665 0.06282407407407406 0.04745370370370363
5 0.6236747685185186 0.8869849537037038 0.4799652777777778 0.22603009259259252
5 0.6021180555555556 0.21607060185185184 0.4379166666666666 0.2930208333333333
2 0.6058796296296297 0.09134837962962963 0.3180092592592594 0.12973379629629628
1 0.8909664351851851 0.41513888888888884 0.19481481481481494 0.1552314814814814
1 0.9631597222222222 0.30313078703703705 0.07368055555555557 0.14038194444444443
6 0.9517129629629629 0.1376388888888889 0.09657407407407419 0.08699074074074073
6 0.8755092592592593 0.12060185185185184 0.1349421296296299 0.08452546296296296
2 0.1416087962962963 0.6682581018518519 0.27435185185185185 0.1396412037037038