5 0.80390625 0.4990451388888889 0.21104166666666657 0.12326388888888892
5 0.5699479166666667 0.3350173611111111 0.281875 0.1560416666666667
5 0.774375 0.06180555555555556 0.26062499999999994 0.09472222222222224
4 0.31666666666666665 0.7894444444444444 0.5309375000000001 0.3347569444444446
4 0.3086979166666667 0.48647569444444444 0.4263541666666667 0.19357638888888892
5 0.5296875 0.4577430555555555 0.23531250000000004 0.18309027777777764
5 0.59890625 0.6634895833333333 0.20843749999999997 0.13100694444444444
6 0.8832812499999999 0.7284895833333334 0.115625 0.09618055555555553
5 0.7203125 0.802326388888889 0.13895833333333343 0.071736111111111
5 0.7630208333333333 0.7015625 0.15333333333333332 0.10013888888888882
5 0.31416666666666665 0.9026388888888889 0.42729166666666674 0.1947222222222223
0 0.035729166666666666 0.45890624999999996 0.07145833333333333 0.10843749999999996