4 0.8222337962962964 0.7387384259259259 0.33872685185185175 0.3036574074074075
5 0.8416724537037037 0.534537037037037 0.16616898148148138 0.14704861111111106
5 0.5150752314814815 0.4216898148148148 0.41774305555555546 0.2607060185185185
5 0.4131886574074074 0.9602372685185184 0.21225694444444443 0.07952546296296319
6 0.13160300925925925 0.36723958333333334 0.2632060185185185 0.19697916666666665
4 0.6422685185185186 0.955324074074074 0.17335648148148158 0.0893518518518519
4 0.8217766203703704 0.9278703703703703 0.21596064814814825 0.13446759259259267
6 0.10128472222222222 0.6758969907407407 0.20256944444444444 0.22164351851851852
6 0.22028935185185183 0.5356655092592593 0.23706018518518518 0.18819444444444428
5 0.5864930555555556 0.1908912037037037 0.21038194444444436 0.1795949074074074
2 0.7889467592592593 0.34773726851851855 0.23179398148148156 0.14899305555555556
4 0.10906249999999999 0.13527199074074076 0.21812499999999999 0.18616898148148148
5 0.41638310185185184 0.11941550925925926 0.1732175925925926 0.0957175925925926
5 0.7694675925925927 0.18537037037037035 0.1622106481481481 0.09070601851851849
2 0.3353182870370371 0.3155381944444445 0.2155671296296296 0.10790509259259266
5 0.11334490740740741 0.26284722222222223 0.19504629629629627 0.0932407407407407