4 0.24526620370370372 0.8052083333333332 0.4263657407407407 0.37291666666666645
4 0.9202893518518518 0.4361689814814815 0.15942129629629634 0.2704861111111111
6 0.2803703703703704 0.29421296296296295 0.3645023148148148 0.292650462962963
6 0.16884837962962965 0.35402199074074076 0.2795486111111111 0.18813657407407405
4 0.6416435185185185 0.40428240740740745 0.1641319444444445 0.12771990740740727
4 0.4731539351851852 0.3278645833333333 0.21946759259259246 0.1422453703703704
2 0.38192708333333336 0.14748263888888888 0.1233680555555555 0.09346064814814818
0 0.4534201388888889 0.21796875 0.1494212962962962 0.11469907407407405
4 0.7525347222222222 0.25711805555555556 0.24417824074074074 0.19774305555555555
4 0.23726851851851852 0.09456018518518519 0.312037037037037 0.18310185185185185
4 0.5954282407407409 0.9132523148148148 0.35034722222222214 0.17349537037037024
4 0.5983391203703704 0.6217881944444444 0.1320717592592592 0.1109375
4 0.7347685185185184 0.681423611111111 0.324537037037037 0.18356481481481488
1 0.2809085648148148 0.2895543981481482 0.350300925925926 0.259375