3 0.19302662037037038 0.97109375 0.07459490740740744 0.0578125
3 0.09270833333333335 0.703125 0.04971064814814814 0.059375
3 0.14157986111111112 0.80390625 0.06221064814814818 0.059375
3 0.1261863425925926 0.89140625 0.03703703703703702 0.0359375
3 0.12416087962962963 0.92734375 0.019270833333333303 0.028125
3 0.13330439814814815 0.96640625 0.025694444444444464 0.0515625
3 0.14837962962962964 0.71640625 0.05740740740740744 0.0578125
3 0.18978587962962962 0.653125 0.09641203703703702 0.078125
3 0.09250578703703705 0.584375 0.08564814814814814 0.059375
3 0.06770833333333334 0.61875 0.037384259259259256 0.0828125
3 0.13998842592592592 0.4765625 0.06145833333333335 0.0703125
3 0.04947916666666667 0.41484375 0.04155092592592592 0.0546875
3 0.14800347222222224 0.3421875 0.039872685185185205 0.053125
3 0.18443287037037037 0.25390625 0.05653935185185181 0.0671875
3 0.45066550925925924 0.7578125 0.12349537037037042 0.10625
3 0.5304108796296296 0.821875 0.115625 0.084375
3 0.49389467592592595 0.91953125 0.0453125 0.0421875
3 0.5567418981481481 0.9875 0.06903935185185191 0.025
3 0.63203125 0.90703125 0.05833333333333339 0.0703125
3 0.6415798611111111 0.80390625 0.04756944444444429 0.0515625
3 0.658275462962963 0.61796875 0.0565393518518519 0.0671875
3 0.6403645833333333 0.68203125 0.06643518518518512 0.053125
3 0.552662037037037 0.60546875 0.06915509259259256 0.06875
3 0.5286168981481482 0.67109375 0.09415509259259255 0.06875
3 0.46762152777777777 0.56484375 0.0984375 0.084375
3 0.40092592592592596 0.58203125 0.0606481481481481 0.059375
3 0.42592592592592593 0.45546875 0.07696759259259256 0.06875
3 0.5899305555555555 0.22265625 0.14618055555555554 0.1171875
3 0.65078125 0.40078125 0.10954861111111107 0.1078125
3 0.6234664351851852 0.053125 0.17818287037037042 0.10625
3 0.8385127314814815 0.509375 0.05295138888888893 0.0609375
3 0.8614583333333334 0.59765625 0.07702546296296298 0.0484375
3 0.9066840277777779 0.64921875 0.08576388888888857 0.0609375
3 0.790798611111111 0.71953125 0.08107638888888893 0.0609375
3 0.766550925925926 0.8984375 0.09832175925925916 0.125
3 0.7187210648148148 0.93828125 0.09820601851851851 0.08125
3 0.6477719907407408 0.971875 0.06788194444444447 0.0515625
3 0.4129918981481481 0.20703125 0.07690972222222214 0.13125
3 0.4452256944444445 0.346875 0.05387731481481488 0.0734375
3 0.3609375 0.2109375 0.0726273148148148 0.0734375
3 0.8841724537037038 0.2578125 0.23165509259259237 0.1890625
3 0.31536458333333334 0.1125 0.07835648148148149 0.0875
3 0.26362847222222224 0.215625 0.10109953703703703 0.078125
3 0.1939525462962963 0.22421875 0.09079861111111112 0.065625
3 0.21594328703703702 0.4578125 0.07453703703703703 0.078125
3 0.28466435185185185 0.63671875 0.08518518518518521 0.0953125
3 0.35888310185185185 0.953125 0.06984953703703703 0.078125
3 0.24305555555555558 0.93984375 0.061689814814814795 0.0734375
3 0.588744212962963 0.95546875 0.0609375 0.084375