5 0.02109375 0.421875 0.031539351851851846 0.125
5 0.4025231481481482 0.69765625 0.08668981481481489 0.15625
5 0.5093055555555555 0.52265625 0.11440972222222215 0.234375
5 0.20958912037037036 0.59453125 0.10865740740740745 0.1625
5 0.060260416666666664 0.1125 0.12015046296296297 0.2
5 0.5953645833333334 0.9 0.0899537037037037 0.165625
5 0.9146961805555556 0.43984375 0.17060763888888886 0.18125
5 0.6268287037037037 0.65078125 0.12385416666666664 0.2390625
4 0.36476851851851855 0.3640625 0.17298611111111112 0.2859375
5 0.5012152777777777 0.08203125 0.15555555555555553 0.1640625
5 0.23347222222222222 0.7828125 0.07668981481481482 0.1140625
5 0.4987673611111111 0.81328125 0.07251157407407405 0.1484375
0 0.07913194444444445 0.91171875 0.09949074074074074 0.1765625
0 0.06908564814814815 0.65546875 0.09363425925925925 0.203125
5 0.12622685185185184 0.18828125 0.11847222222222223 0.1921875
2 0.3909259259259259 0.8640625 0.06281250000000008 0.1265625
4 0.865943287037037 0.07421875 0.24438657407407405 0.1484375
4 0.6684374999999999 0.82265625 0.07997685185185191 0.125
5 0.12082175925925927 0.45625 0.11628472222222222 0.15
0 0.1463888888888889 0.8109375 0.08461805555555557 0.121875