6 0.5753298611111111 0.908130787037037 0.16521990740740744 0.18373842592592596
2 0.6615972222222222 0.766550925925926 0.07892361111111121 0.13859953703703703
2 0.8434375 0.7920717592592593 0.13829861111111122 0.14079861111111108
6 0.3938715277777778 0.8487123842592592 0.1444907407407408 0.3025752314814817
6 0.4148321759259259 0.7401909722222222 0.22109953703703714 0.26394675925925937
6 0.1398263888888889 0.6697337962962964 0.19157407407407406 0.26597222222222217
6 0.12573495370370372 0.7905381944444445 0.14148148148148146 0.1721064814814813
6 0.07681134259259259 0.8590277777777778 0.15362268518518518 0.2305555555555557
2 0.6738946759259259 0.24256365740740743 0.07056712962962966 0.09774305555555554
6 0.6052662037037038 0.1320023148148148 0.12171296296296301 0.21192129629629633
6 0.3279976851851852 0.2712384259259259 0.32363425925925926 0.49699074074074073
6 0.30319444444444443 0.6288194444444445 0.16972222222222227 0.23553240740740744
6 0.10295717592592593 0.34855324074074073 0.20591435185185186 0.29236111111111107
6 0.5008969907407408 0.16727430555555556 0.1950810185185185 0.3035300925925926