5 0.2058449074074074 0.33081597222222225 0.16923611111111114 0.2249884259259259
5 0.8088541666666667 0.09438657407407407 0.1447916666666668 0.14469907407407406
5 0.11892361111111109 0.9620949074074074 0.1853009259259259 0.07581018518518512
5 0.7171701388888889 0.26302662037037033 0.1268518518518519 0.15976851851851848
5 0.5790798611111111 0.5570486111111111 0.13873842592592603 0.2084837962962963
6 0.28825810185185186 0.6125925925925927 0.2614699074074075 0.37905092592592593
6 0.06261574074074075 0.8139004629629628 0.1252314814814815 0.1880787037037038
6 0.1170775462962963 0.5488368055555556 0.14127314814814812 0.22728009259259246
6 0.21646990740740737 0.7747800925925926 0.17012731481481486 0.2421759259259261
2 0.6346527777777778 0.05870949074074074 0.06819444444444436 0.08158564814814814
2 0.737667824074074 0.6071296296296296 0.18248842592592585 0.20978009259259256
0 0.9060590277777777 0.3625173611111111 0.16517361111111128 0.26699074074074075
6 0.44334490740740745 0.3378530092592592 0.1988773148148148 0.285150462962963
2 0.4384027777777778 0.5387962962962962 0.10594907407407402 0.1778703703703705
1 0.5730266203703703 0.07018518518518518 0.07582175925925938 0.10833333333333332
4 0.06584201388888888 0.8202199074074074 0.13168402777777777 0.20862268518518548