3 0.884375 0.4515625 0.23125 0.16328125
3 0.56953125 0.55703125 0.14765625 0.05859375
3 0.4609375 0.72421875 0.1265625 0.11015625
3 0.29609375 0.58828125 0.12890625 0.0828125
3 0.2234375 0.5921875 0.10703125 0.0609375
3 0.3515625 0.45546875 0.20546875 0.11484375
3 0.16328125 0.39765625 0.15625 0.1515625
3 0.0515625 0.2125 0.10234375 0.1046875
3 0.0484375 0.3484375 0.096875 0.18125
3 0.190625 0.1359375 0.07265625 0.053125
3 0.4015625 0.08203125 0.1 0.1640625
3 0.6375 0.75 0.06484375 0.06796875
3 0.77734375 0.75234375 0.11484375 0.05625
3 0.86796875 0.78203125 0.0796875 0.065625
3 0.70546875 0.8765625 0.1671875 0.11953125
3 0.94375 0.8765625 0.11171875 0.09765625
3 0.69375 0.96875 0.134375 0.059375