5 0.13029513888888888 0.31133680555555554 0.15885416666666669 0.12065972222222224
5 0.44991319444444444 0.6034548611111111 0.1077430555555555 0.06954861111111103
5 0.18868055555555557 0.12756944444444446 0.12458333333333335 0.12458333333333331
5 0.854670138888889 0.51015625 0.2618402777777778 0.1869791666666666
5 0.8792881944444444 0.9151909722222221 0.14201388888888894 0.065625
5 0.4795659722222222 0.32144097222222223 0.14118055555555564 0.09840277777777776
0 0.9354513888888889 0.7869097222222223 0.12909722222222228 0.146736111111111
5 0.27222222222222225 0.6190277777777778 0.17149305555555552 0.056909722222222216
0 0.9719270833333333 0.4824305555555556 0.05614583333333343 0.07020833333333343
1 0.4842534722222222 0.5675173611111111 0.07340277777777775 0.07034722222222226
1 0.5670486111111112 0.5334375 0.09628472222222229 0.04586805555555564
0 0.7118576388888889 0.5491493055555555 0.08555555555555543 0.05500000000000007
1 0.9433854166666666 0.4262326388888889 0.08246527777777786 0.056493055555555574
2 0.947795138888889 0.24055555555555558 0.104409722222222 0.1352083333333333
4 0.8563715277777778 0.06121527777777778 0.28725694444444444 0.06888888888888889
4 0.5331597222222222 0.09774305555555556 0.4413194444444445 0.18159722222222224
5 0.15052083333333335 0.23760416666666667 0.11996527777777777 0.05732638888888886
4 0.3020138888888889 0.4486805555555556 0.39197916666666666 0.21017361111111105
5 0.11526041666666667 0.6538020833333333 0.1026388888888889 0.050694444444444466
5 0.24041666666666667 0.7338888888888888 0.16371527777777778 0.05829861111111114
5 0.08168402777777778 0.6889756944444445 0.11197916666666667 0.04934027777777779
5 0.08472222222222223 0.7554166666666667 0.1371527777777778 0.05770833333333343
5 0.6066840277777779 0.7006423611111111 0.4375 0.15027777777777782
5 0.6858506944444445 0.6086979166666666 0.3099652777777777 0.10371527777777771
5 0.8447569444444444 0.6262847222222222 0.10892361111111129 0.05239583333333329
4 0.9664496527777778 0.6244270833333333 0.06710069444444429 0.075138888888889
5 0.6970138888888888 0.8650694444444443 0.173576388888889 0.08038194444444428
5 0.7523784722222222 0.931892361111111 0.12934027777777785 0.057534722222222
5 0.5809027777777779 0.9109027777777777 0.09520833333333342 0.06770833333333322
5 0.5861458333333334 0.9690190972222222 0.098298611111111 0.06196180555555557
5 0.09901041666666666 0.5901909722222223 0.08208333333333333 0.03930555555555557
5 0.09560763888888889 0.5073437500000001 0.12815972222222222 0.07468749999999993
5 0.2478298611111111 0.5755381944444444 0.10534722222222222 0.032013888888888786
5 0.32546875000000003 0.9770659722222221 0.08524305555555553 0.04093750000000007
5 0.3633506944444444 0.9599479166666667 0.047812500000000036 0.043229166666666784
5 0.6623958333333333 0.9872135416666665 0.06802083333333328 0.025572916666666855
4 0.9737847222222221 0.9235590277777778 0.052430555555555716 0.05586805555555543
0 0.7902951388888889 0.77578125 0.19482638888888887 0.12302083333333336
4 0.7456250000000001 0.3117361111111111 0.41875 0.29041666666666666
4 0.6614930555555556 0.18024305555555556 0.28326388888888887 0.16715277777777776