0 0.40083333333333326 0.24942129629629628 0.37354166666666655 0.48298611111111106
4 0.971875 0.8109664351851851 0.05625 0.2427662037037038
5 0.5408333333333333 0.08159722222222224 0.13791666666666663 0.12824074074074074
5 0.18255208333333334 0.24835069444444446 0.20510416666666664 0.29438657407407404
6 0.7933072916666667 0.8081741898148149 0.41338541666666656 0.38365162037037026
6 0.9184374999999999 0.57734375 0.16312500000000013 0.41001157407407407
6 0.8765625 0.22974537037037038 0.246875 0.40370370370370373
4 0.6433333333333333 0.0994212962962963 0.34916666666666674 0.16412037037037036
5 0.39223958333333336 0.7882233796296296 0.4613541666666666 0.42355324074074086
6 0.6685416666666667 0.5827546296296295 0.21187500000000004 0.2556712962962962
4 0.79 0.8111689814814815 0.41999999999999993 0.37766203703703705