3 0.41932870370370373 0.12164351851851851 0.18240740740740743 0.17089120370370373
3 0.38498263888888895 0.22858796296296297 0.115625 0.09270833333333339
3 0.37297453703703703 0.27934027777777776 0.16417824074074083 0.09942129629629629
3 0.6553530092592592 0.16493055555555552 0.09496527777777786 0.12390046296296298
3 0.5927662037037037 0.028153935185185185 0.13946759259259256 0.05630787037037037
3 0.5022569444444445 0.050954861111111104 0.09583333333333321 0.10190972222222221
3 0.8640914351851852 0.06142939814814814 0.11128472222222215 0.10173611111111111
3 0.8223958333333332 0.19852430555555553 0.14334490740740763 0.0838541666666667
3 0.8814525462962962 0.30789930555555556 0.20619212962962977 0.18200231481481488
2 0.43142361111111116 0.42615740740740743 0.20399305555555552 0.12262731481481488
3 0.3282407407407407 0.39328703703703705 0.15254629629629637 0.16400462962962958
3 0.6678819444444445 0.3525462962962963 0.05625 0.046238425925925954
3 0.7041377314814815 0.4043981481481481 0.053182870370370415 0.04756944444444446
3 0.6231770833333334 0.38156828703703705 0.08130787037037024 0.04965277777777786
3 0.8256944444444445 0.5301793981481481 0.07094907407407405 0.06446759259259274
3 0.8012152777777777 0.7703993055555556 0.11232638888888893 0.08778935185185191
3 0.37421875 0.7926793981481481 0.05196759259259256 0.05682870370370381
3 0.16099537037037037 0.7227719907407407 0.06603009259259256 0.05787037037037042
3 0.23550347222222223 0.6042824074074075 0.06846064814814809 0.08142361111111107
3 0.5484085648148148 0.8226273148148149 0.07181712962962958 0.04583333333333357
3 0.646701388888889 0.7982060185185185 0.06452546296296298 0.05931712962962976
3 0.7026041666666666 0.7823784722222221 0.05017361111111107 0.05046296296296297
3 0.641261574074074 0.8609375 0.051851851851851906 0.05370370370370381
3 0.690625 0.8533854166666666 0.0809606481481481 0.08234953703703703
3 0.7821469907407408 0.8434895833333333 0.1309606481481481 0.128125
3 0.9291087962962962 0.7881944444444444 0.08298611111111143 0.137037037037037
3 0.6497395833333334 0.42167245370370365 0.04861111111111107 0.05034722222222214
3 0.19600694444444444 0.4926793981481481 0.07887731481481483 0.06817129629629619
3 0.23952546296296298 0.516724537037037 0.07407407407407404 0.06469907407407405
0 0.18758680555555554 0.44655671296296295 0.07702546296296298 0.060243055555555536