6 0.3015625 0.93828125 0.0625 0.0484375
4 0.76796875 0.8921875 0.4515625 0.2125
5 0.2640625 0.6828125 0.18125 0.0671875
5 0.10390625 0.375 0.1609375 0.07890625
5 0.15 0.5015625 0.2015625 0.08046875
5 0.28203125 0.6015625 0.175 0.05703125
5 0.1359375 0.928125 0.11640625 0.0671875
6 0.371875 0.9265625 0.06875 0.04765625
3 0.1953125 0.44453125 0.04765625 0.0484375
4 0.91015625 0.26875 0.17890625 0.16484375
1 0.91171875 0.6328125 0.09375 0.05390625
5 0.9625 0.7703125 0.06484375 0.0359375
0 0.8859375 0.534375 0.228125 0.096875
0 0.828125 0.10234375 0.090625 0.03984375
4 0.9640625 0.15625 0.071875 0.0375
0 0.83671875 0.1484375 0.0625 0.04765625
0 0.8078125 0.028125 0.0921875 0.0484375
0 0.55859375 0.75390625 0.0921875 0.071875
0 0.334375 0.825 0.06796875 0.04453125
0 0.26484375 0.8625 0.04453125 0.04609375
3 0.2734375 0.29765625 0.03828125 0.02265625
3 0.19609375 0.32890625 0.021875 0.03046875
3 0.26015625 0.41171875 0.02578125 0.03203125
3 0.21875 0.38359375 0.01640625 0.025
3 0.175 0.5671875 0.01796875 0.03203125
3 0.12265625 0.7421875 0.021875 0.03203125
3 0.23671875 0.82421875 0.02734375 0.028125
0 0.60390625 0.2828125 0.0484375 0.04296875
3 0.33828125 0.4453125 0.0765625 0.03203125
3 0.03828125 0.77578125 0.06875 0.0734375
3 0.13671875 0.79453125 0.06796875 0.040625
5 0.06015625 0.984375 0.1203125 0.03125
5 0.26953125 0.440625 0.0578125 0.0328125
6 0.775 0.89453125 0.43125 0.2109375