3 0.67890625 0.8477604166666666 0.13322916666666665 0.16706018518518526
3 0.22571180555555553 0.32624421296296297 0.45128472222222227 0.646238425925926
3 0.09331597222222222 0.9304484953703703 0.12340277777777778 0.1391030092592594
3 0.12331597222222221 0.7742650462962963 0.07802083333333334 0.07016203703703709
3 0.03401041666666667 0.6878298611111111 0.02743055555555556 0.04063657407407408
3 0.12883680555555554 0.5311631944444445 0.12961805555555558 0.07478009259259259
3 0.3434027777777778 0.8122743055555557 0.19243055555555558 0.09254629629629604
3 0.6000347222222222 0.35310763888888885 0.09878472222222215 0.1618981481481482
3 0.6229340277777778 0.11961805555555553 0.09586805555555564 0.17108796296296297
3 0.7780902777777777 0.22009837962962964 0.14027777777777786 0.20336805555555557
3 0.13526041666666666 0.6797858796296297 0.14555555555555558 0.08976851851851855
3 0.0631076388888889 0.5576967592592592 0.09947916666666667 0.05270833333333336
3 0.2442708333333333 0.7049710648148148 0.10326388888888882 0.08258101851851851
3 0.30281250000000004 0.6709895833333334 0.09006944444444445 0.12081018518518523
3 0.38079861111111113 0.669369212962963 0.07902777777777778 0.1154745370370371
3 0.38333333333333336 0.910630787037037 0.17152777777777778 0.17873842592592587
3 0.4846701388888889 0.9738425925925925 0.16260416666666658 0.05231481481481488
2 0.9081076388888889 0.8746064814814816 0.1444097222222222 0.24886574074074092
2 0.9255381944444444 0.35072337962962963 0.14892361111111113 0.22295138888888894
2 0.9956250000000001 0.9296238425925927 0.008749999999999859 0.14075231481481473
2 0.18850694444444444 0.9629398148148148 0.09555555555555557 0.07412037037037038
0 0.1776388888888889 0.9015393518518519 0.08982638888888887 0.1800925925925924