5 0.1296875 0.496875 0.234375 0.1171875
4 0.553125 0.35703125 0.2359375 0.10859375
4 0.209375 0.265625 0.303125 0.2484375
4 0.27890625 0.79921875 0.27109375 0.190625
4 0.89140625 0.8734375 0.2171875 0.11796875
6 0.6390625 0.79765625 0.1671875 0.05859375
0 0.20546875 0.59609375 0.11171875 0.08046875
4 0.36015625 0.68125 0.31484375 0.10234375
3 0.44453125 0.44765625 0.05859375 0.034375
4 0.2578125 0.4265625 0.25703125 0.07109375
5 0.9578125 0.08671875 0.084375 0.0703125
0 0.7984375 0.38125 0.1984375 0.103125