5 0.44609375 0.5775231481481481 0.26875 0.14417824074074073
5 0.40625 0.8795717592592591 0.1671875 0.09811342592592567
5 0.61171875 0.44906250000000003 0.1765625 0.09974537037037035
5 0.4765625 0.35040509259259256 0.2421875 0.1361689814814815
4 0.55859375 0.08851273148148149 0.4734375 0.17225694444444445
6 0.9359375 0.2530266203703704 0.128125 0.2025115740740741
3 0.74296875 0.25706597222222227 0.1171875 0.08524305555555553
3 0.84140625 0.4265451388888889 0.096875 0.08509259259259264
3 0.72578125 0.5639699074074074 0.0921875 0.11630787037037038
0 0.365625 0.7120833333333334 0.2109375 0.128125
0 0.11171875 0.8133275462962963 0.159375 0.10586805555555542
0 0.05390625 0.9191493055555554 0.1078125 0.07267361111111086
0 0.36484375 0.9642650462962962 0.1984375 0.07146990740740762
4 0.11796875 0.6196238425925926 0.1859375 0.09825231481481485