4 0.30265624999999996 0.20154513888888892 0.3005208333333334 0.38892361111111107
6 0.8130208333333334 0.2919097222222222 0.3739583333333332 0.5543750000000001
6 0.5646354166666667 0.5790104166666666 0.16218749999999993 0.20954861111111106
4 0.38979166666666665 0.7370833333333333 0.13031250000000005 0.17607638888888885
4 0.5789583333333332 0.7631944444444445 0.12041666666666657 0.1446527777777778
4 0.8302083333333334 0.632638888888889 0.17864583333333323 0.2223958333333332
4 0.9243750000000001 0.5580555555555555 0.09020833333333336 0.15958333333333333
4 0.03390625 0.9173611111111111 0.0678125 0.16527777777777786
0 0.050520833333333334 0.7090798611111111 0.10104166666666667 0.1819097222222222
4 0.6819791666666667 0.8726736111111112 0.09739583333333321 0.15038194444444458
4 0.7452083333333334 0.8161805555555557 0.10197916666666665 0.10211805555555528
4 0.7728125 0.9302430555555556 0.06770833333333322 0.10291666666666685
4 0.14828125 0.8154340277777777 0.0953125 0.11913194444444457