5 0.2665798611111111 0.14675925925925926 0.14317129629629627 0.11917824074074072
5 0.047193287037037034 0.1587037037037037 0.08674768518518519 0.1111574074074074
5 0.34924768518518523 0.9360358796296296 0.15370370370370362 0.12792824074074077
4 0.23790509259259257 0.9417476851851851 0.22951388888888893 0.11650462962962962
5 0.18975694444444446 0.8087094907407408 0.23761574074074074 0.22767361111111128
5 0.18255208333333334 0.4878935185185185 0.18738425925925925 0.13427083333333342
6 0.5000868055555555 0.5581597222222222 0.10399305555555553 0.07164351851851851
5 0.1938946759259259 0.39424189814814814 0.12980324074074073 0.09500000000000001
5 0.4502893518518518 0.49752314814814813 0.12303240740740744 0.08056712962962961
4 0.8126157407407408 0.8584027777777777 0.37476851851851833 0.2831944444444446
4 0.31866319444444446 0.6058738425925926 0.21741898148148148 0.14540509259259266
4 0.21050347222222224 0.5690625 0.1802083333333333 0.15099537037037045
5 0.4081018518518519 0.32664351851851847 0.10399305555555553 0.11373842592592584
5 0.3127025462962963 0.23446180555555554 0.176099537037037 0.16634259259259263
1 0.08191550925925925 0.25430555555555556 0.15144675925925927 0.17423611111111112
5 0.47618634259259257 0.6705555555555556 0.12008101851851852 0.08506944444444446
5 0.336400462962963 0.5164988425925926 0.15358796296296298 0.10576388888888885