5 0.25013888888888886 0.4652604166666666 0.14555555555555558 0.1843055555555555
5 0.8613020833333334 0.7122048611111111 0.11427083333333314 0.14770833333333327
6 0.7249826388888889 0.2088888888888889 0.06500000000000003 0.12788194444444442
5 0.5844097222222222 0.40010416666666665 0.07458333333333336 0.13277777777777774
6 0.7587152777777778 0.4234895833333333 0.05923611111111118 0.06843749999999993
4 0.7081423611111111 0.60265625 0.24034722222222235 0.20982638888888888
2 0.38501736111111107 0.4971354166666666 0.10489583333333333 0.14750000000000013
4 0.33977430555555554 0.21671875 0.05166666666666666 0.10885416666666661
5 0.4768402777777778 0.40317708333333335 0.04104166666666664 0.08052083333333329
5 0.5257465277777778 0.4323611111111111 0.045798611111111144 0.08218750000000004
4 0.53125 0.25765625 0.061979166666666606 0.09503472222222217
4 0.718125 0.8358680555555555 0.26513888888888887 0.328263888888889
0 0.1599479166666667 0.35008680555555555 0.06482638888888888 0.08885416666666668