5 0.754068287037037 0.5674768518518519 0.1554861111111112 0.08876157407407419
5 0.4430208333333333 0.6320023148148148 0.16854166666666667 0.10825231481481482
5 0.8543229166666666 0.2478472222222222 0.08356481481481488 0.08293981481481474
0 0.08335069444444444 0.38827546296296295 0.16670138888888889 0.10999999999999996
5 0.17429398148148148 0.7209490740740742 0.26547453703703705 0.16858796296296302
5 0.9171412037037037 0.47853009259259255 0.14608796296296306 0.1927083333333334
5 0.31379050925925933 0.42399305555555555 0.25288194444444445 0.16472222222222221
5 0.8174652777777778 0.7786284722222222 0.2922337962962963 0.22944444444444442
5 0.5721006944444444 0.15833912037037037 0.137199074074074 0.10327546296296294
5 0.12949652777777776 0.14619791666666665 0.18761574074074075 0.12030092592592592
6 0.07280671296296296 0.8362037037037038 0.1456134259259259 0.21615740740740746
6 0.020306712962962964 0.9215219907407407 0.04061342592592593 0.04929398148148145
5 0.44825231481481487 0.34978587962962965 0.32124999999999987 0.3138310185185185
5 0.9408738425925925 0.2850636574074074 0.09550925925925924 0.06493055555555553
5 0.8119849537037037 0.30325231481481485 0.17358796296296292 0.06799768518518512
5 0.9503877314814815 0.17527777777777778 0.09422453703703723 0.07421296296296295
2 0.8725405092592592 0.16127314814814814 0.07809027777777758 0.056099537037037
4 0.8622106481481481 0.11370370370370368 0.08093749999999993 0.04690972222222225
5 0.5862037037037038 0.07856481481481481 0.1257986111111112 0.08700231481481482
5 0.39976273148148145 0.058124999999999996 0.15047453703703706 0.07754629629629631
5 0.5112789351851852 0.045167824074074076 0.14619212962962963 0.03829861111111112
5 0.18063657407407407 0.08427083333333334 0.2574768518518519 0.161875
5 0.35204282407407406 0.13668981481481482 0.12819444444444442 0.1152199074074074
5 0.4808969907407407 0.17250000000000001 0.1624305555555555 0.11256944444444442
5 0.23335648148148147 0.25957175925925924 0.11711805555555559 0.1098842592592593
5 0.06827546296296297 0.28422453703703704 0.11178240740740741 0.0877314814814815
5 0.19125 0.30716435185185187 0.16900462962962964 0.12387731481481482
4 0.26875578703703706 0.6232407407407408 0.22526620370370373 0.18024305555555564
2 0.21585069444444444 0.4541898148148148 0.11504629629629629 0.09260416666666664
5 0.6608275462962963 0.22777199074074073 0.045462962962962906 0.060405092592592614