4 0.9297916666666666 0.11820023148148148 0.13865740740740762 0.04924768518518521
0 0.5526851851851852 0.7957175925925926 0.20526620370370363 0.13993055555555572
0 0.9128414351851852 0.7166956018518519 0.12285879629629619 0.09484953703703702
5 0.5011168981481482 0.6071180555555555 0.12115740740740737 0.0900462962962962
2 0.08440972222222223 0.2693287037037037 0.1642361111111111 0.17586805555555554
5 0.18033564814814818 0.7313368055555556 0.18224537037037036 0.15225694444444465
0 0.0003125000000000003 0.7679976851851852 0.0006250000000000006 0.10162037037037042
2 0.07346064814814815 0.6873842592592593 0.1469212962962963 0.11226851851851852
0 0.6717303240740741 0.7152777777777778 0.21855324074074076 0.1674189814814815
0 0.8460358796296296 0.9408420138888889 0.1981481481481481 0.11831597222222215
0 0.6847858796296297 0.9857928240740741 0.12883101851851855 0.028414351851851906
4 0.4975057870370371 0.41189236111111105 0.3784953703703703 0.2509837962962962
2 0.8021296296296295 0.3044849537037037 0.14620370370370353 0.0934606481481481
2 0.897349537037037 0.3146701388888889 0.19631944444444435 0.20630787037037032
4 0.8941435185185185 0.15862268518518519 0.1893634259259258 0.12939814814814815
2 0.5655381944444444 0.12410300925925925 0.5220486111111111 0.2023726851851852
2 0.12271412037037037 0.4827835648148149 0.18927083333333333 0.1262731481481481
4 0.16234953703703706 0.3870659722222222 0.16504629629629627 0.09797453703703703
3 0.5840393518518519 0.5302662037037037 0.10616898148148142 0.057754629629629586
1 0.7890451388888888 0.5611111111111111 0.14759259259259264 0.14033564814814808