4 0.492193287037037 0.36898148148148147 0.5136458333333334 0.3307986111111111
4 0.07059027777777778 0.4457175925925926 0.14118055555555556 0.3148148148148149
6 0.7130844907407408 0.7911631944444444 0.5001041666666666 0.40085648148148145
6 0.2033738425925926 0.9736747685185186 0.4067476851851852 0.051493055555555854
4 0.07453125000000001 0.8992997685185186 0.14906250000000001 0.2011226851851852
4 0.04681423611111111 0.7263715277777777 0.09362847222222222 0.18618055555555557
6 0.3586342592592592 0.7316203703703704 0.24042824074074076 0.15032407407407417
6 0.8380208333333332 0.44426504629629626 0.1674768518518519 0.1586111111111112
5 0.7830787037037037 0.11876736111111111 0.4115277777777777 0.19813657407407406
6 0.31578703703703703 0.202974537037037 0.31141203703703696 0.13420138888888894
5 0.11661458333333334 0.16697916666666668 0.23322916666666668 0.11604166666666664
5 0.39023148148148146 0.020688657407407406 0.253912037037037 0.04137731481481481
6 0.9335532407407406 0.40850115740740744 0.10097222222222228 0.23100694444444442