3 0.103125 0.6243055555555556 0.09541666666666666 0.09729166666666664
3 0.16765625 0.65390625 0.08979166666666667 0.12993055555555558
3 0.3575520833333333 0.65734375 0.084375 0.09548611111111108
3 0.4301041666666666 0.6487847222222223 0.12135416666666679 0.11190972222222229
3 0.13557291666666665 0.5014062499999999 0.13187500000000002 0.12930555555555542
3 0.2877604166666667 0.54234375 0.11312499999999996 0.10548611111111121
3 0.20953125 0.5421701388888889 0.07427083333333337 0.0609375
3 0.4103125 0.4879513888888889 0.2888541666666667 0.23732638888888893
3 0.58515625 0.5411284722222222 0.16739583333333333 0.10045138888888872
3 0.46630208333333334 0.12928819444444445 0.15489583333333332 0.24059027777777775
3 0.23395833333333335 0.2579166666666667 0.11270833333333333 0.16944444444444445
3 0.8435937500000001 0.5844270833333333 0.16145833333333356 0.10500000000000007
3 0.8578125 0.7584375 0.09010416666666679 0.08781250000000007
3 0.8618750000000001 0.8618055555555555 0.11864583333333342 0.14149305555555572
3 0.7486458333333333 0.8115625 0.16864583333333344 0.14260416666666664
3 0.8989062499999999 0.09508680555555556 0.12416666666666672 0.0838888888888889
3 0.6884895833333333 0.07085069444444445 0.11031250000000004 0.08670138888888887
3 0.5116666666666667 0.02388888888888889 0.042291666666666575 0.02590277777777778
3 0.5996874999999999 0.04149305555555556 0.06083333333333343 0.04659722222222222