6 0.8578819444444445 0.4860185185185185 0.12438657407407412 0.14373842592592592
6 0.9059027777777778 0.36381365740740745 0.10471064814814782 0.11151620370370371
3 0.8175694444444446 0.03414351851851852 0.07910879629629619 0.06828703703703703
3 0.8203414351851851 0.19611111111111112 0.06693287037037052 0.10019675925925924
3 0.7760069444444444 0.15224537037037036 0.08651620370370364 0.12929398148148147
3 0.7230902777777778 0.16203125000000002 0.09552083333333332 0.11728009259259262
3 0.6740219907407408 0.020870949074074073 0.0642129629629629 0.041741898148148146
3 0.6467708333333333 0.12138888888888888 0.06150462962962955 0.07495370370370372
3 0.589207175925926 0.10637731481481483 0.06876157407407409 0.05660879629629632
3 0.4413310185185185 0.15942708333333333 0.055624999999999855 0.0871296296296296
3 0.11137152777777777 0.08811921296296296 0.04991898148148151 0.05251157407407407
3 0.3247453703703703 0.1858159722222222 0.11349537037037045 0.1447337962962963
3 0.39784722222222224 0.22349537037037037 0.06908564814814815 0.06754629629629631
3 0.48941550925925925 0.22422453703703704 0.06402777777777775 0.05480324074074074
6 0.7357118055555556 0.2975231481481481 0.04844907407407408 0.05555555555555554
3 0.6984895833333333 0.30884259259259256 0.04748842592592588 0.07578703703703704
3 0.6598842592592593 0.2998900462962963 0.05199074074074091 0.06978009259259262
3 0.4916435185185185 0.3258275462962963 0.09440972222222221 0.07978009259259258
3 0.3927025462962963 0.44597800925925923 0.09280092592592597 0.07813657407407408
3 0.26291087962962967 0.29074074074074074 0.06876157407407409 0.05660879629629632
3 0.12932291666666668 0.4299016203703704 0.06899305555555557 0.06442129629629623
3 0.2073958333333333 0.3976851851851852 0.06062500000000002 0.04526620370370367
3 0.3201157407407408 0.34645833333333337 0.07997685185185191 0.06655092592592596
3 0.16148726851851852 0.5119560185185186 0.10203703703703706 0.07393518518518523
3 0.06968171296296297 0.5824421296296297 0.09868055555555555 0.06596064814814824
3 0.09028935185185186 0.6705729166666667 0.1007060185185185 0.08166666666666664
3 0.2116898148148148 0.7010532407407407 0.0909143518518519 0.0671180555555555
3 0.23641203703703706 0.5847511574074075 0.14506944444444442 0.15729166666666677
3 0.392806712962963 0.6079398148148148 0.14216435185185183 0.1118981481481482
3 0.49244212962962963 0.5112268518518518 0.08356481481481488 0.08233796296296295
3 0.7408043981481481 0.5750289351851852 0.1725462962962963 0.13687500000000002
3 0.707957175925926 0.41711226851851857 0.09675925925925917 0.10642361111111107
3 0.7914756944444445 0.3838310185185185 0.11210648148148153 0.09785879629629628
3 0.9743981481481481 0.7922800925925926 0.05120370370370395 0.08201388888888897
3 0.9170370370370371 0.8452256944444445 0.12465277777777786 0.1000694444444445
3 0.829224537037037 0.8920312499999999 0.09509259259259259 0.05017361111111107
3 0.33328125000000003 0.8700173611111112 0.14579861111111114 0.1292476851851852
3 0.3776736111111111 0.9686516203703703 0.14453703703703696 0.0340162037037036
3 0.5856597222222222 0.910920138888889 0.1410648148148148 0.1274421296296296
3 0.7184953703703704 0.9048148148148147 0.11959490740740755 0.08732638888888858