6 0.07860532407407407 0.7847511574074074 0.0764699074074074 0.2117476851851851
1 0.5833796296296296 0.4372106481481482 0.23835648148148145 0.28634259259259254
0 0.316255787037037 0.910619212962963 0.17037037037037042 0.13883101851851834
4 0.33775462962962965 0.7845486111111112 0.1645138888888889 0.19785879629629638
4 0.09005208333333334 0.3701388888888889 0.155474537037037 0.33472222222222225
4 0.48357060185185186 0.15078125 0.20776620370370366 0.3015625
4 0.617175925925926 0.5847222222222223 0.13759259259259266 0.2171296296296296
2 0.7656886574074073 0.3294560185185185 0.06750000000000007 0.08668981481481479
5 0.830005787037037 0.1812355324074074 0.2641319444444445 0.3624710648148148
5 0.8626388888888888 0.921701388888889 0.1432407407407407 0.10196759259259239
5 0.9714004629629629 0.22042824074074074 0.05719907407407412 0.23055555555555554
1 0.6452141203703704 0.2783275462962963 0.11393518518518526 0.1336226851851851
6 0.5902256944444444 0.4338252314814815 0.2167476851851852 0.2637152777777777