3 0.8148148148148149 0.22043981481481484 0.2904166666666669 0.2692361111111111
3 0.7355844907407407 0.6489872685185185 0.3252546296296298 0.3085416666666667
3 0.65796875 0.8807233796296297 0.26670138888888884 0.20346064814814824
3 0.4734548611111111 0.9148900462962963 0.2037384259259259 0.16394675925925917
3 0.43107638888888894 0.8285185185185184 0.06902777777777765 0.06611111111111115
3 0.2492476851851852 0.8259606481481482 0.15556712962962962 0.13859953703703703
3 0.2858159722222222 0.9490798611111112 0.15658564814814815 0.09799768518518519
3 0.16133680555555555 0.9851446759259259 0.1451273148148148 0.02762731481481495
3 0.1232175925925926 0.7021180555555555 0.2464351851851852 0.4270138888888889
3 0.15483796296296296 0.2971759259259259 0.11106481481481482 0.15388888888888896
3 0.3073148148148148 0.30854166666666666 0.1636226851851852 0.14334490740740743
3 0.36 0.061481481481481484 0.182962962962963 0.12296296296296297
3 0.5462789351851851 0.024699074074074075 0.09181712962962969 0.04939814814814815
3 0.2710532407407407 0.5259143518518519 0.07428240740740737 0.07708333333333321
3 0.9233449074074074 0.29616898148148146 0.1088078703703701 0.2007291666666667
3 0.01587962962962963 0.27015046296296297 0.03175925925925926 0.07844907407407406
3 0.049207175925925925 0.4065104166666667 0.06326388888888888 0.0754398148148148
3 0.6538078703703704 0.2380324074074074 0.1491087962962963 0.1947800925925926
3 0.8106944444444444 0.1041087962962963 0.09613425925925938 0.10692129629629629
3 0.5122800925925926 0.24142361111111113 0.06565972222222224 0.061400462962962976
3 0.5774594907407408 0.24953124999999998 0.061296296296296224 0.06761574074074073
3 0.47524305555555557 0.3080787037037037 0.06105324074074083 0.06292824074074073
3 0.4575766328125 0.7494272421875 0.4603696609375 0.753142175 0.460747865625 0.7575129328125 0.46266269375 0.7584840546875 0.465117125 0.7566991046875 0.46446763124999996 0.7550115484375 0.4739437875 0.7449821953125 0.4782368109375 0.7438162828125 0.4882772953125 0.7429534 0.500571203125 0.7485615265625001 0.504787990625 0.7470435281250001 0.5090018015625 0.7481358640625 0.51409976875 0.746751340625 0.5236125515625 0.7382031984374999 0.5335946578125 0.7213262265625 0.5446381140625001 0.7145991140625 0.5453301921875 0.7125472125 0.5155097953125 0.6863493109375 0.4631352296875 0.6465189078125 0.4551679984375 0.6438364140624999 0.45412839531250004 0.6482194359375 0.4510185171875 0.6535375 0.4415453375 0.6609565171875 0.43090480937500003 0.683976934375 0.42814841093749995 0.6817432125 0.427764253125 0.682593121875 0.4285632421875 0.6875951796875001 0.4254137578125 0.69404236875 0.42336523125000003 0.709510290625 0.4278661265625 0.7276729703125 0.43299179375 0.7356006578125001 0.43697392031250004 0.7382470718749999 0.43915408593749994 0.741755659375 0.4499905828125 0.748505171875 0.4575766328125 0.7494272421875
3 0.5527025462962963 0.5613136574074075 0.06655092592592596 0.07858796296296297
3 0.712037037037037 0.5609143518518518 0.0439699074074074 0.03468750000000007
3 0.7380729166666666 0.5708738425925926 0.035995370370370414 0.03150462962962965
3 0.903917824074074 0.8515682870370369 0.060243055555555716 0.0473032407407409
3 0.9014583333333335 0.492349537037037 0.06501157407407376 0.04890046296296298