3 0.02318287037037037 0.7232291666666667 0.04636574074074074 0.11291666666666664
3 0.1520486111111111 0.7042650462962963 0.09105324074074073 0.1350347222222222
3 0.21936342592592592 0.5897164351851852 0.10495370370370374 0.12420138888888879
3 0.23605324074074074 0.7286400462962963 0.07751157407407402 0.06462962962962955
3 0.3553587962962963 0.7957175925925926 0.10626157407407408 0.10702546296296304
3 0.3281886574074074 0.6787442129629631 0.08567129629629626 0.08812500000000015
3 0.48046296296296304 0.7877604166666666 0.10278935185185176 0.08356481481481488
3 0.4025578703703704 0.8789525462962964 0.11143518518518522 0.1398726851851851
3 0.6250462962962964 0.7304456018518518 0.1883333333333333 0.2685532407407408
3 0.8338773148148148 0.13287037037037036 0.08548611111111129 0.07562500000000001
3 0.7667187500000001 0.1841435185185185 0.09702546296296291 0.11633101851851854
3 0.591568287037037 0.1985763888888889 0.42623842592592603 0.3971527777777778
3 0.2720486111111111 0.09172453703703703 0.12034722222222224 0.10869212962962964
3 0.3168634259259259 0.23043981481481485 0.10444444444444442 0.08982638888888887
3 0.23726851851851852 0.01494212962962963 0.10671296296296298 0.02988425925925926
3 0.3410127314814815 0.025462962962962965 0.08984953703703705 0.05092592592592593
3 0.8395949074074075 0.06330439814814814 0.08256944444444443 0.08966435185185184
3 0.19822916666666665 0.43442129629629633 0.2477199074074074 0.3752314814814815