4 0.515625 0.85234375 0.47578125 0.20703125
4 0.215625 0.1703125 0.20390625 0.15546875
5 0.79375 0.81015625 0.18046875 0.11171875
5 0.4671875 0.08046875 0.246875 0.1515625
0 0.88828125 0.2359375 0.2234375 0.23515625
1 0.60078125 0.2578125 0.1828125 0.1234375
0 0.44609375 0.25546875 0.15078125 0.10390625
5 0.2484375 0.3078125 0.10625 0.10625
0 0.04765625 0.328125 0.0953125 0.08203125
0 0.071875 0.40703125 0.14375 0.1328125
6 0.0890625 0.52265625 0.16875 0.06171875
1 0.45625 0.58046875 0.3 0.11875
1 0.4265625 0.4859375 0.1453125 0.08671875
1 0.20078125 0.721875 0.24375 0.15546875
5 0.0671875 0.940625 0.134375 0.11796875
2 0.7921875 0.9515625 0.27265625 0.09609375
4 0.79453125 0.95234375 0.25859375 0.0953125
0 0.9578125 0.56796875 0.084375 0.1625
0 0.25234375 0.38125 0.29140625 0.1359375