5 0.809375 0.02890625 0.1046875 0.0578125
5 0.4609375 0.05625 0.11171875 0.11015625
5 0.721875 0.43203125 0.1390625 0.07265625
5 0.5671875 0.53671875 0.209375 0.09375
5 0.62265625 0.2625 0.14453125 0.08984375
5 0.13515625 0.10390625 0.2703125 0.18984375
5 0.9109375 0.59765625 0.146875 0.07265625
5 0.5046875 0.9078125 0.15859375 0.1484375
5 0.68671875 0.63671875 0.21328125 0.1015625
4 0.41875 0.4125 0.2546875 0.14453125
5 0.14609375 0.54921875 0.18984375 0.13203125
5 0.79296875 0.27578125 0.1015625 0.06484375
5 0.82890625 0.51328125 0.1328125 0.06015625
0 0.9125 0.13046875 0.1734375 0.08203125
0 0.6734375 0.13203125 0.18125 0.0765625
0 0.659375 0.03046875 0.14140625 0.06015625
5 0.2515625 0.2046875 0.17109375 0.09765625
2 0.871875 0.4140625 0.1140625 0.0515625
4 0.11875 0.8859375 0.23671875 0.22734375
4 0.84296875 0.66640625 0.1109375 0.06640625
5 0.49453125 0.1875 0.13359375 0.1
0 0.815625 0.19453125 0.10703125 0.07109375