5 0.15078125 0.04609375 0.14375 0.0828125
5 0.87578125 0.6453125 0.2453125 0.12890625
4 0.4140625 0.1984375 0.22734375 0.14375
4 0.3390625 0.06328125 0.22109375 0.12578125
5 0.6734375 0.30234375 0.27421875 0.1234375
5 0.11171875 0.509375 0.2234375 0.12109375
4 0.48828125 0.7546875 0.35703125 0.22109375
5 0.81484375 0.79765625 0.35625 0.1984375
4 0.66015625 0.1046875 0.21171875 0.08203125
5 0.621875 0.1859375 0.1234375 0.109375
5 0.540625 0.03203125 0.11171875 0.06328125
5 0.86953125 0.1625 0.2609375 0.08125
5 0.91640625 0.42421875 0.1671875 0.1546875
4 0.6203125 0.5125 0.28125 0.146875
4 0.47578125 0.3890625 0.34453125 0.09140625
4 0.121875 0.81953125 0.24296875 0.3609375