5 0.5765625 0.778125 0.15703125 0.078125
4 0.89921875 0.9171875 0.20078125 0.1640625
5 0.57109375 0.67421875 0.14921875 0.0765625
5 0.67109375 0.96796875 0.1125 0.06171875
5 0.7703125 0.834375 0.16796875 0.07734375
5 0.540625 0.0921875 0.50390625 0.18359375
0 0.3265625 0.4890625 0.3359375 0.36171875
0 0.8296875 0.1296875 0.08359375 0.05625
1 0.834375 0.425 0.10078125 0.04765625
0 0.87734375 0.36015625 0.14375 0.05703125
1 0.8109375 0.27578125 0.1203125 0.05234375
5 0.34375 0.215625 0.09921875 0.27578125
2 0.85625 0.703125 0.128125 0.06015625
0 0.725 0.65 0.13203125 0.05703125
2 0.8953125 0.6265625 0.20546875 0.0765625
0 0.97734375 0.35859375 0.04296875 0.0546875
1 0.68203125 0.540625 0.1234375 0.04765625
6 0.6921875 0.3984375 0.0453125 0.0484375
1 0.8359375 0.55234375 0.12265625 0.0765625
5 0.52421875 0.57421875 0.1234375 0.0578125
5 0.54375 0.865625 0.1125 0.04140625