4 0.22036458333333334 0.36421296296296296 0.44072916666666667 0.5315509259259259
4 0.19648726851851853 0.8173842592592593 0.36947916666666664 0.36523148148148155
6 0.5064351851851852 0.10049189814814814 0.2058796296296297 0.18894675925925924
0 0.8211226851851852 0.4849247685185185 0.29950231481481493 0.4980787037037038
5 0.4113599537037037 0.5577777777777777 0.2464236111111111 0.289525462962963
1 0.5676909722222222 0.7656076388888888 0.2939467592592592 0.33396990740740745
5 0.09489583333333333 0.14516203703703703 0.18979166666666666 0.17782407407407405
0 0.8288310185185186 0.9140393518518518 0.10299768518518526 0.09837962962962976
4 0.13303819444444445 0.6724305555555555 0.16488425925925929 0.16334490740740737
1 0.4574363425925926 0.9244444444444444 0.25075231481481486 0.15111111111111128
2 0.9386863425925928 0.5140162037037037 0.07960648148148124 0.10115740740740727
2 0.9733738425925926 0.3879398148148148 0.022847222222222286 0.06594907407407416
0 0.7611458333333333 0.1027025462962963 0.24333333333333335 0.18637731481481482
1 0.6582581018518519 0.45438078703703705 0.19376157407407407 0.31998842592592586