6 0.9015625 0.909375 0.1953125 0.18046875
6 0.3609375 0.784375 0.20546875 0.11484375
5 0.91328125 0.50390625 0.17265625 0.08984375
0 0.41171875 0.121875 0.4796875 0.24375
2 0.09453125 0.8375 0.18828125 0.25625
0 0.4609375 0.3296875 0.1765625 0.0984375
6 0.3890625 0.91484375 0.353125 0.1703125
2 0.67421875 0.86015625 0.36015625 0.2796875
4 0.64140625 0.55078125 0.159375 0.06875
0 0.76015625 0.41796875 0.13359375 0.0875
0 0.6921875 0.4953125 0.13203125 0.078125
0 0.43359375 0.325 0.14609375 0.10078125
2 0.69921875 0.28046875 0.0703125 0.0421875
0 0.89921875 0.265625 0.0890625 0.0515625
2 0.68359375 0.13359375 0.2765625 0.2046875
4 0.23125 0.63984375 0.1765625 0.11875