5 0.6808854166666667 0.6028182870370371 0.2085532407407406 0.11521990740740726
4 0.8966319444444444 0.07679398148148148 0.2041435185185186 0.15358796296296295
5 0.6730381944444443 0.24325810185185187 0.17056712962962947 0.10390046296296296
5 0.3135300925925926 0.1442476851851852 0.2175578703703703 0.16866898148148152
5 0.5450868055555556 0.787505787037037 0.2395717592592593 0.2025347222222223
5 0.16541087962962964 0.8957870370370371 0.3308217592592593 0.18655092592592587
5 0.4810011574074074 0.13010995370370368 0.12210648148148148 0.13099537037037035
4 0.1560619212962963 0.27097800925925924 0.3121238425925926 0.16916666666666663
5 0.15514467592592593 0.4189293981481482 0.23135416666666667 0.19431712962962955
5 0.7302488425925926 0.011151620370370369 0.15695601851851854 0.022303240740740738
5 0.31035879629629626 0.08519675925925926 0.22302083333333336 0.1237615740740741
2 0.4059143518518519 0.3911226851851851 0.20427083333333335 0.12278935185185187
6 0.37023148148148144 0.6134722222222223 0.42333333333333334 0.2603703703703705
2 0.08986979166666667 0.5774768518518518 0.17973958333333334 0.09369212962962958
0 0.057650462962962966 0.7453703703703705 0.11530092592592593 0.22800925925925916
2 0.19014467592592593 0.7957812499999999 0.23503472222222221 0.11503472222222229
4 0.47431134259259256 0.935318287037037 0.18982638888888897 0.08464120370370373
1 0.6285243055555555 0.9514756944444445 0.17325231481481485 0.03547453703703703
0 0.8908680555555556 0.8957986111111111 0.059710648148148235 0.09971064814814809
4 0.855295138888889 0.6802604166666667 0.2186805555555555 0.3105324074074073
5 0.8443518518518518 0.9363888888888889 0.12990740740740742 0.041018518518518475
5 0.6147916666666667 0.37483796296296296 0.17056712962962947 0.10390046296296296
5 0.8084895833333334 0.3507696759259259 0.15520833333333356 0.07817129629629634
5 0.9366030092592592 0.2241377314814815 0.10313657407407391 0.09572916666666664
4 0.7855092592592593 0.8841203703703704 0.21222222222222237 0.15592592592592602
2 0.5378935185185185 0.26506944444444447 0.1976967592592594 0.1162152777777778
4 0.7044212962962962 0.14891203703703704 0.1691087962962964 0.07577546296296296