3 0.30789930555555556 0.3439814814814815 0.31364583333333335 0.35324074074074063
3 0.099375 0.08819444444444445 0.11687499999999999 0.17280092592592594
3 0.2070138888888889 0.025665509259259256 0.15159722222222224 0.04149305555555556
3 0.27578125 0.6792824074074074 0.2779166666666667 0.3565972222222221
3 0.2653298611111111 0.9144386574074075 0.1485763888888889 0.1490162037037038
3 0.06619791666666666 0.8303819444444445 0.13239583333333332 0.23576388888888894
3 0.6652256944444443 0.9880208333333332 0.09746527777777772 0.02395833333333357
3 0.8034027777777777 0.9576099537037038 0.11444444444444457 0.08478009259259238
3 0.6248958333333333 0.9691695601851851 0.06888888888888882 0.06166087962962976
3 0.14510416666666665 0.3622106481481482 0.13732638888888887 0.10648148148148148
2 0.9190451388888888 0.18585069444444444 0.15718749999999987 0.20237268518518517