1 0.5953125 0.4448784722222222 0.1328125 0.21140046296296297
1 0.76796875 0.317042824074074 0.1015625 0.1356481481481481
1 0.84296875 0.47337962962962965 0.08125 0.11851851851851851
4 0.96328125 0.4807291666666666 0.0734375 0.19762731481481488
4 0.96171875 0.6368634259259259 0.0765625 0.1337962962962962
4 0.92578125 0.824045138888889 0.1484375 0.3188078703703702
6 0.88984375 0.9562210648148148 0.2203125 0.08755787037037024
0 0.6984375 0.7966869212962963 0.2046875 0.40662615740740743
2 0.1828125 0.8076388888888889 0.290625 0.38472222222222213
0 0.26484375 0.8274305555555556 0.0703125 0.08802083333333321
0 0.36328125 0.9483796296296297 0.0546875 0.10324074074074048
0 0.24140625 0.5702256944444445 0.1140625 0.24751157407407404