5 0.6372743055555555 0.76875 0.09512731481481485 0.1859375
5 0.4213078703703704 0.60390625 0.1174768518518519 0.25
5 0.21623842592592593 0.86640625 0.10331018518518516 0.2359375
4 0.7566608796296296 0.2609375 0.2643749999999999 0.4640625
4 0.4811226851851852 0.33359375 0.1387731481481481 0.3828125
5 0.5202430555555555 0.53671875 0.15146990740740734 0.1984375
5 0.7256539351851852 0.54453125 0.10290509259259259 0.18125
6 0.8676736111111112 0.778125 0.08353009259259281 0.096875
5 0.8868460648148148 0.615625 0.052465277777777784 0.121875
5 0.8082523148148149 0.67890625 0.08067129629629619 0.1328125
5 0.8842997685185185 0.22109375 0.198113425925926 0.378125
0 0.36511574074074077 0.06875 0.08994212962962962 0.11875