6 0.40625 0.77265625 0.2078125 0.13046875
6 0.165625 0.81484375 0.23125 0.15390625
6 0.7640625 0.78828125 0.2640625 0.0875
1 0.59453125 0.82109375 0.09609375 0.07109375
3 0.57421875 0.7625 0.0890625 0.05234375
0 0.52578125 0.67578125 0.0921875 0.059375
0 0.61171875 0.634375 0.11796875 0.065625
0 0.5296875 0.571875 0.0578125 0.0359375
5 0.36171875 0.5890625 0.19453125 0.128125
6 0.24375 0.59921875 0.06953125 0.0890625
4 0.17734375 0.1078125 0.2078125 0.12890625
2 0.23828125 0.303125 0.09921875 0.0546875
0 0.4734375 0.1015625 0.121875 0.04296875
0 0.62109375 0.1640625 0.0890625 0.08515625
0 0.5390625 0.1515625 0.08359375 0.0375