4 0.530787037037037 0.759056712962963 0.17037037037037042 0.2992361111111112
5 0.19346064814814815 0.9182118055555556 0.09479166666666669 0.15600694444444443
5 0.2226273148148148 0.1729224537037037 0.10700231481481488 0.14837962962962964
5 0.5510706018518519 0.4435590277777778 0.184375 0.2135532407407407
5 0.7874710648148148 0.5822916666666667 0.36620370370370364 0.4005208333333332
5 0.3234085648148148 0.5965219907407407 0.17326388888888894 0.2508680555555555
4 0.11079282407407406 0.5120775462962963 0.16712962962962963 0.3382291666666667
4 0.48637152777777776 0.9410532407407407 0.08744212962962958 0.11789351851851855
0 0.602488425925926 0.9285358796296297 0.11342592592592596 0.14292824074074062
0 0.7390335648148147 0.8137326388888889 0.12482638888888893 0.16582175925925924
4 0.40234375 0.9526070601851853 0.06932870370370363 0.09478587962962948
0 0.6029803240740741 0.09726273148148148 0.07262731481481488 0.10570601851851853
0 0.7881076388888889 0.9596122685185187 0.1096643518518519 0.08077546296296276
0 0.8540509259259259 0.9937731481481482 0.08842592592592595 0.012453703703703667
1 0.9052662037037038 0.9613194444444446 0.09398148148148167 0.07736111111111085
0 0.5347222222222222 0.7583333333333334 0.15653935185185192 0.3052777777777777