6 0.5078125 0.2284722222222222 0.959375 0.45569444444444446
6 0.11640625 0.7346180555555556 0.2328125 0.44736111111111115
6 0.23515625 0.8521006944444445 0.315625 0.2742013888888888
6 0.18203125 0.937638888888889 0.3640625 0.106527777777778
0 0.57265625 0.44319444444444445 0.4296875 0.27517361111111105
0 0.20703125 0.4960069444444445 0.1984375 0.14190972222222217
6 0.89921875 0.4535763888888889 0.2015625 0.20916666666666667
5 0.95390625 0.14776041666666667 0.0921875 0.13329861111111113
5 0.92890625 0.3018923611111111 0.1421875 0.19065972222222224
6 0.15546875 0.2784548611111111 0.26875 0.19347222222222227
6 0.590625 0.6131249999999999 0.296875 0.23159722222222215