4 0.8518373842592591 0.683420138888889 0.29632523148148165 0.4322222222222223
5 0.35381944444444446 0.4533333333333333 0.1604976851851852 0.18826388888888895
5 0.5404050925925926 0.4888194444444444 0.15990740740740747 0.2538194444444445
0 0.3589409722222222 0.23104166666666667 0.4178819444444445 0.46208333333333335
5 0.19329282407407405 0.019652777777777776 0.18658564814814813 0.03930555555555555
5 0.7962905092592593 0.2204340277777778 0.40741898148148153 0.4408680555555556
6 0.7082233796296297 0.8933506944444444 0.43505787037037036 0.17079861111111114
1 0.43932870370370375 0.7372222222222222 0.11281250000000007 0.13149305555555557
1 0.09508101851851852 0.6133680555555555 0.076875 0.12989583333333332
4 0.17936342592592594 0.39229166666666665 0.1566435185185185 0.24430555555555564
0 0.09007523148148149 0.22270833333333334 0.15697916666666667 0.37236111111111103
5 0.05168402777777777 0.48083333333333333 0.09350694444444445 0.3039583333333333
0 0.9513194444444444 0.44222222222222224 0.09736111111111115 0.19520833333333343