3 0.03272569444444444 0.8011284722222222 0.06076388888888888 0.08225694444444472
3 0.008304398148148148 0.1518923611111111 0.016608796296296295 0.10559027777777778
3 0.24797453703703703 0.27522569444444445 0.11736111111111107 0.13624999999999998
3 0.2941550925925926 0.58671875 0.10491898148148149 0.09513888888888893
3 0.5181134259259259 0.6890798611111111 0.07829861111111107 0.050277777777777824
0 0.05182291666666666 0.5152951388888889 0.10364583333333333 0.14128472222222221
2 0.7540509259259259 0.5732986111111111 0.11394675925925916 0.17041666666666658
3 0.3488425925925926 0.9633506944444445 0.07488425925925926 0.042326388888889
3 0.24615162037037036 0.9772743055555555 0.0726273148148148 0.0235069444444445
3 0.03726851851851851 0.9732986111111112 0.03298611111111112 0.048263888888888926
2 0.10491898148148149 0.4146006944444444 0.20983796296296298 0.19892361111111115
2 0.6473958333333334 0.7784895833333334 0.10318287037037024 0.21673611111111094
3 0.34233217592592596 0.8864236111111111 0.08547453703703703 0.07555555555555564
3 0.32471064814814815 0.814670138888889 0.12222222222222223 0.09902777777777771