5 0.36615162037037036 0.06798032407407407 0.1145717592592593 0.11725694444444443
0 0.619357638888889 0.5231423611111111 0.1319791666666667 0.20043981481481482
5 0.7826620370370371 0.9899074074074073 0.09321759259259252 0.02018518518518526
4 0.30399305555555556 0.6546701388888889 0.2629398148148148 0.3836921296296296
4 0.0875 0.7688425925925927 0.175 0.27178240740740733
4 0.028327546296296295 0.6692881944444444 0.05665509259259259 0.24482638888888886
6 0.01670138888888889 0.47578703703703706 0.03340277777777778 0.2859490740740741
6 0.1350636574074074 0.40028356481481475 0.2701273148148148 0.3724421296296295
4 0.29063657407407406 0.29896412037037035 0.2385532407407407 0.31434027777777784
4 0.44590856481481483 0.22765046296296293 0.23625000000000007 0.3017939814814815
2 0.6401099537037037 0.3578414351851852 0.1244212962962962 0.1518634259259259
5 0.8808391203703703 0.6537615740740741 0.1853587962962962 0.3642361111111111
5 0.9022627314814816 0.2129976851851852 0.18695601851851862 0.23326388888888888
5 0.9347743055555554 0.37752893518518515 0.09952546296296276 0.17920138888888887
5 0.8779282407407407 0.3727141203703703 0.08526620370370352 0.14914351851851854
5 0.8236574074074074 0.5753703703703703 0.07974537037037024 0.13494212962962954
5 0.7532060185185185 0.46997685185185184 0.16855324074074077 0.1859259259259259
5 0.7423437500000001 0.6136574074074075 0.10751157407407419 0.1560416666666667
5 0.5521238425925926 0.9343634259259259 0.1696412037037037 0.13127314814814817
5 0.5306828703703704 0.5799942129629629 0.12399305555555565 0.22359953703703717
5 0.652644675925926 0.5953472222222222 0.11642361111111121 0.1485069444444445
4 0.47955439814814815 0.10890625000000001 0.15651620370370373 0.19336805555555556
0 0.7335590277777777 0.1015625 0.0674074074074074 0.08466435185185187