5 0.23655092592592591 0.48916666666666664 0.4717361111111111 0.8560416666666667
6 0.8026215277777778 0.40609375000000003 0.19326388888888885 0.36895833333333333
4 0.7772222222222223 0.24833333333333335 0.1971296296296295 0.2583333333333333
4 0.5679224537037036 0.2724479166666667 0.1567013888888889 0.28218750000000004
6 0.4728761574074074 0.20921875 0.17754629629629637 0.3554166666666666
5 0.4326331018518518 0.47453124999999996 0.17310185185185176 0.38791666666666663
6 0.5960706018518518 0.9068229166666667 0.06321759259259263 0.10104166666666678
6 0.45835648148148145 0.8870833333333333 0.13247685185185193 0.17437499999999986
6 0.4689756944444444 0.7378645833333334 0.07921296296296294 0.1520833333333332
5 0.5934895833333333 0.7694270833333333 0.08104166666666668 0.18812499999999996
5 0.5450752314814815 0.77578125 0.09790509259259253 0.1455208333333335
5 0.6156018518518518 0.6944791666666668 0.1778356481481481 0.18364583333333329
5 0.536712962962963 0.49104166666666665 0.09302083333333329 0.11864583333333342
5 0.6742013888888889 0.4803125 0.07128472222222229 0.1359375
0 0.838883101851852 0.6584895833333333 0.1151967592592591 0.16072916666666667
0 0.8291956018518519 0.7224479166666666 0.052442129629629616 0.12218750000000007
5 0.7587673611111111 0.7115104166666667 0.192511574074074 0.26739583333333317
0 0.7563773148148148 0.8109375 0.06472222222222221 0.09333333333333335
5 0.9512326388888889 0.7805208333333333 0.09753472222222222 0.18500000000000014
0 0.926238425925926 0.31656249999999997 0.07905092592592596 0.13020833333333331
5 0.870011574074074 0.137578125 0.19762731481481488 0.27515625
5 0.5438020833333332 0.07979166666666666 0.10899305555555543 0.15958333333333333
6 0.3560358796296296 0.36942708333333335 0.12322916666666668 0.19093750000000007
6 0.38840856481481484 0.11166666666666666 0.1877199074074074 0.22333333333333333
6 0.05797453703703705 0.545625 0.10868055555555556 0.12437500000000004
6 0.20592013888888888 0.89140625 0.10259259259259261 0.1458333333333332
4 0.27109375 0.7205729166666666 0.12937500000000002 0.1772916666666667
0 0.3551793981481482 0.7814062500000001 0.0885416666666666 0.14645833333333336
4 0.16407407407407407 0.9403124999999999 0.13041666666666668 0.10708333333333328