5 0.24246527777777777 0.54140625 0.12498842592592592 0.1894444444444444
4 0.10440972222222222 0.8414930555555555 0.12122685185185186 0.20486111111111108
5 0.35648726851851853 0.5589409722222223 0.11983796296296294 0.18142361111111108
5 0.05063078703703703 0.6045659722222222 0.037372685185185175 0.13100694444444444
5 0.1590509259259259 0.7379513888888889 0.12572916666666667 0.20194444444444457
5 0.9203819444444445 0.6436111111111111 0.159236111111111 0.5766666666666665
0 0.587037037037037 0.3338715277777778 0.47858796296296297 0.4498263888888888
0 0.929537037037037 0.953359375 0.08258101851851833 0.09328125000000007
1 0.6033680555555556 0.8987326388888889 0.07725694444444446 0.1203125
0 0.6696122685185186 0.9369270833333333 0.09491898148148152 0.12614583333333335
1 0.7705555555555555 0.9061631944444445 0.08645833333333322 0.14409722222222215
5 0.8611400462962961 0.4128819444444445 0.2777199074074076 0.16937499999999997
2 0.2949016203703704 0.8608680555555555 0.09638888888888886 0.15388888888888913
0 0.3673611111111111 0.7292881944444444 0.09354166666666668 0.15843750000000015
2 0.37740740740740736 0.8988194444444444 0.12416666666666672 0.20187500000000008
1 0.4923032407407407 0.7075694444444445 0.08195601851851855 0.147013888888889
6 0.647511574074074 0.74953125 0.06436342592592581 0.06052083333333336
1 0.4631018518518518 0.8722395833333334 0.11329861111111121 0.14996527777777757
5 0.4724189814814815 0.5298090277777778 0.09289351851851854 0.14749999999999996
5 0.14956597222222223 0.48585069444444445 0.07340277777777775 0.13416666666666668