1 0.5694675925925926 0.42779513888888887 0.23781250000000007 0.18082175925925928
1 0.6890914351851851 0.21960648148148149 0.15209490740740747 0.13113425925925926
1 0.5147453703703704 0.16205439814814815 0.13425925925925916 0.10836805555555555
4 0.4959953703703704 0.05545138888888888 0.21425925925925923 0.07039351851851852
4 0.32896412037037037 0.06791666666666667 0.14611111111111114 0.08714120370370368
4 0.15351273148148148 0.12985532407407407 0.30702546296296296 0.20658564814814814
6 0.024739583333333336 0.19118055555555555 0.04947916666666667 0.2417361111111111
0 0.20447916666666668 0.37015046296296295 0.40895833333333337 0.29030092592592593
2 0.2226967592592593 0.8698032407407407 0.42340277777777774 0.2603935185185186
0 0.19094907407407408 0.8439930555555556 0.10093750000000004 0.08947916666666664
0 0.05824652777777778 0.7541724537037038 0.10364583333333333 0.07557870370370381
0 0.4691493055555556 0.8294675925925926 0.2764583333333334 0.16878472222222207