6 0.8668229166666667 0.6569791666666667 0.2663541666666667 0.6499305555555555
6 0.7866840277777778 0.7710069444444445 0.2694791666666667 0.4143055555555556
6 0.6763194444444445 0.23512152777777778 0.35263888888888884 0.4257986111111111
6 0.9004166666666666 0.31149305555555556 0.19916666666666671 0.3038541666666667
6 0.7410416666666666 0.5335069444444445 0.159375 0.14743055555555565
6 0.6438194444444444 0.6617361111111111 0.10690972222222221 0.19499999999999992
6 0.52859375 0.15682291666666667 0.37281250000000005 0.28322916666666664
5 0.26034722222222223 0.5246180555555556 0.23579861111111108 0.498576388888889
5 0.1892361111111111 0.18774305555555554 0.23708333333333337 0.281875
5 0.029218749999999998 0.2539236111111111 0.04385416666666667 0.17972222222222226
5 0.16046875 0.7806423611111111 0.2554513888888889 0.43871527777777786
6 0.6021527777777778 0.9737152777777778 0.11270833333333333 0.052569444444444356
6 0.7490451388888889 0.963532986111111 0.2352083333333333 0.072934027777778
5 0.5040104166666668 0.30543402777777773 0.11284722222222214 0.15315972222222224
4 0.25137152777777777 0.8314236111111111 0.15336805555555558 0.2578819444444445
1 0.3354166666666667 0.7751215277777778 0.11475694444444447 0.16104166666666658