3 0.9653993055555556 0.2284548611111111 0.052152777777777715 0.09909722222222221
3 0.9097743055555556 0.18869791666666666 0.0484375 0.07239583333333335
3 0.8486111111111111 0.2516319444444445 0.08083333333333335 0.12534722222222222
3 0.6913368055555555 0.35324652777777776 0.09552083333333332 0.0838541666666666
3 0.6265277777777778 0.1465451388888889 0.15729166666666677 0.12406249999999996
3 0.6063368055555556 0.32887152777777773 0.09968749999999993 0.06062499999999993
3 0.6948958333333334 0.031762152777777775 0.13458333333333333 0.06352430555555555
3 0.33796875000000004 0.04422743055555556 0.12072916666666664 0.08845486111111112
3 0.2162152777777778 0.15774305555555554 0.1108680555555555 0.14229166666666665
3 0.28654513888888894 0.2961631944444444 0.07013888888888893 0.0655555555555555
3 0.2501041666666667 0.38067708333333333 0.0561805555555555 0.06961805555555553
3 0.2607986111111111 0.5100173611111112 0.04892361111111114 0.09427083333333322
3 0.3329513888888889 0.554513888888889 0.12163194444444443 0.13496527777777773
3 0.44586805555555553 0.5682638888888889 0.14878472222222214 0.09246527777777765