2 0.44140625 0.2265625 0.25234375 0.1546875
2 0.48046875 0.33203125 0.18046875 0.10859375
2 0.52734375 0.85625 0.26484375 0.209375
6 0.71328125 0.69765625 0.15 0.09609375
2 0.39609375 0.696875 0.3453125 0.2515625
6 0.275 0.9078125 0.29375 0.184375
6 0.109375 0.81171875 0.21796875 0.3765625
0 0.69140625 0.41875 0.328125 0.1921875
6 0.8390625 0.57109375 0.321875 0.21328125
6 0.91015625 0.76640625 0.1796875 0.14609375
6 0.76328125 0.915625 0.25859375 0.16875
6 0.06328125 0.475 0.1265625 0.184375
6 0.08671875 0.2703125 0.16953125 0.08828125