5 0.25078125 0.1238715277777778 0.2765625 0.23107638888888887
5 0.08123263888888889 0.531712962962963 0.1478125 0.40405092592592595
5 0.5870138888888888 0.19713541666666667 0.11760416666666665 0.1678240740740741
1 0.5335416666666667 0.42326388888888894 0.09861111111111107 0.1554976851851851
1 0.44640625 0.4331886574074074 0.08548611111111111 0.12644675925925916
1 0.40076388888888886 0.5553819444444444 0.12236111111111114 0.1712962962962962
1 0.5258506944444445 0.6036458333333334 0.11090277777777793 0.21724537037037023
1 0.6043576388888889 0.45112847222222224 0.09736111111111115 0.16944444444444445
1 0.6560243055555556 0.6351273148148149 0.07260416666666672 0.10833333333333321
1 0.794704861111111 0.45274884259259257 0.09909722222222221 0.17737268518518512
1 0.8656770833333333 0.5578414351851853 0.07107638888888915 0.10978009259259255
1 0.8118055555555556 0.6256076388888889 0.07371527777777764 0.08813657407407405
1 0.9403385416666665 0.66484375 0.11932291666666686 0.19774305555555555
1 0.5828819444444445 0.7131655092592593 0.10979166666666665 0.1672453703703704
5 0.04034722222222222 0.8328703703703703 0.046875 0.1438657407407405
4 0.20645833333333333 0.9021122685185186 0.12934027777777776 0.134375
4 0.2534895833333333 0.7371238425925926 0.29559027777777774 0.24496527777777785
4 0.3335590277777778 0.9313223379629629 0.14052083333333334 0.13735532407407405
4 0.32493055555555556 0.4421296296296296 0.1444097222222222 0.18072916666666677
5 0.49354166666666666 0.3079861111111111 0.11559027777777775 0.1473958333333333
5 0.4725520833333333 0.17071759259259262 0.11586805555555557 0.1598958333333333
0 0.5458333333333334 0.09892939814814815 0.09791666666666679 0.12424768518518518
5 0.7240277777777777 0.43113425925925924 0.10635416666666657 0.15295138888888893
5 0.70859375 0.29817708333333337 0.07944444444444443 0.13535879629629627
5 0.6848784722222222 0.21374421296296298 0.07260416666666672 0.10833333333333331
5 0.9228819444444444 0.39438657407407407 0.08586805555555585 0.14363425925925927
5 0.7844097222222222 0.9767650462962962 0.12562499999999996 0.04646990740740762