4 0.6887384259259259 0.11924189814814815 0.22435185185185186 0.17869212962962963
5 0.8142708333333333 0.16166087962962963 0.25153935185185183 0.2222569444444445
4 0.07360532407407408 0.1732175925925926 0.14540509259259257 0.2245601851851852
4 0.5505787037037038 0.8052951388888889 0.6265046296296296 0.34474537037037045
5 0.9833622685185185 0.9186458333333334 0.03327546296296298 0.11328703703703695
5 0.47916666666666663 0.09510416666666668 0.18958333333333321 0.15034722222222224
4 0.7103877314814815 0.2632233796296296 0.3405092592592592 0.220625
4 0.8932523148148149 0.32891203703703703 0.1805324074074072 0.17173611111111117
4 0.9127141203703705 0.44546875 0.1745717592592591 0.11524305555555543
4 0.5277893518518518 0.5316666666666666 0.3553703703703704 0.1698726851851852
3 0.7915567129629629 0.4727430555555555 0.05988425925925931 0.03745370370370367
4 0.8660011574074075 0.6499074074074074 0.26796296296296307 0.17158564814814808
6 0.7355787037037038 0.9378009259259258 0.4584722222222222 0.12439814814814838
0 0.4665972222222222 0.19515625 0.1755208333333334 0.14961805555555552
4 0.28474537037037034 0.14513310185185185 0.24631944444444445 0.18607638888888892