5 0.6971527777777778 0.24115740740740738 0.14711805555555557 0.2226736111111111
5 0.9462847222222223 0.2742881944444444 0.10743055555555543 0.1539467592592592
6 0.5626041666666667 0.2598842592592593 0.13890046296296302 0.21445601851851848
5 0.08846643518518518 0.2860358796296296 0.13701388888888888 0.20812499999999998
5 0.03307291666666667 0.45654513888888887 0.02612268518518519 0.14315972222222229
5 0.7706770833333334 0.17859374999999997 0.10521990740740747 0.16596064814814815
6 0.918929398148148 0.6178530092592591 0.16214120370370394 0.36128472222222213
5 0.9379398148148148 0.5838657407407407 0.12412037037037038 0.5745601851851851
4 0.8176678240740742 0.8733391203703704 0.12730324074074062 0.1110069444444445
4 0.83078125 0.4010821759259259 0.19806712962962933 0.2736226851851852
6 0.7188715277777777 0.38808449074074075 0.06709490740740734 0.12190972222222225
2 0.6930613425925926 0.5852604166666666 0.11343750000000004 0.1741782407407408
1 0.41114004629629636 0.4056076388888889 0.10726851851851862 0.17541666666666664
4 0.19831597222222222 0.5161284722222221 0.09513888888888893 0.1218055555555555
1 0.4951388888888889 0.6205902777777779 0.14207175925925916 0.15540509259259244