5 0.7179398148148148 0.48312499999999997 0.1294560185185185 0.18822916666666673
0 0.5718344907407408 0.59984375 0.11064814814814809 0.17916666666666678
5 0.514363425925926 0.04973958333333334 0.12439814814814802 0.09947916666666667
6 0.11682291666666667 0.4593229166666667 0.23364583333333333 0.33135416666666656
6 0.28747685185185184 0.3002083333333333 0.20686342592592588 0.30739583333333337
5 0.6708738425925926 0.3011979166666667 0.1411458333333334 0.29052083333333334
5 0.8114236111111112 0.7236458333333333 0.17422453703703694 0.3286458333333332
5 0.8380555555555557 0.29083333333333333 0.3224305555555553 0.5181250000000001
2 0.5773958333333333 0.4815625 0.10873842592592595 0.13218750000000004
6 0.2924074074074074 0.68875 0.21175925925925929 0.33583333333333343
4 0.4552777777777778 0.11895833333333335 0.1769444444444444 0.2379166666666667
4 0.43513888888888885 0.28958333333333336 0.21763888888888888 0.28625
6 0.3139409722222222 0.10088541666666666 0.13885416666666667 0.19197916666666667
6 0.10640046296296297 0.7105208333333334 0.18756944444444446 0.23270833333333343
4 0.7515972222222222 0.05752604166666666 0.08216435185185186 0.11505208333333332
5 0.9641782407407409 0.13093749999999998 0.0703240740740739 0.2170833333333333
2 0.11993634259259259 0.4661458333333333 0.23987268518518517 0.3395833333333334