3 0.5406539351851852 0.1032175925925926 0.16446759259259255 0.15539351851851851
3 0.17630208333333336 0.09391782407407408 0.08680555555555554 0.07620370370370369
3 0.966087962962963 0.2977835648148148 0.06782407407407405 0.12156249999999993
3 0.8322337962962962 0.13094907407407405 0.07430555555555571 0.07601851851851853
3 0.9155671296296296 0.4763368055555556 0.1257523148148149 0.11736111111111107
3 0.5081597222222223 0.7918229166666666 0.08420138888888892 0.10425925925925945
3 0.841116898148148 0.8935243055555556 0.14780092592592595 0.1832407407407409
3 0.8003761574074074 0.9699594907407407 0.08177083333333321 0.06008101851851855
3 0.6933449074074074 0.969207175925926 0.07083333333333322 0.06158564814814795
3 0.9254629629629629 0.9825578703703703 0.09097222222222215 0.03488425925925931
3 0.6780092592592594 0.7459548611111111 0.11215277777777785 0.08126157407407408
3 0.6138599537037037 0.5858043981481481 0.10133101851851851 0.08266203703703709
3 0.5334780092592593 0.6384606481481482 0.09328703703703703 0.07942129629629627
3 0.5107349537037037 0.47892361111111115 0.08101851851851852 0.08236111111111111
3 0.19959490740740743 0.41890625000000004 0.08142361111111111 0.06675925925925927
3 0.5718171296296296 0.9137268518518518 0.0747106481481481 0.06041666666666643
3 0.5367476851851852 0.9449913194444445 0.08009259259259256 0.110017361111111
3 0.9602430555555556 0.5316261574074075 0.07876157407407405 0.07296296296296312
2 0.9640625 0.6303414351851852 0.071875 0.09537037037037041
6 0.20460069444444445 0.49701967592592594 0.17563657407407404 0.11653935185185187
6 0.38423032407407404 0.5199710648148148 0.22262731481481488 0.1609375
6 0.1384548611111111 0.7207928240740741 0.17436342592592596 0.14149305555555552
6 0.25480324074074073 0.6795949074074075 0.06759259259259257 0.11181712962962961
6 0.4161458333333333 0.41353009259259255 0.16209490740740745 0.10229166666666671
6 0.27592592592592596 0.35370370370370374 0.17962962962962958 0.14937500000000004
6 0.522164351851852 0.28555555555555556 0.12146990740740726 0.10168981481481483
3 0.2576388888888889 0.06468750000000001 0.0981481481481481 0.10290509259259259
6 0.274537037037037 0.9249305555555555 0.16203703703703703 0.12258101851851855
6 0.23515625 0.8673784722222223 0.16834490740740743 0.10238425925925938
3 0.44354745370370374 0.1407986111111111 0.08148148148148149 0.08861111111111111
2 0.4260416666666667 0.20999421296296297 0.14033564814814808 0.10353009259259256
0 0.4267939814814815 0.28336226851851853 0.14340277777777785 0.08172453703703705