4 0.8331944444444446 0.4610763888888889 0.31680555555555545 0.523101851851852
4 0.1046875 0.2962673611111111 0.209375 0.24046296296296293
5 0.8469444444444445 0.7497511574074075 0.159097222222222 0.2069097222222222
5 0.08118055555555556 0.5654050925925926 0.16236111111111112 0.2808101851851852
0 0.2830902777777778 0.9091782407407407 0.28631944444444446 0.18164351851851848
1 0.2573784722222222 0.6644039351851851 0.1702430555555555 0.2117592592592592
0 0.2282465277777778 0.5107465277777778 0.14357638888888893 0.1738888888888889
5 0.24845486111111112 0.3023148148148148 0.13538194444444446 0.13004629629629622
0 0.23567708333333334 0.09730324074074073 0.10812499999999999 0.11402777777777777
0 0.31892361111111106 0.10635416666666667 0.17170138888888892 0.17430555555555555
6 0.4380208333333333 0.10030092592592592 0.10493055555555557 0.18268518518518523
1 0.5581944444444444 0.4570023148148148 0.19725694444444458 0.3277083333333334
1 0.4578645833333333 0.4453530092592593 0.12447916666666678 0.16579861111111108
1 0.6575868055555556 0.17313078703703705 0.22010416666666668 0.2796412037037037
5 0.8463020833333333 0.04302662037037037 0.13552083333333337 0.0629050925925926
2 0.9389583333333335 0.7198437500000001 0.07222222222222215 0.2899421296296296
4 0.9411979166666666 0.7222222222222222 0.06690972222222236 0.2758101851851853
0 0.6276909722222221 0.9504050925925925 0.17937499999999992 0.09918981481481488
0 0.32319444444444445 0.29169560185185184 0.21260416666666676 0.32168981481481485