6 0.5890162037037037 0.4875520833333333 0.6162384259259259 0.5354166666666668
2 0.18296296296296294 0.6797916666666667 0.19864583333333333 0.1255208333333334
6 0.5777199074074074 0.2119791666666667 0.17042824074074084 0.12052083333333333
6 0.3021122685185185 0.09505208333333334 0.44797453703703705 0.19010416666666669
6 0.6377372685185185 0.017604166666666667 0.2692245370370371 0.035208333333333335
4 0.1712037037037037 0.28291666666666665 0.3302777777777778 0.19979166666666667
2 0.37875578703703705 0.5508854166666667 0.13562500000000002 0.051145833333333356
5 0.21131944444444445 0.79140625 0.37652777777777774 0.28708333333333336
4 0.7134837962962963 0.8839583333333334 0.24349537037037033 0.11291666666666664
5 0.9064178240740741 0.48223958333333333 0.18716435185185176 0.12593750000000004
4 0.9068084490740741 0.146875 0.18638310185185175 0.0875
6 0.8495486111111111 0.012395833333333333 0.19284722222222223 0.024791666666666667