6 0.77421875 0.475 0.45078125 0.2328125
6 0.57890625 0.8625 0.64453125 0.27421875
6 0.1046875 0.95390625 0.140625 0.0921875
6 0.525 0.5453125 0.36953125 0.18203125
6 0.1859375 0.2609375 0.371875 0.36640625
5 0.471875 0.159375 0.26171875 0.12265625
6 0.5171875 0.434375 0.22265625 0.13125
4 0.11484375 0.78046875 0.17734375 0.0640625
6 0.19921875 0.66171875 0.20546875 0.0984375
5 0.4984375 0.69921875 0.184375 0.12734375
5 0.95390625 0.7015625 0.0921875 0.1203125
5 0.8125 0.096875 0.19765625 0.15625
5 0.85625 0.05859375 0.234375 0.1171875
5 0.825 0.27421875 0.14296875 0.04609375
3 0.08763227500000001 0.19618055625 0.09920634843750001 0.19717261875 0.1084656078125 0.19965277812499999 0.1137566140625 0.19965277812499999 0.11739417968750002 0.1976686515625 0.12136243437500001 0.1929563484375 0.134920634375 0.18700396875 0.141203703125 0.1855158734375 0.1544312171875 0.17435515937499999 0.16501322812500002 0.162450396875 0.1699735453125 0.1512896828125 0.171957671875 0.143353175 0.18088624375 0.1264880953125 0.18584656093750002 0.112103175 0.1871693125 0.1113591265625 0.177579365625 0.10193452343750001 0.16236772500000002 0.0900297625 0.1458333328125 0.07936507968749999 0.1355820109375 0.0766369046875 0.13062169375 0.07638888906249999 0.1203703703125 0.078869046875 0.11342592656249999 0.083829365625 0.1140873015625 0.087549603125 0.12136243437500001 0.093998015625 0.13062169375 0.0952380953125 0.13624338593750002 0.09920634843750001 0.1352513234375 0.10243055625 0.122354496875 0.11631944375 0.11970899531250001 0.12574404687500002 0.115410053125 0.13095238125 0.09358465625 0.150545634375 0.0853174609375 0.161954365625 0.0730820109375 0.16939484062500001 0.0638227515625 0.17782738125 0.0621693125 0.18154761875 0.06283068750000001 0.184771825 0.0677910046875 0.1894841265625 0.08763227500000001 0.19618055625