4 0.7321354166666667 0.5398090277777777 0.10989583333333339 0.13026620370370381
5 0.6444270833333333 0.29427662037037033 0.121875 0.16981481481481478
5 0.9669531250000001 0.6427141203703703 0.06609374999999992 0.15946759259259266
5 0.7271875 0.2774421296296296 0.09343749999999992 0.1403125
0 0.51390625 0.2649826388888889 0.13791666666666663 0.2469444444444445
5 0.8184895833333332 0.42401041666666667 0.09947916666666642 0.13751157407407408
6 0.28479166666666667 0.5441898148148148 0.2689583333333333 0.3674074074074074
0 0.3915624999999999 0.22899305555555555 0.20739583333333336 0.2380902777777778
5 0.9298437499999999 0.026727430555555553 0.05833333333333357 0.053454861111111106
5 0.85578125 0.2543113425925926 0.09802083333333336 0.1389930555555555
5 0.7144270833333334 0.09779513888888888 0.10677083333333322 0.15346064814814814
2 0.10640625 0.5024826388888889 0.15802083333333333 0.19815972222222217