6 0.21404513888888888 0.5910821759259259 0.11127314814814815 0.1346064814814815
6 0.15693287037037038 0.4768576388888889 0.09208333333333334 0.10380787037037038
3 0.045960648148148146 0.8894444444444446 0.0670138888888889 0.09763888888888914
3 0.02876736111111111 0.8353472222222222 0.034062499999999996 0.08631944444444457
3 0.024288194444444446 0.6383796296296296 0.031122685185185184 0.09863425925925924
3 0.19436342592592593 0.05288773148148148 0.08872685185185185 0.08799768518518518
3 0.20906828703703706 0.14976851851851852 0.07146990740740744 0.0822916666666667
3 0.2224363425925926 0.31447916666666664 0.05915509259259259 0.09405092592592598
3 0.26002314814814814 0.2698726851851852 0.07517361111111107 0.12153935185185186
3 0.31166666666666665 0.27839699074074076 0.08434027777777775 0.10803240740740741
3 0.4106770833333334 0.05946180555555556 0.06822916666666679 0.0742939814814815
3 0.3438541666666667 0.1327777777777778 0.05862268518518521 0.0581134259259259
3 0.37895254629629627 0.2363310185185185 0.05568287037037036 0.07042824074074075
3 0.43255787037037036 0.21921296296296297 0.06321759259259263 0.052141203703703634
3 0.4951099537037037 0.06836805555555556 0.10584490740740744 0.08432870370370368
3 0.5768287037037038 0.2628877314814815 0.046493055555555426 0.08237268518518519
3 0.9512094907407407 0.14774884259259258 0.09758101851851855 0.07302083333333335
3 0.8851099537037037 0.1547048611111111 0.05302083333333343 0.10149305555555554
3 0.6887557870370371 0.28357060185185184 0.10033564814814824 0.13395833333333335
3 0.6237789351851852 0.32343171296296297 0.06491898148148145 0.0616087962962963
3 0.5371875 0.32688657407407407 0.056921296296296296 0.04864583333333332
6 0.31123263888888886 0.40716435185185185 0.042928240740740795 0.05250000000000003
3 0.3488252314814815 0.41563657407407406 0.0416666666666667 0.07271990740740737
3 0.3830381944444444 0.40673611111111113 0.04467592592592595 0.06509259259259252
3 0.5448611111111111 0.42335069444444445 0.08693287037037045 0.07228009259259256
3 0.649525462962963 0.5333680555555556 0.08380787037037045 0.0720949074074074
3 0.7573206018518519 0.3805208333333333 0.06321759259259245 0.05214120370370372
3 0.8957986111111111 0.5073726851851852 0.06177083333333329 0.05986111111111114
3 0.8196817129629629 0.4802256944444444 0.05682870370370381 0.04239583333333332
3 0.7074074074074075 0.4361053240740741 0.07270833333333329 0.060509259259259096
3 0.8735532407407408 0.5864525462962963 0.09467592592592596 0.06805555555555572
3 0.9604456018518519 0.6486689814814814 0.07910879629629619 0.05637731481481474
3 0.9498784722222222 0.7330381944444444 0.08380787037037045 0.0720949074074074
3 0.8426909722222222 0.7688368055555556 0.08520833333333329 0.06125000000000007
3 0.809832175925926 0.6583912037037037 0.13016203703703724 0.1450925925925926
3 0.6635127314814815 0.6871875 0.13109953703703708 0.10299768518518526
3 0.5607465277777777 0.5999189814814815 0.07606481481481495 0.07631944444444443
3 0.3330902777777778 0.6707291666666666 0.157962962962963 0.12488425925925917
3 0.34958333333333336 0.5194965277777778 0.08578703703703709 0.10031250000000007
3 0.26720486111111114 0.4911979166666667 0.10122685185185185 0.08873842592592603
3 0.10994212962962964 0.8877719907407406 0.08856481481481478 0.07706018518518505
3 0.19101273148148148 0.9331655092592592 0.11524305555555552 0.0864467592592593
3 0.2774826388888889 0.9741956018518518 0.08957175925925931 0.03965277777777772
3 0.7436516203703704 0.933130787037037 0.1328935185185184 0.11871527777777793
3 0.5086053240740741 0.9627777777777778 0.1280439814814814 0.07444444444444435
3 0.38452546296296297 0.9722424768518518 0.11037037037037037 0.05551504629629633