4 0.49203125 0.41550925925925924 0.48388888888888887 0.36498842592592595
4 0.9057291666666668 0.4520543981481481 0.18854166666666644 0.3159143518518519
6 0.335 0.8046296296296296 0.47756944444444444 0.39074074074074083
6 0.8134548611111111 0.952199074074074 0.37309027777777787 0.09560185185185191
4 0.9265972222222223 0.8805555555555555 0.1468055555555555 0.22453703703703703
4 0.9428645833333335 0.711574074074074 0.11427083333333314 0.1875
6 0.6498263888888889 0.7423032407407407 0.2283333333333335 0.1666666666666666
6 0.1837326388888889 0.5112268518518519 0.16124999999999998 0.16637731481481488
5 0.19802083333333334 0.20653935185185185 0.3920833333333333 0.23495370370370372
6 0.6349305555555556 0.24748263888888894 0.2889930555555555 0.15868055555555555
5 0.8382118055555555 0.19936342592592593 0.26833333333333337 0.1415509259259259
5 0.5476215277777777 0.07410300925925925 0.2358680555555555 0.08454861111111112
6 0.07631944444444444 0.48611111111111105 0.13618055555555555 0.23159722222222215