5 0.9056249999999999 0.9266087962962963 0.17208333333333314 0.1017824074074074
4 0.7508333333333332 0.8239525462962962 0.24802083333333336 0.21163194444444428
4 0.9171614583333334 0.5936458333333333 0.16567708333333328 0.21686342592592583
5 0.47567708333333336 0.9119502314814815 0.2660416666666666 0.1544675925925926
5 0.09364583333333333 0.3831423611111111 0.1371875 0.1397337962962963
4 0.465625 0.725943287037037 0.2851041666666667 0.20649305555555558
5 0.8663541666666668 0.7719965277777778 0.26322916666666674 0.20584490740740727
4 0.9266666666666665 0.45890046296296294 0.14666666666666686 0.12706018518518522
1 0.5463541666666666 0.4456597222222222 0.16791666666666671 0.10945601851851858
2 0.7636979166666666 0.5237615740740741 0.125 0.07387731481481481
3 0.8233333333333335 0.44371527777777775 0.04947916666666643 0.040451388888888926
4 0.7680729166666668 0.48370949074074077 0.09416666666666665 0.05581018518518519
4 0.6602083333333333 0.48612268518518514 0.08510416666666672 0.08361111111111122
5 0.47828125000000005 0.5400462962962963 0.14333333333333337 0.09157407407407411
4 0.521875 0.37201967592592594 0.42437500000000006 0.21373842592592585
4 0.8623958333333335 0.2363252314814815 0.27520833333333317 0.21003472222222222
5 0.2788541666666667 0.31972800925925926 0.17468750000000002 0.11745370370370374
5 0.70234375 0.942025462962963 0.1723958333333334 0.08307870370370374