6 0.8879513888888889 0.7345138888888889 0.22409722222222223 0.3354861111111111
6 0.9590798611111111 0.8906944444444445 0.08184027777777772 0.20749999999999993
6 0.8173090277777778 0.32276041666666666 0.2381944444444443 0.3227777777777778
6 0.6784722222222223 0.39697916666666666 0.1386111111111111 0.19659722222222217
6 0.6481770833333333 0.6492881944444445 0.13565972222222236 0.27451388888888884
4 0.5566145833333334 0.3572222222222222 0.20024305555555558 0.3007986111111111
0 0.48260416666666667 0.7496354166666667 0.1397916666666667 0.31996527777777783
0 0.33541666666666664 0.16710069444444448 0.05177083333333332 0.08190972222222222
0 0.3576215277777778 0.11267361111111111 0.043333333333333356 0.053437499999999985
0 0.41866319444444444 0.26055555555555554 0.051979166666666646 0.09128472222222221
1 0.4180381944444445 0.4431597222222222 0.053923611111111214 0.10854166666666672
1 0.4379340277777778 0.35506944444444444 0.038541666666666606 0.048541666666666664
2 0.45263888888888887 0.06850694444444444 0.054548611111111 0.0664236111111111
0 0.09017361111111111 0.37005208333333334 0.13458333333333333 0.22607638888888895
0 0.2645659722222222 0.7017013888888888 0.14697916666666666 0.2219444444444445
3 0.2068576388888889 0.8443055555555556 0.0828125 0.07392361111111115
5 0.5992881944444444 0.9654774305555556 0.08170138888888889 0.06904513888888886
4 0.5648090277777778 0.8313368055555556 0.06670138888888885 0.12159722222222236
6 0.7547048611111111 0.8069965277777778 0.06631944444444446 0.10440972222222236
4 0.3575173611111111 0.3538368055555555 0.16253472222222215 0.21951388888888887
1 0.28588541666666667 0.22109375 0.06809027777777779 0.11385416666666667
6 0.5875173611111111 0.13225694444444444 0.08680555555555554 0.113125
6 0.539236111111111 0.06689236111111112 0.09722222222222214 0.09017361111111111
6 0.6352083333333333 0.8032465277777778 0.10180555555555557 0.15593749999999992
6 0.38348958333333333 0.6445486111111112 0.09243055555555557 0.15552083333333327
5 0.19241319444444444 0.9619791666666668 0.10961805555555557 0.07604166666666642