6 0.19640624999999998 0.443587962962963 0.17256944444444447 0.23137731481481474
6 0.12699652777777776 0.2146990740740741 0.19874999999999998 0.2586805555555555
6 0.22041666666666665 0.7986574074074074 0.14034722222222226 0.2787962962962965
1 0.1690451388888889 0.6378935185185185 0.09065972222222221 0.1087962962962962
3 0.22505208333333332 0.6065856481481482 0.06993055555555552 0.09881944444444439
0 0.30588541666666663 0.5433333333333333 0.07788194444444443 0.10217592592592588
0 0.35631944444444447 0.6198611111111111 0.08850694444444444 0.1305787037037037
0 0.4095659722222223 0.5277777777777778 0.04809027777777786 0.06384259259259259
5 0.37385416666666665 0.36576967592592596 0.165625 0.2155671296296296
6 0.35005208333333326 0.2517824074074074 0.10204861111111115 0.08416666666666668
4 0.8313715277777778 0.10519097222222222 0.16937500000000014 0.21038194444444444
2 0.64375 0.19158564814814816 0.07510416666666675 0.1098958333333333
0 0.8707638888888889 0.3853761574074074 0.06812499999999985 0.1284143518518519
0 0.8255729166666667 0.5419791666666667 0.10138888888888893 0.10443287037037034
0 0.8284722222222222 0.45918981481481486 0.05395833333333329 0.0905439814814816