4 0.2953761574074074 0.2282349537037037 0.30153935185185193 0.4275925925925925
6 0.803125 0.2948900462962963 0.39375 0.5538541666666666
6 0.6049884259259259 0.5857696759259259 0.15778935185185183 0.21244212962962977
4 0.46248263888888885 0.7494791666666667 0.1294097222222222 0.1772337962962963
4 0.6476793981481481 0.7604340277777778 0.11670138888888885 0.14873842592592582
4 0.8684375 0.6162268518518519 0.17508101851851876 0.2270138888888889
4 0.9507986111111112 0.53515625 0.09840277777777758 0.16394675925925917
4 0.12097222222222222 0.9335300925925927 0.13224537037037037 0.13293981481481473
0 0.12973958333333332 0.7489930555555555 0.1122800925925926 0.184537037037037
4 0.7632118055555555 0.8568055555555556 0.09641203703703702 0.1512615740740742
4 0.8151041666666666 0.7974189814814815 0.10075231481481488 0.10452546296296301
4 0.8588657407407407 0.9057233796296295 0.06949074074074062 0.10203703703703723
4 0.24526041666666668 0.8438020833333333 0.09306712962962962 0.12148148148148152