5 0.8232407407407407 0.10328124999999999 0.10836805555555565 0.07819444444444446
5 0.3924826388888889 0.15690972222222224 0.2005902777777778 0.29650462962962965
5 0.38439814814814816 0.9593865740740741 0.12094907407407404 0.08122685185185183
4 0.1889872685185185 0.522673611111111 0.3292361111111111 0.37061342592592583
4 0.12969907407407408 0.8489699074074075 0.2485185185185185 0.22918981481481496
4 0.7877546296296296 0.6903819444444445 0.19277777777777771 0.29627314814814804
5 0.6893923611111111 0.38128472222222226 0.21328703703703694 0.3234375
0 0.5120081018518519 0.5814525462962963 0.2310995370370371 0.4083217592592593
5 0.2130150462962963 0.18127314814814816 0.2885300925925926 0.35847222222222225
5 0.911579861111111 0.4300462962962963 0.15331018518518533 0.24042824074074076
4 0.6122858796296297 0.6219155092592592 0.09517361111111118 0.19496527777777786
5 0.9129803240740741 0.1973263888888889 0.11568287037037024 0.22212962962962965
5 0.6148032407407408 0.11819444444444445 0.17174768518518527 0.1987962962962963
4 0.47146990740740746 0.38107638888888895 0.1677083333333332 0.2861574074074074
4 0.1099710648148148 0.08370949074074074 0.1136921296296296 0.1642708333333333