5 0.6155671296296296 0.24333333333333335 0.1122106481481481 0.2085532407407408
4 0.07679398148148148 0.15067708333333335 0.15358796296296295 0.2580208333333333
5 0.2622685185185185 0.35054398148148147 0.10144675925925925 0.17056712962962967
5 0.1958622685185185 0.7329456018518519 0.16556712962962966 0.2175578703703703
5 0.8105324074074074 0.3267939814814815 0.1991319444444443 0.2395717592592593
5 0.9217303240740741 0.7140219907407407 0.11487268518518512 0.4067476851851852
5 0.1667824074074074 0.5707060185185184 0.12928240740740743 0.12210648148148132
4 0.33295717592592594 0.8420196759259259 0.16498842592592594 0.2861458333333335
5 0.47980324074074077 0.8141319444444445 0.19103009259259257 0.23135416666666658
5 0.01892361111111111 0.3635879629629629 0.03784722222222222 0.16032407407407412
5 0.13819444444444445 0.7530902777777777 0.12054398148148149 0.22302083333333336
2 0.4317708333333333 0.5741203703703703 0.11984953703703702 0.20427083333333335
6 0.6533854166666666 0.54859375 0.25428240740740726 0.42333333333333345
2 0.641898148148148 0.8376967592592592 0.09103009259259273 0.18406249999999993
0 0.8160590277777778 0.851278935185185 0.225 0.1800925925925924
2 0.8490740740740741 0.6756828703703703 0.11163194444444464 0.23503472222222221
4 0.955295138888889 0.35515625 0.06614583333333357 0.18589120370370366
4 0.677054398148148 0.07845486111111111 0.3083912037037038 0.15690972222222221
5 0.9380497685185185 0.024739583333333332 0.05515046296296298 0.049479166666666664
5 0.39719328703703705 0.37083912037037037 0.10144675925925935 0.17056712962962967
5 0.3564525462962963 0.1865914351851852 0.07592592592592595 0.15520833333333334
5 0.2205439814814815 0.08759259259259258 0.09479166666666669 0.11719907407407407
4 0.8921585648148149 0.0827199074074074 0.1653356481481481 0.1654398148148148
2 0.29499421296296297 0.477505787037037 0.11336805555555554 0.1976967592592594
4 0.16657986111111112 0.34458912037037037 0.07332175925925925 0.16910879629629633