0 0.8018923611111111 0.23741319444444448 0.39164351851851864 0.47482638888888895
1 0.8427604166666667 0.805775462962963 0.27096064814814796 0.24650462962962968
5 0.6717650462962963 0.4690798611111111 0.24427083333333338 0.2934837962962963
2 0.2430381944444444 0.6168981481481481 0.06927083333333339 0.0737962962962964
0 0.6445775462962964 0.7021643518518518 0.26872685185185186 0.32907407407407413
4 0.2931655092592592 0.13838252314814814 0.18930555555555556 0.2767650462962963
2 0.15925925925925927 0.522175925925926 0.06472222222222221 0.07824074074074083
0 0.42311342592592593 0.5155150462962963 0.24806712962962968 0.4216087962962963
2 0.9420543981481482 0.45584490740740746 0.08950231481481481 0.12476851851851851
0 0.9103240740740741 0.6579629629629629 0.1469444444444445 0.32587962962962963
6 0.8379687499999999 0.04432291666666667 0.22093750000000015 0.08864583333333334
1 0.2932175925925926 0.9504976851851851 0.1956944444444444 0.07567129629629647
4 0.9074016203703703 0.6776157407407407 0.15204861111111115 0.3401851851851852
4 0.794976851851852 0.23385127314814813 0.40391203703703693 0.46770254629629626
6 0.2944733796296296 0.14656539351851852 0.19133101851851855 0.29313078703703704