3 0.4171875 0.31328125 0.06171875 0.059375
3 0.11484375 0.3328125 0.08671875 0.09921875
3 0.2578125 0.39296875 0.0921875 0.1265625
3 0.4 0.375 0.0484375 0.06484375
3 0.3296875 0.446875 0.05078125 0.05703125
3 0.296875 0.58203125 0.053125 0.06015625
3 0.20625 0.621875 0.06328125 0.08828125
3 0.4046875 0.62578125 0.04765625 0.04375
3 0.48046875 0.64921875 0.05234375 0.0453125
3 0.3046875 0.7 0.08828125 0.0671875
3 0.58203125 0.63046875 0.0625 0.0359375
3 0.61953125 0.5640625 0.08984375 0.08671875
3 0.61875 0.47109375 0.07109375 0.11796875
3 0.92265625 0.82109375 0.0578125 0.03984375
3 0.96171875 0.84296875 0.04140625 0.0296875
3 0.975 0.771875 0.05 0.075
3 0.396875 0.96796875 0.0625 0.0640625