6 0.5136979166666666 0.37037037037037035 0.056597222222222146 0.0808796296296296
3 0.7239409722222222 0.2733333333333333 0.0982291666666665 0.07056712962962966
3 0.7863368055555555 0.30298611111111107 0.06642361111111103 0.05644675925925924
6 0.6079687500000001 0.41246527777777775 0.05524305555555564 0.08548611111111111
1 0.5290104166666667 0.891087962962963 0.1089930555555556 0.1724537037037038
3 0.17234375 0.4068634259259259 0.07614583333333332 0.06474537037037038
3 0.22324652777777781 0.17792245370370371 0.08513888888888888 0.09171296296296294
3 0.25479166666666664 0.30627314814814816 0.0776041666666667 0.09755787037037038
3 0.30704861111111115 0.8125462962962964 0.08357638888888888 0.09163194444444436
3 0.368125 0.742037037037037 0.05972222222222223 0.08104166666666668
3 0.4171701388888889 0.2070196759259259 0.0827430555555555 0.07288194444444444
3 0.3559201388888889 0.3440972222222222 0.06670138888888885 0.06269675925925924
3 0.7350347222222222 0.9281712962962964 0.12607638888888886 0.06577546296296291
3 0.23440972222222226 0.9752719907407407 0.15756944444444443 0.03778935185185191
0 0.9772743055555555 0.26391203703703703 0.045451388888889 0.07446759259259253
6 0.45467013888888896 0.3460243055555555 0.043611111111111 0.06929398148148147
6 0.4192534722222222 0.4300810185185185 0.05381944444444446 0.08853009259259252
2 0.6705034722222222 0.09287037037037035 0.051979166666666646 0.08219907407407408
3 0.9764930555555555 0.650162037037037 0.047013888888889 0.07109953703703695