5 0.2851736111111111 0.5506944444444445 0.1305902777777778 0.11568287037037024
4 0.8341666666666667 0.06657986111111111 0.25979166666666664 0.13315972222222222
0 0.48934027777777783 0.7421875 0.39250000000000007 0.2393518518518519
0 0.7592187499999999 0.40043402777777776 0.4701041666666669 0.3593171296296296
4 0.1329861111111111 0.830324074074074 0.17927083333333335 0.1284143518518519
5 0.3246875 0.38842592592592595 0.16597222222222213 0.1622685185185185
5 0.5231944444444444 0.553587962962963 0.2764583333333334 0.14606481481481487
5 0.3227951388888889 0.19256365740740738 0.15642361111111108 0.15410879629629629
5 0.4441493055555556 0.28174189814814815 0.131388888888889 0.08136574074074074
2 0.1223611111111111 0.922048611111111 0.0953125 0.07378472222222214
2 0.25375000000000003 0.9109375 0.06336805555555554 0.04137731481481488
1 0.6120486111111111 0.8758101851851852 0.11534722222222218 0.06203703703703702