2 0.8871006944444444 0.24401041666666665 0.2257986111111112 0.4880208333333333
4 0.4327951388888889 0.12803819444444445 0.22809027777777774 0.2560763888888889
3 0.3539583333333333 0.39869791666666665 0.08427083333333334 0.07175925925925926
3 0.29618055555555556 0.43975694444444446 0.06812500000000003 0.0471643518518519
3 0.3434895833333333 0.49103009259259256 0.07468749999999993 0.06168981481481488
3 0.6105902777777777 0.29126157407407405 0.090625 0.07690972222222214
3 0.27460069444444446 0.6307291666666667 0.08138888888888891 0.152662037037037
3 0.12194444444444444 0.48709490740740746 0.08722222222222223 0.06417824074074083
3 0.1504513888888889 0.39655671296296297 0.08725694444444443 0.06574074074074066
2 0.24097222222222223 0.8781539351851851 0.159375 0.22239583333333357
6 0.7225520833333332 0.6108506944444445 0.1696527777777778 0.33391203703703703
6 0.9354166666666668 0.6061342592592592 0.12916666666666643 0.3291666666666666
2 0.5856597222222222 0.68359375 0.06944444444444428 0.1065393518518519
6 0.60625 0.9058738425925927 0.14444444444444446 0.11209490740740762
0 0.26234375 0.36087962962962966 0.21760416666666665 0.4560185185185185
5 0.10842013888888888 0.9349247685185185 0.1119791666666667 0.12528935185185192
2 0.5880208333333334 0.4377025462962963 0.1695138888888888 0.327662037037037