3 0.4287326388888889 0.841579861111111 0.13327546296296297 0.1466550925925926
3 0.5629050925925926 0.7388368055555555 0.09097222222222215 0.09893518518518522
3 0.45405092592592594 0.9147974537037037 0.1265625 0.1337847222222223
3 0.13744212962962962 0.659056712962963 0.17390046296296297 0.14906249999999996
3 0.1130787037037037 0.7379050925925925 0.1404513888888889 0.12993055555555558
3 0.24797453703703703 0.7809780092592593 0.07806712962962958 0.08725694444444443
3 0.22433449074074074 0.732025462962963 0.08668981481481479 0.06750000000000007
3 0.26629050925925923 0.93875 0.05648148148148149 0.051678240740740476
3 0.5231192129629629 0.9964236111111111 0.05596064814814809 0.007152777777777786
3 0.5371238425925926 0.9649681712962963 0.07615740740740726 0.07006365740740747
3 0.6258969907407408 0.7137268518518518 0.11498842592592595 0.11594907407407415
3 0.8042824074074074 0.7734085648148149 0.08559027777777786 0.0799074074074074
3 0.6907407407407408 0.7175694444444445 0.06649305555555554 0.0694212962962963
3 0.6156539351851852 0.647638888888889 0.125 0.09159722222222229
3 0.21901041666666665 0.588275462962963 0.09375 0.08974537037037038
3 0.36252893518518514 0.5274016203703704 0.09762731481481479 0.06814814814814803
3 0.6693576388888889 0.3086053240740741 0.10422453703703702 0.07789351851851851
3 0.8105324074074074 0.2475925925925926 0.07118055555555536 0.06969907407407402
3 0.8719039351851852 0.5575868055555555 0.2076967592592595 0.17756944444444453
3 0.320775462962963 0.1788136574074074 0.1200231481481481 0.08350694444444443
3 0.2536458333333333 0.050109953703703705 0.1479166666666666 0.0789236111111111
0 0.9179398148148149 0.24304398148148146 0.12708333333333358 0.10575231481481477
3 0.10014467592592594 0.17821180555555555 0.1212384259259259 0.11631944444444446
3 0.15740740740740738 0.10365162037037037 0.19016203703703702 0.12508101851851855