3 0.5044097222222221 0.11030092592592593 0.19118055555555563 0.22060185185185185
3 0.4262326388888889 0.42057291666666663 0.07836805555555557 0.15434027777777787
3 0.26875 0.5520833333333334 0.12493055555555559 0.14201388888888894
3 0.4177777777777777 0.6956597222222223 0.09833333333333343 0.13946759259259256
3 0.42006944444444444 0.7681712962962963 0.07437500000000004 0.11516203703703702
3 0.5458680555555555 0.6222222222222221 0.14076388888888883 0.22222222222222215
3 0.6184027777777777 0.8006365740740741 0.17100694444444448 0.17806712962962976
3 0.8124652777777778 0.8847800925925927 0.11815972222222229 0.11834490740740762
3 0.6769097222222221 0.9077546296296296 0.19319444444444436 0.12268518518518512
3 0.8774305555555555 0.736400462962963 0.06267361111111107 0.08038194444444446
3 0.9072222222222223 0.5198495370370371 0.16354166666666642 0.12314814814814809
3 0.22807291666666668 0.3802951388888889 0.07659722222222225 0.07465277777777776
3 0.21473958333333334 0.24262152777777776 0.0714236111111111 0.12285879629629629
3 0.1776215277777778 0.156568287037037 0.07534722222222223 0.08865740740740743
3 0.09645833333333334 0.33130787037037035 0.13989583333333333 0.18315972222222224
3 0.0767361111111111 0.09473379629629629 0.11052083333333333 0.12586805555555555
3 0.021822916666666668 0.35532407407407407 0.043645833333333335 0.1424768518518519