6 0.4185127314814815 0.5881423611111111 0.22981481481481492 0.375
6 0.8257870370370372 0.8219849537037037 0.2540046296296296 0.3560300925925926
6 0.9537557870370371 0.8127141203703705 0.09248842592592581 0.3407754629629629
5 0.14251157407407405 0.8506886574074073 0.1593055555555556 0.2986226851851853
5 0.15210069444444443 0.5291377314814815 0.2650810185185185 0.3939699074074074
5 0.5270486111111111 0.863292824074074 0.19648148148148153 0.2734143518518518
5 0.603125 0.7675694444444444 0.23701388888888886 0.21331018518518513
5 0.4799421296296297 0.11994212962962965 0.14113425925925932 0.19743055555555555
5 0.5543634259259259 0.33806712962962965 0.13865740740740745 0.20976851851851847
4 0.8095891203703705 0.3466261574074074 0.0829629629629629 0.12740740740740736
4 0.70609375 0.3942418981481482 0.115486111111111 0.1836342592592592