2 0.7435185185185185 0.9125115740740739 0.3621527777777779 0.16673611111111128
2 0.8448263888888888 0.8773842592592592 0.20953703703703716 0.23435185185185184
2 0.16978009259259258 0.8761342592592593 0.2981597222222222 0.17563657407407404
2 0.33321759259259254 0.8960185185185185 0.2013310185185185 0.18116898148148158
6 0.5233854166666667 0.9383622685185186 0.15241898148148145 0.11674768518518519
6 0.5111863425925927 0.2407581018518518 0.28684027777777776 0.33491898148148147
6 0.6151678240740741 0.5665682870370371 0.39215277777777774 0.42006944444444444
6 0.9190046296296297 0.12991319444444444 0.16199074074074069 0.1371412037037037
6 0.7795486111111112 0.08094907407407406 0.13976851851851854 0.09634259259259259
6 0.9659953703703703 0.24519097222222222 0.06800925925925938 0.3051967592592593
6 0.7816493055555556 0.36454282407407407 0.35292824074074075 0.3979050925925926
6 0.9012152777777779 0.6847685185185186 0.19097222222222215 0.25921296296296303
6 0.5989988425925926 0.07385995370370371 0.1604976851851852 0.14771990740740742
0 0.42449652777777774 0.667204861111111 0.3515740740740741 0.42601851851851863
4 0.20411458333333332 0.23903935185185182 0.39572916666666663 0.47807870370370364
6 0.2954803240740741 0.021788194444444443 0.12221064814814815 0.04357638888888889
5 0.17636574074074074 0.7104513888888888 0.17538194444444444 0.2637847222222224
6 0.03667245370370371 0.8372743055555556 0.06195601851851852 0.13795138888888872
6 0.04113425925925926 0.5958217592592593 0.07467592592592592 0.16773148148148137
4 0.3672974537037037 0.3285474537037037 0.3893518518518519 0.46379629629629626