5 0.953125 0.24453125 0.09296875 0.09375
5 0.8078125 0.6390625 0.27109375 0.14453125
5 0.03671875 0.51796875 0.07265625 0.10625
4 0.4171875 0.7703125 0.30390625 0.26171875
4 0.0875 0.83359375 0.17265625 0.33203125
4 0.37578125 0.184375 0.25625 0.1390625
5 0.6484375 0.32578125 0.28046875 0.1546875
0 0.425 0.45859375 0.3609375 0.1578125
5 0.74453125 0.803125 0.3015625 0.2234375
5 0.64453125 0.109375 0.20859375 0.1109375
4 0.40625 0.359375 0.1765625 0.059375
5 0.88203125 0.14453125 0.2359375 0.0765625
5 0.9 0.4375 0.2 0.1359375
4 0.60546875 0.5296875 0.2515625 0.11640625
4 0.87109375 0.9421875 0.25703125 0.115625