5 0.20697337962962964 0.53671875 0.18822916666666673 0.09982638888888892
5 0.42929398148148146 0.3727314814814815 0.25561342592592595 0.12688657407407405
5 0.23363425925925924 0.10173611111111111 0.2414467592592593 0.11271990740740741
4 0.6660358796296297 0.7932581018518519 0.47706018518518506 0.2816435185185185
4 0.6751967592592593 0.5058101851851852 0.390162037037037 0.15131944444444442
5 0.46673032407407405 0.4870775462962963 0.20585648148148153 0.15932870370370367
5 0.4004224537037038 0.6842534722222222 0.18517361111111122 0.10917824074074076
6 0.13190972222222222 0.7557060185185185 0.10063657407407404 0.08667824074074079
5 0.2853472222222222 0.8201273148148148 0.12541666666666665 0.05717592592592595
5 0.24541087962962962 0.7268576388888889 0.13499999999999995 0.08537037037037046
5 0.6690509259259259 0.9103819444444443 0.3872916666666667 0.1792361111111113
0 0.9497164351851852 0.4672164351851852 0.09443287037037038 0.09288194444444446