4 0.20811921296296293 0.1421875 0.4154050925925926 0.25625
5 0.7429282407407407 0.2359375 0.21739583333333332 0.1125
5 0.9478703703703705 0.54453125 0.1042592592592591 0.1109375
5 0.895396412037037 0.4125 0.2092071759259259 0.128125
5 0.7425578703703704 0.32890625 0.20921296296296302 0.1
6 0.5667766203703704 0.0125 0.08355324074074062 0.025
3 0.8752430555555556 0.4828125 0.06435185185185191 0.0625
4 0.15960069444444444 0.825 0.1984375 0.2109375
1 0.05880208333333333 0.42890625 0.0945486111111111 0.0796875
0 0.125 0.52734375 0.22314814814814818 0.1484375
0 0.2681365740740741 0.98125 0.1073611111111111 0.0375
4 0.12923032407407406 0.96015625 0.04987268518518517 0.0484375
0 0.24910300925925927 0.9453125 0.08006944444444439 0.065625
0 0.4034259259259259 0.22109375 0.12015046296296301 0.1
0 0.6309259259259259 0.09453125 0.08471064814814824 0.0640625
0 0.6980092592592593 0.03828125 0.06118055555555557 0.0609375
3 0.8274189814814814 0.66171875 0.049409722222222285 0.0328125
3 0.9032581018518517 0.6109375 0.03240740740740762 0.0390625
3 0.8134432870370372 0.5328125 0.03553240740740762 0.0390625
3 0.8656539351851851 0.5546875 0.02436342592592595 0.03125
3 0.8680208333333332 0.34453125 0.027719907407407617 0.0390625
3 0.8822685185185186 0.13984375 0.03245370370370395 0.040625
3 0.7373784722222222 0.075 0.03700231481481477 0.0359375
0 0.46980902777777783 0.74765625 0.0642129629629629 0.0578125
3 0.7198726851851852 0.5125 0.09215277777777775 0.0515625
3 0.8533506944444443 0.08671875 0.08613425925925924 0.059375
5 0.7953761574074074 0.503125 0.07335648148148159 0.05
6 0.19879050925925926 0.14375 0.3964699074074074 0.25