3 0.9002025462962964 0.04893229166666667 0.140625 0.09786458333333334
3 0.8872685185185185 0.14604166666666668 0.09751157407407404 0.1078125
3 0.9616608796296298 0.16692708333333334 0.05555555555555571 0.11124999999999999
3 0.9624855324074074 0.40041666666666664 0.07502893518518512 0.09197916666666668
3 0.9205439814814815 0.49468750000000006 0.07118055555555572 0.07020833333333343
3 0.9973958333333333 0.5154166666666666 0.00520833333333357 0.09541666666666657
3 0.4986979166666667 0.7984895833333333 0.14641203703703703 0.165625
3 0.7122395833333334 0.7913020833333333 0.050983796296296194 0.07197916666666675
3 0.7769386574074074 0.8042187500000001 0.09386574074074083 0.09354166666666686
3 0.7538773148148149 0.7102083333333333 0.08912037037037024 0.09166666666666679
3 0.9519386574074075 0.6868229166666666 0.08859953703703702 0.11968750000000003
3 0.9177372685185187 0.6092187499999999 0.08836805555555571 0.07135416666666679
3 0.5691261574074075 0.41630208333333335 0.06736111111111107 0.09333333333333335
3 0.6067708333333334 0.333125 0.05706018518518512 0.0677083333333334
3 0.5462962962962963 0.30739583333333337 0.03773148148148149 0.050833333333333286
3 0.5267361111111111 0.24447916666666666 0.052604166666666785 0.07364583333333333
3 0.5842592592592593 0.10593750000000002 0.05572916666666661 0.07385416666666664
3 0.5984375 0.026588541666666667 0.047395833333333394 0.05317708333333333
3 0.5252314814814815 0.098125 0.06620370370370363 0.06208333333333334
3 0.3906539351851852 0.08046875 0.09664351851851852 0.084375
3 0.27960069444444446 0.10588541666666666 0.05451388888888893 0.08312500000000003
3 0.4719328703703704 0.0325 0.2688657407407408 0.065