3 0.3342013888888889 0.8793749999999999 0.10479166666666666 0.10929398148148124
5 0.3390277777777778 0.3204398148148148 0.12802083333333333 0.24548611111111107
3 0.2778125 0.6997511574074075 0.08826388888888896 0.08874999999999993
5 0.9405034722222222 0.5895543981481481 0.11899305555555557 0.18020833333333322
5 0.7008159722222222 0.6786921296296295 0.1078125 0.21239583333333342
5 0.08942708333333334 0.09735532407407407 0.17885416666666668 0.19471064814814815
4 0.85078125 0.09696759259259259 0.2984375 0.17314814814814816
5 0.6665277777777778 0.9034085648148148 0.13083333333333336 0.19318287037037046
5 0.5231944444444444 0.8103472222222223 0.09961805555555543 0.23881944444444442
0 0.06998263888888889 0.6435821759259259 0.08569444444444443 0.17146990740740725
5 0.9388888888888889 0.8532002314814815 0.07131944444444435 0.12909722222222228
5 0.8780555555555555 0.6789756944444445 0.07791666666666686 0.13700231481481495
5 0.6982291666666667 0.21645833333333334 0.2617361111111112 0.19749999999999995