5 0.5878819444444444 0.6515798611111111 0.10612268518518526 0.19995370370370366
4 0.07255787037037037 0.8025868055555556 0.14511574074074074 0.30420138888888887
5 0.2620254629629629 0.575619212962963 0.09491898148148152 0.16336805555555572
5 0.22796296296296298 0.2192013888888889 0.15461805555555558 0.2106365740740741
5 0.7775462962962963 0.5591261574074073 0.18601851851851842 0.2328009259259259
5 0.9279108796296296 0.19172453703703704 0.14350694444444442 0.3834490740740741
5 0.18854745370370368 0.3745949074074074 0.12114583333333337 0.11962962962962961
4 0.36543981481481486 0.12190393518518519 0.1566203703703703 0.24380787037037038
5 0.5019965277777778 0.12252893518518519 0.1796990740740741 0.22305555555555556
5 0.026250000000000002 0.5795833333333333 0.052500000000000005 0.15333333333333332
5 0.1749652777777778 0.20516203703703706 0.11559027777777775 0.21300925925925931
2 0.438599537037037 0.3527488425925926 0.11232638888888893 0.19407407407407407
6 0.6462615740740741 0.3607465277777778 0.2403935185185187 0.40469907407407407
2 0.657650462962963 0.08831597222222223 0.08407407407407419 0.1752199074074074
0 0.8218402777777778 0.076015625 0.21218749999999992 0.15203125
2 0.8401388888888889 0.2266550925925926 0.10473379629629634 0.22329861111111118
4 0.9402430555555554 0.5229340277777779 0.11226851851851834 0.18626157407407398
1 0.9383622685185184 0.671417824074074 0.08403935185185177 0.1705324074074074
0 0.8186400462962963 0.9151273148148149 0.10209490740740748 0.07789351851851833
4 0.628605324074074 0.846736111111111 0.2970254629629629 0.24874999999999972
5 0.8946585648148148 0.878605324074074 0.11350694444444472 0.14260416666666664
5 0.3903125 0.5461516203703705 0.09648148148148153 0.16346064814814804
5 0.33901620370370367 0.7241145833333333 0.07137731481481477 0.1479166666666666
5 0.2031539351851852 0.8274363425925927 0.08987268518518512 0.11465277777777771
4 0.8413136574074074 0.8060185185185185 0.16865740740740734 0.20834490740740746
2 0.3035358796296296 0.45368055555555553 0.10605324074074077 0.19057870370370367
4 0.17212962962962963 0.5879745370370371 0.06990740740740739 0.16032407407407412