5 0.15649305555555554 0.32734375 0.1659027777777778 0.153125
5 0.5844965277777778 0.07578125 0.12680555555555556 0.1515625
1 0.7881944444444444 0.20703125 0.08000000000000007 0.084375
0 0.9763194444444444 0.4875 0.047361111111111145 0.175
5 0.5731597222222222 0.6203125 0.1695138888888888 0.315625
5 0.5717708333333333 0.24140625 0.15496527777777783 0.2234375
5 0.9311805555555555 0.17265625 0.0891319444444445 0.14375
5 0.7832638888888889 0.54765625 0.053333333333333496 0.0796875
5 0.8360590277777777 0.4625 0.04711805555555557 0.08125
5 0.8082465277777778 0.40625 0.07197916666666657 0.075
5 0.7963715277777778 0.46953125 0.04833333333333325 0.065625
5 0.8520486111111112 0.3734375 0.05663194444444457 0.0875
0 0.7844965277777778 0.35703125 0.08944444444444458 0.0875
5 0.5699826388888889 0.371875 0.07166666666666668 0.0609375
5 0.5705729166666667 0.43359375 0.08861111111111111 0.1203125
5 0.45786458333333335 0.3890625 0.1015625 0.140625
5 0.39951388888888884 0.4 0.11298611111111115 0.1625
5 0.4342534722222222 0.240625 0.0563194444444445 0.0734375
5 0.40760416666666666 0.30703125 0.050277777777777824 0.0828125
5 0.34100694444444446 0.19296875 0.06454861111111114 0.0921875
5 0.27539930555555553 0.19375 0.0594444444444445 0.0734375
5 0.1944965277777778 0.5609375 0.19611111111111112 0.246875
0 0.2029513888888889 0.765625 0.0933680555555556 0.1234375
4 0.4997048611111111 0.12734375 0.14909722222222221 0.240625
5 0.7014583333333333 0.5578125 0.060104166666666715 0.103125
4 0.6543229166666666 0.54609375 0.07722222222222222 0.1