5 0.9309895833333333 0.18850694444444444 0.12635416666666685 0.09775462962962962
5 0.09416666666666666 0.5329976851851852 0.18833333333333332 0.2003703703703703
4 0.6460416666666667 0.23907407407407408 0.28093749999999995 0.22208333333333333
4 0.7588020833333333 0.14771412037037038 0.25687500000000013 0.16462962962962963
5 0.35546875 0.25636574074074076 0.3209375 0.2151157407407407
5 0.8355729166666667 0.643258101851852 0.26197916666666676 0.1945023148148149
4 0.3868229166666667 0.7625520833333332 0.4383333333333333 0.3419097222222224
5 0.13239583333333332 0.7050289351851852 0.26479166666666665 0.30693287037037037
4 0.4346875 0.07987847222222222 0.24000000000000005 0.12160879629629631
5 0.4451041666666667 0.15892939814814816 0.16260416666666658 0.1512615740740741
5 0.5703645833333333 0.05654513888888888 0.12177083333333343 0.05234953703703704
5 0.2234375 0.07206597222222222 0.259375 0.13209490740740742
5 0.09333333333333334 0.30188657407407404 0.18666666666666668 0.2011805555555556
4 0.33807291666666667 0.48200810185185183 0.3352083333333333 0.2424189814814815
4 0.5211458333333333 0.4065798611111111 0.38093749999999993 0.20466435185185183
4 0.7258333333333333 0.8611631944444443 0.35687500000000016 0.2776736111111113