0 0.31796875 0.16015625 0.29296875 0.15078125
5 0.0984375 0.70078125 0.19609375 0.18515625
5 0.078125 0.90078125 0.15625 0.19765625
5 0.67890625 0.83671875 0.11484375 0.0828125
5 0.70390625 0.725 0.12421875 0.12109375
0 0.30234375 0.29296875 0.1296875 0.07421875
5 0.75234375 0.31953125 0.10234375 0.05234375
0 0.6984375 0.42265625 0.09140625 0.0484375
5 0.74921875 0.50078125 0.12109375 0.07265625
2 0.53984375 0.68046875 0.2546875 0.17890625
6 0.3359375 0.75 0.2453125 0.109375
4 0.27109375 0.66328125 0.18515625 0.07578125
6 0.27578125 0.921875 0.21796875 0.10234375
6 0.9109375 0.82890625 0.17734375 0.06484375
0 0.5515625 0.35859375 0.09609375 0.06171875
4 0.50390625 0.43046875 0.0921875 0.06015625
4 0.4578125 0.47421875 0.12421875 0.0609375
2 0.51640625 0.1734375 0.18515625 0.15390625
4 0.765625 0.1578125 0.0953125 0.06328125
0 0.7140625 0.21796875 0.103125 0.04609375
6 0.7640625 0.6515625 0.128125 0.06015625