1 0.06583333333333333 0.32109375 0.10600694444444445 0.1703125
1 0.45022569444444444 0.409375 0.12437500000000004 0.196875
1 0.35496527777777775 0.2875 0.08354166666666663 0.121875
1 0.46805555555555556 0.265625 0.08413194444444443 0.1703125
0 0.6230034722222222 0.4296875 0.12482638888888893 0.171875
5 0.34576388888888887 0.5375 0.09027777777777776 0.1328125
5 0.5320138888888889 0.68515625 0.09826388888888893 0.1015625
5 0.5909201388888888 0.58671875 0.09670138888888893 0.1015625
5 0.6504861111111111 0.7140625 0.10868055555555553 0.125
0 0.6040625000000001 0.2671875 0.12677083333333333 0.215625
4 0.7376388888888888 0.31953125 0.1640625 0.2109375
6 0.8390972222222223 0.4578125 0.11225694444444442 0.1703125
4 0.8780208333333335 0.765625 0.24395833333333314 0.415625
0 0.5261979166666666 0.46640625 0.09927083333333328 0.159375
1 0.2703993055555555 0.51171875 0.09711805555555557 0.18125
1 0.16538194444444446 0.41640625 0.05670138888888889 0.115625
1 0.19373263888888886 0.33359375 0.06208333333333336 0.0609375
5 0.17246527777777776 0.64609375 0.06486111111111112 0.1234375
5 0.4048784722222222 0.6546875 0.05763888888888893 0.1015625
6 0.4387326388888889 0.57265625 0.08069444444444436 0.128125