5 0.5125 0.26484375 0.159375 0.1171875
5 0.6953125 0.81875 0.12734375 0.09140625
6 0.24765625 0.6921875 0.11171875 0.0484375
5 0.43046875 0.56640625 0.11640625 0.05546875
6 0.440625 0.72421875 0.0578125 0.0484375
4 0.60625 0.6796875 0.175 0.2015625
2 0.53203125 0.3859375 0.128125 0.08203125
4 0.28046875 0.34375 0.0953125 0.03671875
5 0.44140625 0.46875 0.07109375 0.0296875
5 0.46484375 0.51328125 0.071875 0.03515625
4 0.3046875 0.5171875 0.08203125 0.0484375
4 0.83828125 0.690625 0.3234375 0.2109375
0 0.4140625 0.18203125 0.07578125 0.0515625