3 0.15005208333333334 0.9402256944444446 0.09697916666666666 0.09732638888888871
3 0.2652083333333334 0.9474652777777777 0.12531250000000008 0.10107638888888885
3 0.38020833333333337 0.9406597222222223 0.10593750000000002 0.09128472222222221
3 0.6532291666666667 0.980295138888889 0.08625000000000008 0.039409722222222145
3 0.7385416666666667 0.9447222222222222 0.06843749999999993 0.067048611111111
3 0.9391666666666666 0.4893229166666666 0.12166666666666685 0.13767361111111107
3 0.9799479166666668 0.7078125 0.04010416666666643 0.0468055555555555
3 0.988046875 0.7721354166666667 0.023906249999999928 0.08736111111111118
3 0.9218229166666667 0.7568923611111111 0.08843749999999986 0.08621527777777782
3 0.9392708333333333 0.9598958333333332 0.11770833333333322 0.08020833333333358
3 0.8539583333333333 0.9324652777777779 0.06802083333333328 0.08420138888888858
3 0.5864583333333333 0.5942013888888888 0.09156250000000003 0.0628819444444444
3 0.5106770833333334 0.6393229166666666 0.06593750000000007 0.05295138888888893
3 0.4724479166666667 0.5807465277777778 0.05062499999999996 0.03388888888888886
3 0.40437500000000004 0.5659722222222222 0.07177083333333326 0.04684027777777775
3 0.27645833333333336 0.6364583333333333 0.07218749999999999 0.05309027777777775
3 0.19677083333333334 0.6580902777777778 0.05760416666666668 0.044965277777777854
3 0.25687499999999996 0.5767361111111111 0.058958333333333356 0.06527777777777785
3 0.21192708333333332 0.44078125 0.08114583333333333 0.09385416666666657
3 0.21442708333333332 0.3261631944444444 0.0796875 0.04857638888888891
3 0.11473958333333331 0.5275520833333334 0.17739583333333334 0.2738541666666666
3 0.06796875 0.14192708333333334 0.09854166666666667 0.0739583333333333
3 0.06916666666666667 0.2652083333333334 0.0665625 0.06232638888888893
3 0.07098958333333333 0.7957118055555555 0.044895833333333336 0.13517361111111104