5 0.771875 0.12077546296296296 0.309375 0.19583333333333336
5 0.2484375 0.0920138888888889 0.403125 0.17586805555555557
5 0.8421875 0.4311921296296296 0.165625 0.12644675925925916
1 0.5984375 0.4729456018518519 0.15625 0.10578703703703703
1 0.54296875 0.3943287037037037 0.1265625 0.090625
1 0.4015625 0.4023726851851852 0.1703125 0.13130787037037042
1 0.42265625 0.5375289351851851 0.21875 0.11903935185185191
1 0.60859375 0.5498842592592593 0.171875 0.10480324074074084
1 0.4609375 0.6709780092592592 0.10625 0.07737268518518511
1 0.70859375 0.725462962962963 0.178125 0.10659722222222215
1 0.64609375 0.8348668981481481 0.1109375 0.07598379629629619
1 0.553125 0.8118923611111111 0.0859375 0.07818287037037024
1 0.58359375 0.9417824074074075 0.1984375 0.11643518518518511
1 0.34765625 0.6347511574074074 0.1671875 0.11712962962962976
4 0.01640625 0.35920138888888886 0.0328125 0.12465277777777777
4 0.15234375 0.3392361111111111 0.2328125 0.3133101851851852
4 0.03671875 0.4912037037037037 0.0734375 0.13865740740740745
4 0.46953125 0.2861400462962963 0.178125 0.15503472222222214
5 0.6875 0.389525462962963 0.14375 0.12563657407407405
5 0.80703125 0.31426504629629626 0.1578125 0.12303240740740744
0 0.9140625 0.3526041666666667 0.125 0.10462962962962959
5 0.6921875 0.6521990740740741 0.1515625 0.11342592592592596
5 0.81015625 0.584693287037037 0.1375 0.08634259259259255
5 0.878125 0.528616898148148 0.109375 0.07905092592592596
5 0.83203125 0.8214409722222223 0.14375 0.08969907407407404
5 0.15625 0.9460648148148149 0.146875 0.10787037037037024