5 0.68203125 0.59921875 0.18046875 0.08046875
4 0.86328125 0.08515625 0.26953125 0.1703125
5 0.628125 0.27265625 0.1453125 0.07421875
5 0.2859375 0.19453125 0.18203125 0.128125
5 0.58046875 0.7734375 0.19765625 0.15703125
5 0.1953125 0.9125 0.38828125 0.17421875
5 0.43828125 0.17578125 0.096875 0.10546875
4 0.14765625 0.31484375 0.2890625 0.11796875
5 0.175 0.44921875 0.190625 0.153125
5 0.65 0.03046875 0.13984375 0.06015625
5 0.275 0.140625 0.19140625 0.0875
2 0.4015625 0.41640625 0.17421875 0.08828125
6 0.396875 0.6203125 0.3609375 0.18984375
2 0.1328125 0.59609375 0.16015625 0.0625
0 0.084375 0.753125 0.16796875 0.18828125
2 0.25546875 0.79140625 0.2046875 0.07734375
4 0.5359375 0.940625 0.165625 0.1140625
1 0.68046875 0.95625 0.15390625 0.0859375
0 0.9453125 0.8609375 0.10859375 0.08671875
4 0.88515625 0.665625 0.22890625 0.26171875
5 0.91015625 0.94375 0.1796875 0.1125
5 0.5921875 0.39375 0.146875 0.075
5 0.7671875 0.36640625 0.13359375 0.053125
5 0.875 0.246875 0.096875 0.075
4 0.81484375 0.865625 0.17578125 0.14375
2 0.5078125 0.296875 0.16953125 0.0828125
4 0.64609375 0.1859375 0.14765625 0.04921875