4 0.2888194444444444 0.8386168981481482 0.42687500000000006 0.3227662037037035
5 0.19949652777777777 0.6415972222222223 0.1915972222222222 0.16523148148148153
5 0.4772916666666667 0.4099305555555556 0.47093749999999995 0.30209490740740746
5 0.8188541666666665 0.9279340277777777 0.22993055555555558 0.11427083333333314
6 0.8269618055555557 0.21446180555555555 0.2859375 0.2150347222222222
4 0.5789930555555556 0.9720486111111111 0.18402777777777785 0.05590277777777786
4 0.3832465277777778 0.9782291666666666 0.2317708333333334 0.04354166666666685
6 0.9408159722222222 0.5239641203703703 0.11836805555555543 0.2317013888888889
6 0.8188715277777778 0.41889467592592594 0.271875 0.21482638888888878
5 0.3048090277777778 0.20048032407407407 0.24163194444444436 0.20188657407407407
2 0.17069444444444443 0.4327141203703704 0.260625 0.17249999999999996
4 0.7722743055555555 0.037986111111111116 0.25392361111111106 0.056851851851851855
5 0.44333333333333336 0.06746527777777778 0.19392361111111106 0.11217592592592593
5 0.12012152777777778 0.2609837962962963 0.1812152777777778 0.10730324074074069
2 0.6101041666666667 0.2362326388888889 0.23829861111111122 0.12688657407407405
5 0.80796875 0.10331597222222222 0.21565972222222207 0.109375