5 0.5478530092592593 0.3224363425925926 0.16872685185185182 0.2177199074074075
5 0.36194444444444446 0.09648148148148147 0.1744791666666666 0.15090277777777777
0 0.2889409722222222 0.8647395833333335 0.2833217592592593 0.27052083333333315
5 0.05648726851851852 0.7099074074074074 0.09195601851851853 0.1850578703703704
4 0.8630150462962962 0.6146701388888889 0.2700810185185187 0.6173032407407406
4 0.6931597222222222 0.8450260416666666 0.23365740740740737 0.3099479166666669
2 0.19379050925925925 0.32255787037037037 0.08207175925925929 0.11575231481481482
4 0.29107060185185185 0.4846412037037037 0.16263888888888892 0.239224537037037
5 0.1897974537037037 0.6505902777777777 0.1244791666666667 0.14793981481481494
5 0.10325231481481481 0.8330439814814815 0.11246527777777779 0.21282407407407397
5 0.015711805555555555 0.36347222222222225 0.03142361111111111 0.3519444444444445
2 0.10307870370370371 0.11787615740740742 0.08502314814814813 0.09249999999999999
4 0.23772569444444444 0.08912037037037038 0.06144675925925922 0.0723611111111111
4 0.21123263888888885 0.1836863425925926 0.08375000000000003 0.1314699074074074