3 0.07942708333333334 0.1512673611111111 0.1509375 0.1287152777777778
3 0.027013888888888886 0.25601851851851853 0.03361111111111111 0.053587962962962976
3 0.06357638888888889 0.058472222222222224 0.06690972222222222 0.06501157407407407
3 0.2846354166666667 0.2654918981481481 0.11156249999999997 0.08597222222222226
3 0.33003472222222224 0.8472337962962964 0.037256944444444426 0.030219907407407477
3 0.26121527777777775 0.8466898148148149 0.03527777777777778 0.02082175925925931
3 0.26947916666666666 0.8919097222222222 0.029097222222222198 0.022291666666666644
3 0.2509375 0.9320543981481482 0.02041666666666666 0.037777777777777646
3 0.3147743055555555 0.8028993055555557 0.028437499999999984 0.042581018518518476
3 0.39437500000000003 0.782175925925926 0.034062500000000016 0.028611111111111143
3 0.35463541666666665 0.7851099537037036 0.024479166666666698 0.023784722222222145
3 0.3584027777777778 0.8522858796296298 0.022986111111111106 0.025324074074074332
3 0.3788715277777778 0.8379108796296297 0.02795138888888893 0.031643518518518474
3 0.40095486111111106 0.8070949074074074 0.03270833333333343 0.03327546296296298
3 0.42821180555555555 0.8223263888888889 0.034479166666666575 0.037986111111111144
3 0.42817708333333326 0.7863657407407407 0.03215277777777779 0.020775462962962975
3 0.4577951388888889 0.8195428240740741 0.02170138888888893 0.03155092592592581
3 0.5211805555555555 0.820949074074074 0.03597222222222225 0.03644675925925931
3 0.5582986111111111 0.8117997685185185 0.03284722222222207 0.036400462962962975
3 0.5444965277777778 0.7650983796296297 0.045069444444444426 0.030335648148148132
3 0.5602777777777778 0.7507928240740741 0.04024305555555561 0.02714120370370381
3 0.6061458333333334 0.8329803240740741 0.05826388888888889 0.04614583333333329
3 0.64140625 0.7644444444444444 0.04243055555555557 0.04122685185185197
3 0.6408333333333334 0.8043229166666667 0.04222222222222225 0.036539351851851976
3 0.6839756944444444 0.8427719907407407 0.04989583333333343 0.033530092592592806
3 0.69203125 0.8129456018518517 0.03385416666666678 0.023923611111111142
3 0.7253125 0.8054166666666667 0.03760416666666657 0.03803240740740747
3 0.7553645833333333 0.7955902777777778 0.02864583333333339 0.047268518518518474
3 0.7847569444444444 0.8060995370370371 0.049722222222222355 0.06475694444444428
3 0.8259375 0.8179976851851851 0.03781250000000007 0.04271990740740748
3 0.8452951388888887 0.7786226851851852 0.03802083333333357 0.047407407407407474
3 0.8579340277777778 0.8167418981481482 0.037256944444444426 0.030219907407407477
3 0.7024131944444444 0.7651041666666666 0.053576388888888896 0.046076388888888785
3 0.8653993055555557 0.4218402777777778 0.18826388888888915 0.09023148148148152
3 0.9128211805555555 0.25147569444444445 0.174357638888889 0.11660879629629628
3 0.78890625 0.3541782407407407 0.12486111111111117 0.06899305555555557
3 0.7299131944444445 0.504369212962963 0.05399305555555554 0.055451388888888786
3 0.7968402777777778 0.5151041666666666 0.08524305555555571 0.055914351851851764
3 0.8371875 0.6137905092592593 0.07340277777777757 0.10570601851851862
3 0.7614756944444444 0.6164756944444445 0.08243055555555542 0.09803240740740726
3 0.7245659722222223 0.20815972222222223 0.1898958333333333 0.16208333333333336
3 0.5861631944444444 0.18988425925925928 0.044479166666666715 0.05218750000000001
3 0.6157118055555555 0.015306712962962965 0.09079861111111107 0.03061342592592593
3 0.6769791666666667 0.03453125 0.05600694444444443 0.030497685185185187
3 0.7134722222222222 0.04649884259259259 0.033923611111111106 0.02548611111111112
3 0.7095659722222223 0.08173611111111112 0.03135416666666657 0.03793981481481481
3 0.6572569444444445 0.08329282407407408 0.05003472222222225 0.036655092592592586
3 0.6046527777777777 0.09579861111111113 0.053576388888888896 0.046076388888888875
3 0.5477430555555556 0.1169675925925926 0.047534722222222214 0.0506712962962963
3 0.6049305555555555 0.313125 0.06336805555555554 0.05559027777777779
3 0.4555902777777778 0.25983217592592595 0.16031250000000002 0.12885416666666663
3 0.45595486111111116 0.3911631944444445 0.057395833333333354 0.06174768518518521
3 0.3567013888888889 0.42703125000000003 0.09420138888888889 0.11694444444444443
3 0.2734722222222222 0.13744791666666667 0.04569444444444439 0.04439814814814813
3 0.27491319444444445 0.18745949074074075 0.05527777777777772 0.04922453703703704
3 0.30657986111111113 0.16119212962962962 0.02944444444444443 0.030104166666666644
3 0.3089236111111111 0.19633680555555555 0.035416666666666693 0.023946759259259265
3 0.34873263888888884 0.15978587962962965 0.03243055555555561 0.027025462962962977
3 0.3905034722222222 0.18496527777777777 0.03354166666666671 0.052025462962962975
3 0.07541666666666666 0.5711342592592592 0.09246527777777777 0.14814814814814808
3 0.004565972222222223 0.049965277777777775 0.007604166666666667 0.06569444444444444
3 0.8924826388888889 0.017899305555555557 0.07871527777777772 0.035798611111111114
3 0.7848263888888889 0.037780671296296295 0.06305555555555564 0.07556134259259259
6 0.9404079861111111 0.6362731481481482 0.11918402777777785 0.16148148148148156
6 0.5682638888888889 0.4731481481481482 0.08243055555555542 0.1682986111111111
6 0.4990972222222222 0.535150462962963 0.12527777777777782 0.14863425925925924
6 0.5194444444444445 0.6763483796296296 0.08864583333333335 0.13247685185185176
6 0.38095486111111115 0.6385300925925925 0.10440972222222218 0.13583333333333342
6 0.4125694444444445 0.487962962962963 0.08694444444444435 0.12932870370370358
3 0.37003472222222217 0.3048784722222222 0.06434027777777782 0.07746527777777779
3 0.3367013888888889 0.32882523148148146 0.04704861111111107 0.039733796296296295
3 0.28703124999999996 0.3545775462962963 0.04649305555555561 0.027233796296296298
2 0.20234375 0.03218171296296296 0.08517361111111113 0.05435185185185185
2 0.2628298611111111 0.021122685185185185 0.03440972222222225 0.03642361111111111
3 0.3274652777777778 0.050653935185185184 0.04701388888888891 0.07408564814814815
3 0.2773263888888889 0.08344907407407406 0.06475694444444446 0.08684027777777778
3 0.4293402777777778 0.02462962962962963 0.12586805555555552 0.04925925925925926
3 0.5427777777777777 0.009415509259259259 0.04180555555555543 0.018831018518518518
3 0.5189930555555555 0.1385011574074074 0.040451388888888926 0.03182870370370372
3 0.5872048611111111 0.03742476851851852 0.03326388888888889 0.04577546296296296
3 0.20973958333333337 0.3393055555555556 0.05031250000000007 0.042905092592592634
3 0.1815451388888889 0.37333912037037037 0.03569444444444443 0.03019675925925931
3 0.1846701388888889 0.40847222222222224 0.026041666666666696 0.02380787037037031
3 0.15989583333333332 0.4315104166666667 0.03142361111111112 0.03950231481481481
3 0.15243055555555557 0.5097974537037038 0.037951388888888896 0.04584490740740747
3 0.14250000000000002 0.6381539351851852 0.052569444444444446 0.058553240740740795
3 0.20119791666666664 0.5692708333333334 0.04222222222222225 0.036539351851851976
3 0.2613368055555555 0.6559375000000001 0.03454861111111107 0.039548611111111145
3 0.30727430555555557 0.6341493055555556 0.03822916666666672 0.05209490740740748
3 0.06687499999999999 0.308587962962963 0.041006944444444436 0.04432870370370372
3 0.07723958333333333 0.3834837962962963 0.02618055555555556 0.0269328703703704
3 0.12064236111111111 0.3750231481481482 0.03548611111111111 0.025509259259259308