5 0.62109375 0.853125 0.12109375 0.1328125
5 0.9328125 0.49921875 0.13046875 0.09375
1 0.8453125 0.290625 0.06875 0.06015625
0 0.62421875 0.04140625 0.15859375 0.07421875
5 0.425 0.4234375 0.2828125 0.10078125
5 0.77578125 0.48515625 0.19453125 0.10625
5 0.90390625 0.16484375 0.125 0.05703125
5 0.53046875 0.2421875 0.06875 0.034375
5 0.61875 0.20703125 0.071875 0.03046875
5 0.665625 0.240625 0.06171875 0.05546875
5 0.6046875 0.24140625 0.05625 0.03359375
5 0.70390625 0.20546875 0.0765625 0.0390625
0 0.70703125 0.2703125 0.0703125 0.0703125
5 0.6546875 0.465625 0.04765625 0.059375
5 0.59765625 0.45546875 0.10234375 0.0609375
5 0.61875 0.56640625 0.11953125 0.06953125
5 0.5984375 0.61796875 0.140625 0.07734375
5 0.75078125 0.61171875 0.06328125 0.03984375
5 0.68515625 0.62578125 0.07265625 0.03125
5 0.77890625 0.7046875 0.07890625 0.04453125
5 0.7671875 0.76484375 0.0609375 0.0453125
5 0.4125 0.78203125 0.20859375 0.1421875
0 0.225 0.74140625 0.10546875 0.06640625
4 0.86796875 0.56953125 0.21171875 0.096875
5 0.50703125 0.31484375 0.090625 0.0390625
4 0.50859375 0.36015625 0.084375 0.05546875