4 0.8078125 0.34296875 0.384375 0.2421875
6 0.7203125 0.840625 0.559375 0.31875
6 0.42734375 0.59453125 0.18828125 0.1296875
4 0.28359375 0.4328125 0.1578125 0.103125
4 0.253125 0.61015625 0.1296875 0.09609375
4 0.36875 0.84609375 0.19765625 0.14453125
4 0.43671875 0.95 0.1453125 0.1
4 0.11875 0.0625 0.15859375 0.121875
0 0.31953125 0.10703125 0.16640625 0.0859375
4 0.14765625 0.709375 0.1359375 0.075
4 0.1984375 0.76796875 0.0890625 0.084375
4 0.08984375 0.7953125 0.0921875 0.05390625
4 0.21640625 0.20625 0.10625 0.07734375