5 0.0390625 0.909375 0.078125 0.18125
1 0.5375 0.20614583333333333 0.1234375 0.22385416666666663
5 0.1421875 0.8943229166666666 0.109375 0.21135416666666665
4 0.7453125 0.6387499999999999 0.1125 0.12624999999999992
1 0.87734375 0.4998958333333333 0.196875 0.33031249999999995
1 0.36796875 0.14015625 0.15 0.14125000000000001
1 0.2546875 0.22166666666666668 0.153125 0.23208333333333328
1 0.215625 0.5526562500000001 0.165625 0.22822916666666657
1 0.38359375 0.6349479166666667 0.14375 0.35958333333333314
1 0.496875 0.7432812500000001 0.1703125 0.3832291666666666
4 0.8046875 0.8239583333333333 0.265625 0.3520833333333332
1 0.03203125 0.5419791666666667 0.0625 0.2807291666666666
1 0.12265625 0.7105208333333334 0.11875 0.2907291666666666