5 0.7589988425925925 0.973972800925926 0.10648148148148166 0.05205439814814809
5 0.34609375 0.8498842592592591 0.1794560185185185 0.30023148148148165
5 0.4457465277777778 0.06357060185185186 0.11475694444444447 0.06927083333333332
4 0.19814814814814813 0.4455439814814815 0.30289351851851853 0.35277777777777786
4 0.15133101851851852 0.11435185185185186 0.30266203703703703 0.20370370370370372
4 0.8013020833333334 0.40483217592592596 0.1726851851851851 0.28703703703703703
5 0.6647280092592592 0.6869212962962964 0.19079861111111107 0.3133101851851851
0 0.5205150462962964 0.45610532407407406 0.20167824074074084 0.39670138888888895
5 0.17543402777777778 0.7838541666666666 0.2652199074074074 0.3453125
5 0.8881076388888889 0.6838831018518519 0.13796296296296298 0.23304398148148148
4 0.6223090277777777 0.4362268518518519 0.08194444444444446 0.19305555555555554
5 0.8588541666666666 0.901171875 0.10248842592592596 0.19765625
5 0.5581886574074074 0.916724537037037 0.1606481481481481 0.16655092592592596
4 0.45251736111111107 0.6422164351851851 0.14739583333333323 0.2773726851851851
4 0.05442708333333333 0.8874131944444444 0.10885416666666665 0.22517361111111106