4 0.67890625 0.7328125 0.4125 0.340625
4 0.2140625 0.82890625 0.41484375 0.2796875
6 0.896875 0.425 0.20625 0.15390625
0 0.4765625 0.21015625 0.41328125 0.1859375
5 0.47734375 0.5828125 0.2265625 0.1765625
1 0.26953125 0.478125 0.25859375 0.2125
5 0.91875 0.8296875 0.16015625 0.2171875
0 0.0921875 0.271875 0.08359375 0.078125
4 0.41953125 0.8453125 0.12265625 0.12421875
1 0.096875 0.603125 0.19375 0.2015625
2 0.4328125 0.1109375 0.0796875 0.05625
2 0.53828125 0.04296875 0.05859375 0.04453125
0 0.87734375 0.19609375 0.2453125 0.18046875
1 0.52890625 0.3484375 0.26640625 0.1203125