5 0.3578125 0.2323090277777778 0.178125 0.2657291666666667
4 0.09765625 0.44652777777777775 0.1953125 0.37743055555555555
5 0.85546875 0.6059895833333334 0.15 0.3597916666666666
4 0.0671875 0.863923611111111 0.134375 0.205972222222222
4 0.2984375 0.692951388888889 0.228125 0.3929513888888888
5 0.83125 0.17210069444444445 0.28125 0.24375
5 0.96796875 0.18989583333333332 0.0640625 0.20909722222222227
5 0.9828125 0.2936805555555556 0.034375 0.22340277777777776
5 0.6875 0.5399305555555556 0.1703125 0.29038194444444443
2 0.5828125 0.31027777777777776 0.0921875 0.13222222222222219
4 0.57890625 0.4921354166666667 0.125 0.23524305555555552
4 0.22265625 0.3458333333333333 0.2078125 0.3279861111111111
5 0.92890625 0.3451909722222222 0.1375 0.1279861111111112
2 0.090625 0.45090277777777776 0.18125 0.39243055555555556