6 0.2827835648148148 0.7440335648148148 0.30214120370370373 0.49443287037037037
3 0.009606481481481481 0.3429803240740741 0.019212962962962963 0.12341435185185183
6 0.07928240740740741 0.3226041666666667 0.11064814814814816 0.1663657407407407
6 0.024942129629629627 0.24155092592592595 0.04988425925925925 0.2293981481481481
6 0.12259837962962963 0.22678819444444445 0.1462384259259259 0.24306712962962962
6 0.08972800925925925 0.7984895833333333 0.09878472222222223 0.14079861111111108
6 0.10787037037037037 0.6876041666666667 0.15144675925925927 0.21526620370370378
4 0.10590277777777776 0.9723148148148149 0.11400462962962962 0.04645833333333336
4 0.046469907407407404 0.8716898148148149 0.05243055555555556 0.11032407407407412
4 0.26739004629629626 0.9491261574074074 0.1807291666666667 0.079548611111111
5 0.440943287037037 0.6212094907407407 0.19942129629629637 0.2473842592592593
2 0.40850694444444446 0.31800925925925927 0.09982638888888892 0.2110300925925926
2 0.4890335648148148 0.14384837962962962 0.1015625 0.17369212962962965
2 0.4892361111111111 0.348912037037037 0.10960648148148149 0.26456018518518515
5 0.343287037037037 0.5210069444444445 0.12569444444444447 0.15155092592592592
6 0.654542824074074 0.2654050925925926 0.3690393518518519 0.5308101851851852