3 0.490625 0.10859375 0.13515625 0.1375
3 0.140625 0.1359375 0.071875 0.06640625
3 0.9390625 0.2546875 0.121875 0.1078125
3 0.77109375 0.10703125 0.0609375 0.06796875
3 0.85546875 0.43359375 0.10390625 0.1015625
3 0.46875 0.77890625 0.0671875 0.09375
3 0.7890625 0.84375 0.115625 0.165625
3 0.753125 0.9484375 0.0671875 0.103125
3 0.65 0.953125 0.05703125 0.09296875
3 0.87265625 0.953125 0.0796875 0.08671875
3 0.63125 0.7171875 0.096875 0.06953125
3 0.5671875 0.56875 0.0859375 0.0703125
3 0.49140625 0.628125 0.07890625 0.06875
3 0.46640625 0.47578125 0.065625 0.07265625
3 0.1671875 0.44765625 0.06875 0.05625
3 0.53046875 0.890625 0.0640625 0.05234375
3 0.49765625 0.92578125 0.0609375 0.1015625
3 0.89921875 0.4828125 0.065625 0.0640625
2 0.93828125 0.575 0.1234375 0.08125
6 0.17265625 0.5234375 0.1546875 0.09609375
6 0.3453125 0.52734375 0.19296875 0.13515625
6 0.11171875 0.74609375 0.146875 0.121875
6 0.2234375 0.6953125 0.04921875 0.103125
6 0.375 0.421875 0.1421875 0.08515625
6 0.23984375 0.378125 0.15234375 0.13046875
6 0.475 0.28671875 0.10234375 0.0875
3 0.21796875 0.1 0.0796875 0.09140625
6 0.24609375 0.9390625 0.1390625 0.12109375
6 0.20625 0.87890625 0.146875 0.08359375
3 0.3984375 0.1546875 0.06484375 0.07734375
2 0.38203125 0.2234375 0.12109375 0.08828125
0 0.38359375 0.29453125 0.12734375 0.0671875