5 0.15229166666666666 0.6461805555555555 0.1708333333333333 0.12861111111111115
5 0.49453125 0.40883680555555557 0.11593750000000007 0.07746527777777779
5 0.20135416666666667 0.8438541666666666 0.13666666666666671 0.130972222222222
5 0.8818229166666667 0.5786284722222221 0.23635416666666664 0.19968749999999993
5 0.9382291666666667 0.17076388888888888 0.12354166666666658 0.07166666666666668
5 0.51015625 0.7017187500000001 0.1520833333333334 0.10479166666666657
0 0.9650000000000001 0.3111284722222222 0.06999999999999992 0.15031250000000007
5 0.31338541666666664 0.3595659722222222 0.1820833333333333 0.06333333333333328
0 0.9972135416666668 0.6302777777777778 0.005572916666666572 0.07274305555555553
1 0.52859375 0.45171875000000006 0.08302083333333332 0.07517361111111107
1 0.6122916666666667 0.5019444444444445 0.10322916666666657 0.05065972222222222
0 0.76046875 0.5130381944444444 0.09124999999999997 0.058194444444444396
1 0.9738020833333334 0.6819965277777778 0.05239583333333329 0.059687500000000074
2 0.9643489583333335 0.8713715277777778 0.07130208333333314 0.13972222222222222
4 0.8670833333333334 0.9980555555555555 0.26583333333333314 0.0038888888888891416
4 0.5523958333333334 0.917795138888889 0.46291666666666664 0.16440972222222214
5 0.16932291666666666 0.7261284722222222 0.12593749999999998 0.06364583333333336
4 0.33546875 0.5386979166666667 0.41937499999999994 0.22930555555555543
5 0.15458333333333335 0.2944097222222222 0.10979166666666665 0.055486111111111125
5 0.2880208333333333 0.2365277777777778 0.17281250000000004 0.06468749999999997
5 0.12213541666666668 0.25234375 0.11895833333333332 0.052569444444444446
5 0.12687500000000002 0.18302083333333335 0.15260416666666665 0.06579861111111111
5 0.6607291666666667 0.3392013888888889 0.45906249999999993 0.16934027777777771
5 0.7381770833333333 0.4477951388888889 0.3260416666666666 0.11645833333333329
5 0.9019791666666667 0.45923611111111107 0.11625000000000014 0.05875000000000004
4 0.9945833333333333 0.48272569444444446 0.010833333333333427 0.07586805555555554
5 0.7622395833333334 0.18855902777777778 0.1820833333333333 0.08673611111111112
5 0.8223437499999999 0.13060763888888888 0.13531249999999986 0.06385416666666668
5 0.6461458333333334 0.12045138888888889 0.103125 0.07250000000000001
5 0.6545833333333333 0.05979166666666667 0.1046875 0.07253472222222221
5 0.13526041666666666 0.3556076388888889 0.08708333333333336 0.04250000000000007
5 0.12687500000000002 0.4404513888888889 0.13802083333333334 0.08107638888888893
5 0.28635416666666663 0.39875 0.11010416666666671 0.03677083333333329
5 0.3872916666666667 0.0171875 0.08708333333333336 0.01909722222222222
5 0.42484374999999996 0.030503472222222223 0.05281249999999993 0.04329861111111112
5 0.734375 0.051423611111111114 0.0729166666666666 0.040625
0 0.85375 0.2974652777777778 0.2085416666666667 0.13256944444444443
4 0.7791666666666666 0.7616319444444445 0.44166666666666676 0.31270833333333314
4 0.6905208333333334 0.8796875 0.30218749999999994 0.1798958333333335