1 0.7692245370370371 0.8249594907407408 0.23745370370370367 0.21167824074074063
4 0.09641782407407408 0.15204282407407407 0.19225694444444444 0.22596064814814815
1 0.15976273148148148 0.5842939814814815 0.31048611111111113 0.15916666666666668
1 0.14270833333333333 0.7071990740740741 0.2602893518518518 0.13112268518518527
4 0.6102777777777778 0.6671585648148148 0.2212731481481482 0.1362152777777778
1 0.19239583333333335 0.35015625 0.35186342592592595 0.2619328703703704
4 0.7851041666666666 0.4380150462962963 0.17137731481481477 0.1487962962962964
4 0.9296354166666667 0.7157581018518518 0.14072916666666657 0.14336805555555543
3 0.9469849537037037 0.5701273148148148 0.05967592592592581 0.04238425925925924
4 0.08620949074074075 0.0392650462962963 0.1721875 0.047280092592592596
4 0.34774305555555557 0.9636689814814815 0.3130787037037037 0.07266203703703696
4 0.14378472222222222 0.8525115740740741 0.2481712962962963 0.18231481481481496
6 0.15081597222222223 0.8527199074074072 0.2622337962962963 0.18273148148148124