3 0.09281828703703704 0.5228645833333333 0.1728587962962963 0.18322916666666664
3 0.256412037037037 0.9647916666666667 0.2074305555555555 0.07041666666666657
3 0.11307291666666668 0.9359895833333333 0.1503587962962963 0.12802083333333342
3 0.6101041666666667 0.9087500000000001 0.2500462962962963 0.18249999999999994
3 0.8963252314814815 0.6103125 0.207349537037037 0.2095833333333335
3 0.8689409722222223 0.5038541666666667 0.26211805555555545 0.22562500000000013
3 0.6392997685185186 0.32203125000000005 0.08229166666666661 0.07572916666666671
3 0.7136689814814815 0.23177083333333334 0.09038194444444443 0.09500000000000001
3 0.8174247685185186 0.22854166666666664 0.1046990740740739 0.11312499999999996
3 0.9250983796296296 0.2263541666666667 0.11892361111111108 0.125
3 0.9019270833333334 0.13739583333333333 0.13902777777777758 0.11229166666666668
3 0.844537037037037 0.109375 0.0967245370370371 0.10166666666666666
3 0.6910648148148149 0.07572916666666667 0.09150462962962962 0.06541666666666668
3 0.7526909722222223 0.9165104166666665 0.07918981481481477 0.07708333333333357