5 0.04519097222222222 0.10254629629629627 0.0879513888888889 0.09571759259259256
5 0.8316319444444445 0.8388657407407407 0.20604166666666685 0.14328703703703702
4 0.08592013888888889 0.4256307870370371 0.1568402777777778 0.1762615740740742
5 0.4164756944444445 0.09802083333333333 0.251701388888889 0.16159722222222223
5 0.10564236111111111 0.25983217592592595 0.2035763888888889 0.17278935185185187
5 0.13699652777777777 0.9634317129629629 0.11732638888888891 0.07313657407407419
0 0.8308159722222221 0.17016782407407408 0.2585069444444443 0.2571875
0 0.5751215277777778 0.21509259259259256 0.22208333333333333 0.16296296296296298
4 0.42866319444444445 0.26024884259259257 0.15239583333333329 0.11670138888888885
4 0.19611111111111112 0.1879513888888889 0.18131944444444442 0.15430555555555553
0 0.24770833333333334 0.368119212962963 0.2813194444444444 0.16023148148148145
5 0.23744791666666668 0.4681597222222223 0.11534722222222218 0.06457175925925931
4 0.11118055555555557 0.5441608796296296 0.19420138888888888 0.10201388888888889
0 0.4845659722222222 0.5639467592592593 0.3158333333333333 0.1685185185185185
0 0.21914930555555556 0.6980208333333333 0.2386111111111111 0.13429398148148158
5 0.5374479166666667 0.8019270833333334 0.48298611111111106 0.24708333333333315
6 0.42006944444444444 0.944068287037037 0.4105555555555556 0.11186342592592595
2 0.8290451388888889 0.9530468750000001 0.22746527777777778 0.09390624999999986
4 0.41921875000000003 0.9408969907407407 0.41225694444444444 0.11820601851851861
1 0.4565798611111111 0.4983101851851853 0.1692013888888889 0.10053240740740747