4 0.5715451388888889 0.3741319444444445 0.2972569444444444 0.390162037037037
5 0.3358333333333333 0.965306712962963 0.10048611111111114 0.06938657407407404
5 0.4210243055555555 0.9304976851851852 0.16774305555555563 0.13900462962962976
5 0.8701215277777777 0.31956018518518514 0.21559027777777756 0.29519675925925926
5 0.3588020833333333 0.6158275462962963 0.12118055555555554 0.18836805555555552
6 0.030972222222222224 0.18909143518518517 0.06194444444444445 0.18755787037037036
4 0.027916666666666666 0.3734085648148148 0.05583333333333333 0.14681712962962967
6 0.04694444444444444 0.4571180555555555 0.09388888888888888 0.08229166666666679
6 0.16234374999999998 0.5120659722222223 0.12125 0.19149305555555554
6 0.2208321359375 0.3944281828125 0.224085690625 0.38670853437499997 0.2244316875 0.3821899203125 0.22688775468750003 0.3780290140625 0.227480440625 0.37347191875 0.23451196875 0.353142740625 0.23532497343749997 0.3471775375 0.2388779703125 0.3421586515625 0.248160765625 0.3166702125 0.2508418125 0.304918665625 0.253406503125 0.2839125515625 0.25206754375 0.27862647812499997 0.24913826874999997 0.27427535000000003 0.242986475 0.27283095468749996 0.2386670265625 0.2765956671875 0.18261663125 0.29873310625 0.15211521249999999 0.29524872343749997 0.1358598875 0.2991581890625 0.128002959375 0.30553533125 0.12557326562499999 0.31106585625 0.12448719687500001 0.3156999203125 0.125127971875 0.32006460312499996 0.12439875 0.3239561328125 0.12525984375000002 0.3269127125 0.1219069875 0.3391124921875 0.12041751249999999 0.351708465625 0.1235733 0.36461010625 0.1323300859375 0.38247640625 0.13645093125000002 0.38767195781249997 0.1387611421875 0.395210559375 0.1447670828125 0.4083544640625 0.15380625625 0.41518682343749996 0.15829946875 0.4172333828125 0.1650082546875 0.4251161359375 0.1759263265625 0.42993823124999997 0.177910725 0.4334064515625 0.1826770046875 0.4367841484375 0.19064562499999999 0.4458441140625 0.1988392234375 0.4473134328125 0.2044386875 0.4361369328125 0.2110295796875 0.4186239625 0.2192216453125 0.4039521265625 0.2208321359375 0.3944281828125
6 0.4411284722222222 0.502980324074074 0.20277777777777786 0.2802083333333334
5 0.6319965277777777 0.940480324074074 0.17684027777777764 0.11903935185185191
6 0.8340972222222222 0.6025173611111111 0.18538194444444436 0.2695601851851851
5 0.7840104166666666 0.10972222222222223 0.11010416666666671 0.11111111111111112
6 0.03661458333333333 0.3740451388888889 0.07322916666666666 0.16684027777777777