3 0.9696990740740741 0.7524016203703704 0.04847222222222243 0.08228009259259253
3 0.8160185185185185 0.2229050925925926 0.13333333333333358 0.14803240740740745
3 0.7388541666666667 0.5348032407407407 0.11530092592592603 0.10648148148148148
3 0.5024479166666667 0.6334837962962963 0.08292824074074065 0.05940972222222225
0 0.9649884259259259 0.4678298611111112 0.0700231481481481 0.14792824074074068
2 0.27578125 0.5128530092592593 0.13527777777777777 0.18084490740740744
3 0.643431712962963 0.9222627314814815 0.08201388888888879 0.07025462962962976
3 0.7416030092592593 0.9383969907407408 0.08218750000000004 0.04690972222222243
2 0.9148206018518519 0.3666550925925926 0.17035879629629633 0.22057870370370375
2 0.3617650462962963 0.7202199074074074 0.1316203703703704 0.22422453703703712
3 0.6594791666666666 0.8358564814814816 0.09378472222222226 0.08496527777777771
3 0.6841724537037037 0.7630497685185185 0.13276620370370368 0.11218749999999993