3 0.03560474537037037 0.6827141203703704 0.07120949074074075 0.10885416666666661
3 0.16377314814814814 0.6800115740740741 0.10011574074074074 0.13109953703703708
3 0.24001736111111108 0.5820601851851852 0.11232638888888893 0.12347222222222225
3 0.23602430555555554 0.7109548611111112 0.07899305555555554 0.06675925925925927
3 0.3363715277777778 0.7844270833333333 0.10862268518518521 0.10780092592592609
3 0.32635995370370374 0.6752604166666666 0.08917824074074066 0.0887731481481481
3 0.45092592592592595 0.7905381944444445 0.10318287037037024 0.0874189814814816
3 0.3676793981481482 0.8667303240740741 0.11915509259259256 0.13918981481481474
3 0.5905092592592592 0.7533333333333333 0.2049768518518519 0.2638310185185187
3 0.858275462962963 0.22777777777777777 0.0856481481481481 0.07778935185185185
3 0.7904513888888889 0.2670428240740741 0.10266203703703702 0.11552083333333334
3 0.6381365740740741 0.2327662037037037 0.4549768518518519 0.4655324074074074
3 0.35355902777777776 0.130625 0.12280092592592595 0.11113425925925924
3 0.3760127314814815 0.2622511574074074 0.10810185185185191 0.09373842592592592
3 0.33579282407407407 0.04109375 0.10405092592592595 0.06869212962962963
3 0.4307002314814815 0.05261574074074075 0.09930555555555554 0.1052314814814815
3 0.8792824074074073 0.14548032407407407 0.09525462962962976 0.1263425925925926
3 0.24071180555555555 0.4368171296296296 0.27118055555555554 0.36475694444444445