5 0.314681712962963 0.06253472222222223 0.09251157407407407 0.11284722222222224
0 0.6704340277777778 0.47487847222222224 0.10210648148148138 0.1957638888888889
5 0.9167303240740742 0.9544097222222222 0.03322916666666664 0.09118055555555564
4 0.3731481481481481 0.6732291666666667 0.2094444444444444 0.3744791666666668
4 0.14743055555555556 0.8387499999999999 0.18843750000000004 0.2569791666666667
4 0.05027488425925926 0.7563194444444445 0.10054976851851852 0.23881944444444442
6 0.016822916666666667 0.5576736111111111 0.03364583333333333 0.29972222222222217
6 0.12999421296296296 0.45414930555555555 0.2599884259259259 0.3477430555555555
4 0.28805555555555556 0.31383680555555554 0.19571759259259255 0.3008333333333333
4 0.4335069444444445 0.2091145833333333 0.19497685185185176 0.2883333333333333
2 0.6595254629629629 0.3025347222222222 0.10677083333333322 0.14281249999999995
5 0.9406712962962963 0.5481597222222222 0.0775462962962962 0.3606249999999999
5 0.9088310185185187 0.10859375 0.18104166666666685 0.15850694444444446
5 0.9596875 0.2536631944444444 0.06266203703703681 0.1621180555555556
5 0.9079803240740741 0.2681597222222222 0.06035879629629619 0.14958333333333335
5 0.8919849537037038 0.4852777777777778 0.05943287037037024 0.13395833333333335
5 0.7973553240740741 0.39243055555555556 0.1474074074074075 0.1702430555555555
5 0.8151678240740742 0.5406770833333333 0.08545138888888885 0.151701388888889
5 0.6878819444444444 0.9238888888888889 0.1474074074074075 0.1522222222222222
5 0.5901157407407408 0.5497569444444445 0.08971064814814814 0.223576388888889
5 0.7197164351851851 0.5409027777777778 0.09730324074074073 0.14104166666666665
4 0.4421064814814815 0.09039930555555556 0.125162037037037 0.16350694444444444
0 0.7023321759259259 0.04220486111111112 0.05387731481481488 0.04020833333333333