5 0.4057523148148148 0.7656828703703703 0.08561342592592602 0.21024305555555553
5 0.6243981481481481 0.9400318287037038 0.09756944444444446 0.11993634259259238
6 0.323125 0.7862268518518519 0.09929398148148146 0.17390046296296297
5 0.07290509259259259 0.9776909722222221 0.14581018518518518 0.044618055555555716
4 0.32703703703703707 0.5292824074074074 0.17784722222222218 0.3680555555555555
5 0.6965104166666667 0.37627314814814816 0.048993055555555644 0.134375
5 0.8227083333333333 0.3926793981481482 0.09479166666666679 0.14710648148148148
6 0.07244212962962962 0.8413773148148149 0.09657407407407408 0.18148148148148166
5 0.4807754629629629 0.8977719907407409 0.08626157407407398 0.20445601851851833
6 0.08425347222222222 0.2359375 0.16850694444444445 0.4625
6 0.1452372685185185 0.707957175925926 0.08533564814814812 0.144849537037037
6 0.21878472222222226 0.6961516203703704 0.06366898148148152 0.08721064814814809
6 0.19570601851851852 0.41524884259259254 0.07557870370370372 0.1067708333333334
6 0.2709722222222222 0.3400462962962963 0.03357638888888888 0.07719907407407404
6 0.4990104166666667 0.7216145833333334 0.06892361111111107 0.09849537037037023
6 0.44313657407407414 0.725318287037037 0.04802083333333336 0.115625
3 0.4344328703703704 0.8478009259259259 0.04873842592592581 0.039409722222222145
3 0.7863657407407407 0.8213252314814815 0.03887731481481467 0.029340277777777857
3 0.74296875 0.9020254629629629 0.04569444444444439 0.040740740740740834
3 0.6563136574074073 0.81875 0.04208333333333343 0.031134259259259167
3 0.681550925925926 0.861400462962963 0.04520833333333343 0.03136574074074083
5 0.5551331018518518 0.773611111111111 0.055347222222222214 0.10682870370370381
3 0.2981076388888889 0.9208333333333334 0.05013888888888882 0.036400462962962975
1 0.7616666666666666 0.9659722222222221 0.08905092592592592 0.06805555555555572
1 0.8496296296296297 0.9444155092592592 0.0761226851851852 0.11116898148148166
6 0.4144618055555555 0.5977141203703704 0.0616782407407408 0.10885416666666678
2 0.4802951388888889 0.44730902777777776 0.06506944444444436 0.08420138888888892
6 0.32584490740740735 0.9903356481481481 0.09601851851851854 0.01932870370370381
4 0.6091550925925926 0.7148726851851852 0.06092592592592592 0.12436342592592595