5 0.31796875 0.57890625 0.1859375 0.06640625
5 0.1359375 0.371875 0.16953125 0.07890625
6 0.29453125 0.6546875 0.15234375 0.0796875
5 0.05859375 0.89921875 0.1171875 0.16953125
4 0.53046875 0.659375 0.32578125 0.14140625
5 0.690625 0.32421875 0.1203125 0.0375
5 0.68203125 0.2078125 0.128125 0.0765625
6 0.23125 0.88359375 0.159375 0.07890625
5 0.19140625 0.50625 0.1984375 0.065625
6 0.790625 0.9140625 0.41796875 0.171875
6 0.35703125 0.8203125 0.12578125 0.06953125
6 0.371875 0.753125 0.075 0.053125
6 0.62890625 0.78359375 0.0921875 0.0625
6 0.70234375 0.7171875 0.06953125 0.025
6 0.36328125 0.49453125 0.08515625 0.05859375
6 0.35703125 0.54609375 0.103125 0.0375
3 0.24453125 0.55 0.03203125 0.04296875
3 0.28671875 0.228125 0.02421875 0.03359375
3 0.2109375 0.26484375 0.03515625 0.03984375
3 0.2828125 0.34765625 0.025 0.03828125
3 0.24375 0.32265625 0.02578125 0.03984375
5 0.31875 0.44140625 0.09375 0.04453125
3 0.1703125 0.6734375 0.028125 0.04453125
1 0.12421875 0.2453125 0.1125 0.075
1 0.16015625 0.165625 0.12890625 0.0609375
6 0.47265625 0.5765625 0.09453125 0.05078125
2 0.6140625 0.52109375 0.07265625 0.0546875
6 0.05625 0.64453125 0.1125 0.08671875
4 0.375 0.39375 0.109375 0.0484375