3 0.12578125 0.1984375 0.059375 0.07109375
3 0.059375 0.1609375 0.034375 0.0578125
3 0.04375 0.2078125 0.04140625 0.04765625
3 0.3046875 0.12109375 0.0453125 0.040625
3 0.3578125 0.2578125 0.09375 0.0953125
3 0.5390625 0.21640625 0.0703125 0.06484375
3 0.37890625 0.08203125 0.040625 0.0671875
3 0.3578125 0.1109375 0.0296875 0.046875
3 0.11328125 0.10859375 0.05859375 0.03828125
3 0.02734375 0.12109375 0.05390625 0.04921875
3 0.10390625 0.31015625 0.05703125 0.03984375
3 0.0296875 0.30703125 0.05859375 0.05
3 0.4640625 0.47578125 0.0734375 0.05078125
3 0.14453125 0.7484375 0.05703125 0.02421875
3 0.07109375 0.625 0.08125 0.02890625
3 0.046875 0.76640625 0.0484375 0.0359375
3 0.0859375 0.79921875 0.08125 0.0421875
3 0.4078125 0.71796875 0.06015625 0.03984375
3 0.421875 0.6828125 0.04296875 0.03671875
3 0.3625 0.69375 0.03203125 0.03046875
3 0.365625 0.65703125 0.04609375 0.040625
3 0.34609375 0.64765625 0.04453125 0.04296875
3 0.3734375 0.6109375 0.0359375 0.02578125
3 0.19375 0.596875 0.028125 0.0234375
3 0.1828125 0.6375 0.03046875 0.03515625
3 0.23203125 0.55859375 0.03125 0.02109375
3 0.134375 0.5828125 0.01875 0.0296875
3 0.1046875 0.6046875 0.0296875 0.034375
3 0.10625 0.55859375 0.03828125 0.04140625
3 0.05390625 0.59296875 0.05 0.0328125
3 0.45 0.86328125 0.06640625 0.06328125
3 0.3609375 0.83359375 0.04375 0.03359375
3 0.39296875 0.87890625 0.05390625 0.05546875
3 0.92578125 0.6984375 0.0609375 0.04453125
3 0.965625 0.71875 0.03515625 0.034375
3 0.8328125 0.5640625 0.0421875 0.04140625
3 0.95390625 0.6265625 0.05703125 0.053125
2 0.80546875 0.265625 0.37578125 0.26796875
5 0.82109375 0.05625 0.265625 0.11171875
5 0.9234375 0.4359375 0.153125 0.128125
2 0.71875 0.49609375 0.06640625 0.0671875
2 0.7484375 0.43984375 0.05 0.0484375
2 0.76640625 0.38203125 0.03046875 0.02734375
3 0.86484375 0.50859375 0.0375 0.0671875
3 0.0296875 0.47734375 0.05859375 0.05234375
3 0.11796875 0.3703125 0.06640625 0.03125
3 0.20546875 0.496875 0.03515625 0.03671875
3 0.2625 0.51015625 0.0375 0.02578125
3 0.17578125 0.52109375 0.03359375 0.02421875
6 0.6984375 0.809375 0.37421875 0.38125