6 0.18274305555555556 0.5126678240740741 0.3646990740740741 0.9402893518518518
6 0.7505092592592593 0.890462962962963 0.45442129629629624 0.18842592592592594
6 0.8598263888888888 0.7739178240740741 0.2711805555555557 0.33608796296296306
6 0.9569039351851852 0.7983912037037036 0.07600694444444471 0.3490509259259259
0 0.3823611111111111 0.4551793981481481 0.2627314814814815 0.46081018518518524
0 0.47822916666666665 0.8438310185185186 0.13747685185185182 0.21184027777777778
6 0.35862268518518514 0.10560185185185185 0.20787037037037032 0.2112037037037037
5 0.058269675925925926 0.06125578703703703 0.054039351851851845 0.12251157407407406
5 0.18810763888888887 0.08066550925925926 0.19184027777777776 0.16133101851851853
6 0.2534490740740741 0.8801851851851852 0.1795949074074074 0.2037152777777777
6 0.5633738425925926 0.4177777777777778 0.22729166666666673 0.31604166666666667