6 0.22484374999999995 0.9133680555555556 0.11924768518518522 0.09172453703703702
4 0.19280092592592593 0.2542534722222222 0.297025462962963 0.3555555555555555
6 0.12417824074074073 0.5432581018518519 0.20817129629629627 0.4083912037037038
4 0.36537615740740736 0.2855902777777778 0.20285879629629627 0.23981481481481487
2 0.934375 0.5997685185185185 0.13125 0.293287037037037
5 0.9007754629629631 0.862008101851852 0.1674768518518519 0.2478587962962962
6 0.4341377314814815 0.6303530092592593 0.2446296296296296 0.3395833333333334
4 0.5748032407407407 0.5178530092592593 0.22458333333333336 0.31701388888888893
4 0.48379050925925926 0.9861689814814815 0.06968750000000004 0.027662037037037023
0 0.5750925925925926 0.9594328703703704 0.10895833333333335 0.08113425925925917
4 0.7157638888888889 0.5550347222222222 0.13834490740740737 0.25613425925925914
5 0.7675636574074074 0.7845775462962964 0.12726851851851856 0.14814814814814808
5 0.7530902777777777 0.8955150462962962 0.12065972222222214 0.16817129629629618
5 0.5988888888888889 0.7401331018518518 0.14281249999999995 0.1736689814814815
5 0.5580613425925927 0.8009837962962962 0.14037037037037034 0.2640046296296298
5 0.833454861111111 0.8546006944444444 0.16098379629629633 0.29079861111111105
0 0.8398495370370369 0.5705439814814814 0.06456018518518505 0.08969907407407404
0 0.8107349537037039 0.5133391203703704 0.05804398148148167 0.11128472222222215
6 0.3675810185185185 0.2833333333333333 0.2069097222222222 0.25555555555555554