1 0.3909722222222222 0.5992824074074073 0.17054398148148148 0.2183912037037036
1 0.23483796296296297 0.7660185185185184 0.12395833333333339 0.14150462962962962
1 0.14224537037037038 0.6300231481481482 0.10138888888888889 0.12259259259259263
4 0.03940972222222222 0.6496238425925925 0.07881944444444444 0.19915509259259245
4 0.028009259259259255 0.4958275462962963 0.05601851851851851 0.13646990740740747
4 0.059895833333333336 0.30266203703703703 0.11979166666666667 0.32592592592592595
6 0.07699652777777778 0.1384837962962963 0.15399305555555556 0.15740740740740738
0 0.24360532407407404 0.25515625000000003 0.2840856481481481 0.45822916666666663
2 0.7490451388888889 0.17127893518518517 0.35815972222222214 0.34255787037037033
0 0.6702835648148149 0.14343171296296298 0.08466435185185191 0.09278935185185189
0 0.5559027777777777 0.04962962962962963 0.07569444444444447 0.09925925925925926
0 0.7228009259259258 0.39141203703703703 0.15931712962962957 0.2526736111111111