6 0.74609375 0.84296875 0.5078125 0.3140625
6 0.375 0.85703125 0.29765625 0.190625
0 0.1953125 0.953125 0.20546875 0.09375
5 0.1453125 0.44140625 0.2875 0.18046875
4 0.64609375 0.63203125 0.165625 0.10390625
5 0.28671875 0.30546875 0.13046875 0.08515625
5 0.36796875 0.2375 0.084375 0.0546875
0 0.3296875 0.5703125 0.1015625 0.059375
6 0.38671875 0.97109375 0.0953125 0.0578125
6 0.46953125 0.97578125 0.0765625 0.0484375
6 0.29140625 0.75 0.0796875 0.05234375
6 0.2078125 0.71953125 0.071875 0.04609375
6 0.25 0.6171875 0.06328125 0.04609375
6 0.1640625 0.53828125 0.12421875 0.0484375