5 0.5195023148148149 0.7010416666666666 0.11255787037037024 0.13611111111111107
4 0.928125 0.08234953703703704 0.14375 0.16469907407407408
0 0.2732349537037037 0.52421875 0.22100694444444446 0.41371527777777783
0 0.5795138888888889 0.21218171296296298 0.34027777777777785 0.42436342592592596
4 0.2543402777777778 0.9024305555555555 0.12164351851851851 0.1710648148148149
5 0.6829861111111111 0.6309606481481481 0.1622685185185187 0.17407407407407405
5 0.46646412037037044 0.45350115740740743 0.13078703703703703 0.29172453703703705
5 0.8908564814814814 0.5959780092592593 0.15254629629629618 0.16400462962962958
5 0.7708333333333333 0.48579282407407404 0.07523148148148148 0.1380208333333332
2 0.16015625 0.9399594907407408 0.07071759259259255 0.10028935185185191
2 0.14406828703703703 0.801707175925926 0.038252314814814795 0.06516203703703702
1 0.10564236111111111 0.41990740740740745 0.055902777777777767 0.12100694444444446