4 0.8636284722222222 0.7992303240740741 0.2727430555555557 0.40153935185185186
0 0.5977719907407407 0.6670138888888889 0.11168981481481488 0.16373842592592602
0 0.5862557870370371 0.4905439814814815 0.12690972222222213 0.13819444444444445
0 0.5897569444444445 0.9515740740740741 0.09988425925925917 0.09685185185185183
5 0.44855324074074077 0.42715856481481485 0.15653935185185192 0.20217592592592587
4 0.2880787037037037 0.5078761574074074 0.1955439814814815 0.26671296296296293
4 0.07864583333333333 0.6416956018518519 0.08391203703703705 0.2927662037037038
4 0.8376157407407409 0.45021412037037034 0.16417824074074047 0.22129629629629638
4 0.7396990740740741 0.7874305555555555 0.13859953703703703 0.21200231481481496
4 0.6675347222222222 0.9489699074074075 0.11620370370370363 0.10206018518518505
5 0.7480902777777778 0.9630960648148148 0.11134259259259256 0.07380787037037032