4 0.10250578703703703 0.6688194444444444 0.20501157407407405 0.5157638888888888
0 0.37769097222222225 0.6298958333333333 0.12228009259259257 0.1744791666666666
0 0.45082175925925927 0.4571875 0.13550925925925927 0.14666666666666667
0 0.2782465277777778 0.9255381944444444 0.100162037037037 0.11309027777777772
5 0.6039699074074074 0.45980902777777777 0.16714120370370367 0.2129513888888889
4 0.7267303240740741 0.6173263888888889 0.21141203703703687 0.2842013888888889
4 0.8876851851851851 0.85328125 0.11826388888888886 0.2934374999999999
4 0.22652199074074075 0.2966319444444444 0.17564814814814814 0.23656249999999995
4 0.1994386574074074 0.6830034722222222 0.15027777777777782 0.2235069444444445
4 0.20488425925925924 0.8949826388888888 0.11809027777777778 0.13847222222222227
5 0.11782407407407407 0.8781944444444445 0.113125 0.1289930555555557