5 0.9051157407407407 0.2328125 0.17712962962962955 0.221875
5 0.7098900462962963 0.71328125 0.1561689814814816 0.209375
5 0.11560185185185186 0.49296875 0.23120370370370372 0.2609375
5 0.05182291666666666 0.28125 0.08633101851851852 0.128125
6 0.8282812500000001 0.4640625 0.2844212962962963 0.3625
4 0.7920081018518518 0.9828125 0.1033449074074074 0.034375
4 0.41968171296296297 0.82578125 0.36494212962962963 0.3484375
4 0.5244270833333333 0.6890625 0.14884259259259255 0.21875
6 0.5099305555555556 0.18515625 0.17361111111111108 0.3046875
5 0.26241319444444444 0.57421875 0.18828703703703703 0.25625
5 0.28642939814814816 0.05078125 0.17089120370370373 0.1015625
5 0.34589120370370374 0.109375 0.15821759259259255 0.21875
0 0.34618634259259257 0.3296875 0.15347222222222232 0.1875
5 0.3363541666666666 0.534375 0.16518518518518518 0.353125
6 0.6243171296296296 0.17890625 0.12346064814814817 0.18125