5 0.9377430555555556 0.8834606481481483 0.12094907407407404 0.08682870370370352
5 0.5764467592592593 0.9354398148148148 0.14317129629629638 0.12912037037037044
5 0.7434664351851852 0.49454282407407407 0.16017361111111103 0.1089930555555556
5 0.558599537037037 0.4267708333333333 0.23703703703703702 0.15018518518518514
5 0.6871180555555556 0.6917708333333333 0.1712615740740741 0.1293865740740742
5 0.24275462962962963 0.920625 0.3043055555555555 0.15874999999999986
5 0.887181712962963 0.27999421296296295 0.15862268518518513 0.11054398148148152
5 0.4021354166666667 0.08031828703703704 0.19177083333333336 0.15609953703703702
5 0.6544907407407408 0.2946759259259259 0.24335648148148153 0.1596064814814815
4 0.4410590277777778 0.5891724537037037 0.296875 0.21312499999999995
5 0.12803819444444448 0.5165451388888889 0.2279050925925926 0.18292824074074082
5 0.857013888888889 0.6367824074074073 0.12099537037037038 0.0930787037037037
5 0.830931712962963 0.38504050925925926 0.1506944444444443 0.0948611111111111
0 0.9580208333333333 0.7570775462962963 0.08395833333333336 0.12253472222222221
0 0.7723842592592594 0.8127083333333334 0.20561342592592596 0.12651620370370367
0 0.7848958333333333 0.9198263888888889 0.16009259259259245 0.09805555555555542
5 0.3249652777777778 0.8414236111111111 0.20106481481481486 0.1452314814814816
2 0.8995659722222221 0.4753877314814815 0.12871527777777772 0.08063657407407412
4 0.08117476851851851 0.2013715277777778 0.16114583333333335 0.2402430555555556
4 0.8055324074074074 0.22548611111111114 0.12883101851851855 0.09626157407407412
5 0.5761979166666666 0.798755787037037 0.16350694444444436 0.13714120370370358
0 0.9005439814814814 0.7128819444444444 0.12730324074074062 0.10093749999999986