3 0.3439641203703704 0.8591493055555557 0.2916203703703705 0.18958333333333358
3 0.2267650462962963 0.681417824074074 0.2065277777777778 0.2256712962962963
3 0.07251736111111111 0.8383217592592593 0.14503472222222222 0.21031249999999985
3 0.061710069444444446 0.3127199074074074 0.12342013888888889 0.13821759259259264
3 0.11260416666666666 0.17641203703703706 0.19684027777777774 0.14105324074074072
3 0.47859375000000004 0.26958912037037036 0.24804398148148152 0.16395833333333334
3 0.37602430555555555 0.16041666666666668 0.31931712962962955 0.2626736111111111
3 0.7229687499999999 0.10893807870370371 0.4467939814814814 0.21787615740740743
3 0.6438773148148147 0.5164814814814814 0.1962847222222223 0.13167824074074072
3 0.804837962962963 0.6654629629629629 0.31730324074074084 0.2812615740740741
3 0.9558506944444446 0.14690972222222223 0.08663194444444429 0.29381944444444447
3 0.5495949074074075 0.3726099537037037 0.19398148148148148 0.11909722222222223