0 0.3170659722222222 0.8192824074074074 0.4828819444444445 0.3600462962962965
1 0.9044965277777777 0.8518344907407407 0.19100694444444458 0.2733217592592595
5 0.5409895833333334 0.6861921296296296 0.29961805555555543 0.24178240740740725
2 0.6316145833333333 0.22751736111111112 0.0733680555555555 0.0697916666666667
0 0.7847743055555556 0.6481828703703704 0.3334027777777777 0.2641435185185184
4 0.14553819444444444 0.3019502314814815 0.25159722222222225 0.18017361111111113
2 0.5176041666666666 0.14243055555555556 0.07934027777777786 0.06363425925925928
0 0.551875 0.4210127314814815 0.43513888888888896 0.23442129629629632
2 0.5703645833333333 0.96015625 0.12315972222222235 0.06584490740740741
0 0.7815451388888889 0.9273206018518518 0.3351736111111112 0.12832175925925923
6 0.0956423611111111 0.8679050925925926 0.12253472222222221 0.19231481481481474
1 0.9789930555555555 0.26524305555555555 0.04201388888888893 0.20074074074074072
4 0.8040277777777778 0.9230787037037036 0.34958333333333336 0.13634259259259238
4 0.31124999999999997 0.8115509259259259 0.47100694444444446 0.37392361111111116
6 0.15491319444444446 0.3018113425925926 0.27197916666666666 0.18203703703703694