6 0.34078125 0.5211979166666667 0.2532638888888889 0.23375000000000004
6 0.6718055555555555 0.6033333333333333 0.27086805555555565 0.2536458333333334
6 0.11579861111111109 0.3665625 0.18208333333333332 0.1197916666666666
0 0.2502083333333333 0.30687499999999995 0.28576388888888893 0.221875
4 0.9269444444444446 0.31166666666666665 0.14611111111111086 0.15999999999999998
3 0.6000694444444445 0.1484375 0.0671180555555555 0.07156250000000001
3 0.752361111111111 0.15625 0.05614583333333343 0.06927083333333331
3 0.6215798611111112 0.20369791666666667 0.06253472222222207 0.07593750000000003
3 0.7390277777777777 0.2583333333333333 0.040173611111111104 0.052604166666666605
3 0.6597222222222222 0.3404166666666667 0.04982638888888893 0.06572916666666666
6 0.18659722222222222 0.0771875 0.18881944444444443 0.14208333333333334
4 0.5219965277777778 0.11046875 0.12874999999999998 0.10687500000000001
0 0.5841493055555556 0.06390625 0.1932986111111111 0.06281250000000001
6 0.5011631944444445 0.4016145833333334 0.14909722222222221 0.10979166666666665
2 0.21727430555555555 0.6502604166666666 0.07944444444444443 0.06458333333333321
0 0.45105902777777784 0.6744270833333333 0.2590972222222222 0.21541666666666667
2 0.13034722222222223 0.6351041666666667 0.1657638888888889 0.15770833333333342
4 0.9384375 0.43109374999999994 0.12312499999999993 0.15552083333333327
6 0.955295138888889 0.5180729166666668 0.08940972222222214 0.10343750000000007
1 0.37345486111111115 0.16609374999999998 0.07309027777777768 0.05947916666666666
1 0.3373611111111111 0.1917708333333333 0.06968750000000004 0.04677083333333334