4 0.8007118055555555 0.13686342592592593 0.298576388888889 0.22476851851851856
6 0.5884895833333333 0.15795717592592592 0.35427083333333337 0.2845486111111111
6 0.6952951388888888 0.2902488425925926 0.3504513888888889 0.26880787037037035
6 0.47477430555555555 0.35720486111111116 0.17048611111111106 0.1857060185185185
2 0.5208506944444444 0.9051215277777779 0.1890625 0.14739583333333356
2 0.44196180555555553 0.8489872685185185 0.10538194444444446 0.08969907407407404
6 0.22510416666666666 0.4637731481481482 0.25947916666666665 0.18744212962962958
6 0.3377951388888889 0.23475115740740743 0.22270833333333337 0.16736111111111107
6 0.5499131944444444 0.5329282407407407 0.4760416666666666 0.3218171296296296
6 0.7119097222222222 0.708738425925926 0.21725694444444432 0.15
5 0.24385416666666665 0.9852141203703703 0.23284722222222226 0.029571759259259523
5 0.17529513888888887 0.897800925925926 0.2165625 0.134375
5 0.17493055555555556 0.7827546296296296 0.22194444444444444 0.15017361111111108
5 0.6101215277777777 0.9591145833333332 0.3247569444444444 0.08177083333333357
5 0.8854861111111111 0.8528935185185185 0.16430555555555557 0.18703703703703703
0 0.36435763888888884 0.6935185185185185 0.11972222222222229 0.09646990740740743