6 0.21998842592592593 0.021875 0.21314814814814814 0.04375
1 0.5489409722222222 0.54609375 0.2861458333333335 0.225
0 0.07995949074074074 0.2453125 0.14153935185185185 0.1671875
4 0.20998842592592593 0.275 0.19758101851851856 0.153125
4 0.6413194444444444 0.05859375 0.3361111111111111 0.1171875
4 0.8424131944444444 0.459375 0.3043865740740742 0.190625
4 0.3978009259259259 0.5703125 0.21749999999999997 0.1265625
2 0.6484606481481482 0.73671875 0.08686342592592596 0.0625
5 0.7934780092592593 0.809375 0.35829861111111116 0.24375
5 0.04693865740740741 0.8 0.09387731481481482 0.140625
5 0.7466435185185185 0.96484375 0.23229166666666679 0.0703125
1 0.7064699074074074 0.61796875 0.13284722222222226 0.1078125
6 0.5519618055555556 0.553125 0.2624074074074073 0.2046875