5 0.32663194444444443 0.8834722222222222 0.12364583333333332 0.22295138888888885
5 0.9704166666666666 0.19274305555555554 0.056111111111111 0.20583333333333337
4 0.9258333333333333 0.4051388888888889 0.13715277777777785 0.2685416666666667
5 0.7828819444444444 0.7529166666666667 0.16246527777777775 0.28315972222222213
4 0.6363020833333334 0.45498263888888885 0.22781249999999992 0.41267361111111106
5 0.5575173611111112 0.44776041666666666 0.08413194444444443 0.13149305555555557
1 0.055989583333333336 0.7529513888888889 0.11197916666666667 0.33402777777777787
4 0.3093576388888889 0.4649131944444445 0.14076388888888883 0.22020833333333342
5 0.9241493055555555 0.6216145833333333 0.112361111111111 0.13680555555555554
4 0.6850520833333333 0.828515625 0.14819444444444443 0.34296875
0 0.4069097222222222 0.6124652777777777 0.07781249999999992 0.12822916666666656
3 0.4101215277777778 0.8900173611111111 0.07475694444444443 0.0610069444444445
1 0.40609375 0.6140104166666667 0.07309027777777785 0.1265625
6 0.6891319444444445 0.81796875 0.15659722222222214 0.3640625