1 0.7700578703703703 0.8396180555555555 0.10723379629629619 0.11012731481481489
5 0.09969328703703703 0.7150752314814814 0.17658564814814814 0.182488425925926
0 0.940445601851852 0.568119212962963 0.06968749999999986 0.1692013888888889
4 0.11372106481481481 0.2883564814814815 0.22744212962962962 0.429837962962963
5 0.5624768518518518 0.8185416666666667 0.157951388888889 0.24482638888888886
5 0.6232696759259259 0.36960069444444443 0.18128472222222208 0.2731134259259259
0 0.8886111111111111 0.6935648148148148 0.12445601851851862 0.17116898148148146
5 0.460619212962963 0.9117881944444445 0.14369212962962957 0.176423611111111
3 0.7800347222222221 0.6622800925925926 0.12587962962962962 0.13837962962962963
5 0.3701851851851852 0.6834722222222223 0.16578703703703698 0.21520833333333336
5 0.6839236111111111 0.9030671296296298 0.12334490740740733 0.11961805555555571
5 0.84609375 0.11177662037037037 0.1743518518518517 0.19965277777777776
5 0.5828472222222223 0.04886574074074074 0.1280555555555555 0.08997685185185185
5 0.18200231481481483 0.8610532407407406 0.11359953703703707 0.17265046296296305
5 0.34414351851851854 0.8239583333333333 0.12116898148148154 0.16802083333333329
5 0.2483622685185185 0.3801099537037037 0.2540162037037037 0.2299189814814815