6 0.89296875 0.928125 0.1203125 0.14375
6 0.109375 0.55 0.21875 0.378125
6 0.2796875 0.61640625 0.5515625 0.3328125
5 0.7671875 0.23359375 0.465625 0.3640625
5 0.15546875 0.18671875 0.2734375 0.353125
5 0.57734375 0.08125 0.4703125 0.1625
5 0.8921875 0.1078125 0.215625 0.140625
5 0.60390625 0.74453125 0.534375 0.1796875
0 0.734375 0.98203125 0.24375 0.0359375
4 0.4125 0.97890625 0.1375 0.0421875
3 0.34921875 0.80859375 0.103125 0.103125
0 0.1765625 0.80546875 0.1390625 0.125
0 0.64609375 0.60703125 0.184375 0.0875
5 0.53984375 0.359375 0.221875 0.09375