5 0.18115740740740743 0.9634375000000001 0.09763888888888887 0.07312499999999993
0 0.6557465277777779 0.7122048611111111 0.10284722222222235 0.14743055555555565
4 0.4297511574074074 0.6127604166666666 0.1458564814814814 0.25451388888888893
0 0.8220543981481481 0.7892534722222223 0.06851851851851834 0.087361111111111
5 0.38613425925925926 0.9109201388888888 0.12831018518518525 0.17815972222222243
0 0.7070659722222222 0.6033159722222223 0.09527777777777775 0.15194444444444458
5 0.8993460648148147 0.7548437499999999 0.2013078703703705 0.4410069444444444
5 0.9362673611111111 0.5244097222222223 0.12746527777777777 0.1719444444444445
5 0.6455729166666666 0.36550347222222224 0.09387731481481473 0.1550347222222223
2 0.5497916666666667 0.17375000000000002 0.25583333333333336 0.32875
0 0.6788020833333334 0.8859548611111112 0.06766203703703706 0.13104166666666686
1 0.5491724537037037 0.8089409722222222 0.09861111111111107 0.09583333333333358
0 0.5539120370370371 0.6896527777777778 0.03112268518518526 0.05843749999999996
4 0.3745486111111111 0.2705208333333333 0.07687500000000007 0.128125
5 0.40440393518518525 0.10887152777777778 0.11333333333333329 0.19916666666666663
2 0.16357060185185185 0.7890972222222222 0.2609375 0.4218055555555555
6 0.30765046296296295 0.9486631944444444 0.060277777777777784 0.10267361111111128
2 0.35497106481481483 0.8561284722222222 0.06496527777777779 0.10913194444444443
5 0.6154166666666667 0.912638888888889 0.03931712962962965 0.09607638888888914