0 0.2052141203703704 0.7215277777777778 0.21606481481481482 0.3404166666666667
5 0.8076099537037038 0.8285243055555556 0.22844907407407433 0.23173611111111114
5 0.9504050925925925 0.8121701388888889 0.09918981481481488 0.18197916666666672
5 0.8360821759259259 0.2053472222222222 0.11023148148148146 0.13909722222222226
5 0.7155613425925926 0.20366319444444442 0.15131944444444442 0.15652777777777782
0 0.34567708333333336 0.7098090277777779 0.10283564814814809 0.15281249999999993
5 0.28560185185185183 0.2399826388888889 0.0737384259259259 0.11875
0 0.4031423611111111 0.2730902777777778 0.0671180555555555 0.10597222222222218
5 0.4738310185185185 0.2034548611111111 0.09943287037037045 0.1432986111111111
2 0.7020891203703703 0.3826215277777778 0.2353125000000002 0.30538194444444444
6 0.8135300925925926 0.5794965277777778 0.16283564814814824 0.281875
4 0.73703125 0.6642534722222223 0.11543981481481484 0.20954861111111106
6 0.9632928240740741 0.6067534722222222 0.07341435185185183 0.24614583333333329
6 0.7850983796296297 0.03435763888888889 0.09207175925925934 0.06871527777777778
0 0.3650115740740741 0.43828125 0.08453703703703708 0.11454861111111114
4 0.4481770833333333 0.4729166666666666 0.07966435185185183 0.10809027777777765
4 0.5032638888888888 0.5103645833333333 0.08849537037037045 0.14281249999999995
2 0.18028356481481483 0.5137673611111111 0.1970601851851852 0.22565972222222222
4 0.11563657407407409 0.25927083333333334 0.08449074074074074 0.11298611111111115
0 0.18802662037037038 0.2998611111111111 0.06905092592592595 0.11854166666666668
6 0.627337962962963 0.15673611111111113 0.08858796296296294 0.1459375