4 0.4816493055555555 0.8908101851851852 0.32950231481481485 0.2183796296296297
5 0.9306365740740741 0.5284490740740742 0.09335648148148153 0.0874305555555555
5 0.4652835648148148 0.3782002314814815 0.33827546296296307 0.18271990740740743
5 0.17472222222222222 0.709375 0.1759837962962963 0.11820601851851845
4 0.45893518518518517 0.19848379629629628 0.13568287037037036 0.12234953703703706
5 0.22781249999999997 0.5617245370370371 0.30145833333333333 0.25405092592592593
5 0.22380787037037037 0.06487268518518519 0.2242592592592593 0.11759259259259261
1 0.6216030092592593 0.5813599537037037 0.21729166666666658 0.19358796296296302
4 0.2057494212962963 0.8872193287037037 0.4114988425925926 0.22556134259259258
4 0.4016956018518519 0.6678761574074075 0.18910879629629634 0.16096064814814817
4 0.5963888888888889 0.7805902777777778 0.3941087962962964 0.29781249999999987
4 0.8002314814814815 0.7503124999999999 0.35124999999999995 0.499375
4 0.13252314814814814 0.38121527777777775 0.2650462962962963 0.1354861111111111
4 0.6696064814814815 0.2900925925925926 0.25155092592592593 0.1330324074074074
2 0.6476909722222223 0.18398726851851852 0.11728009259259267 0.09802083333333336
2 0.5071990740740742 0.08348379629629629 0.2512268518518518 0.1267824074074074
6 0.4062962962962963 0.5036111111111111 0.2801967592592593 0.20464120370370367
5 0.910630787037037 0.3401909722222222 0.15524305555555565 0.13894675925925934