3 0.2328125 0.36328125 0.0734375 0.07578125
3 0.21953125 0.4359375 0.06328125 0.03203125
3 0.21796875 0.40703125 0.05 0.021875
3 0.1421875 0.38125 0.06484375 0.05234375
3 0.1453125 0.4625 0.07109375 0.05078125
3 0.203125 0.47265625 0.04140625 0.02578125
3 0.05859375 0.39375 0.0421875 0.02734375
3 0.02734375 0.425 0.0546875 0.03125
3 0.01640625 0.47734375 0.0328125 0.0421875
3 0.03515625 0.284375 0.0703125 0.1046875
3 0.1203125 0.27421875 0.1125 0.06328125
3 0.07890625 0.215625 0.096875 0.04296875
3 0.1140625 0.1875 0.075 0.03671875
3 0.22578125 0.20703125 0.084375 0.05234375
3 0.44765625 0.18046875 0.05546875 0.06171875
3 0.37265625 0.1453125 0.04140625 0.05234375
3 0.346875 0.14375 0.028125 0.0296875
3 0.4125 0.13671875 0.03515625 0.0546875
3 0.40859375 0.27578125 0.05703125 0.0640625
3 0.365625 0.4125 0.04765625 0.04140625
3 0.56796875 0.47578125 0.03125 0.025
3 0.51953125 0.44609375 0.03125 0.02734375
3 0.71484375 0.340625 0.0375 0.06796875
3 0.59140625 0.12890625 0.06171875 0.0484375
3 0.4734375 0.03125 0.0515625 0.05703125
3 0.821875 0.146875 0.04453125 0.0390625
3 0.903125 0.12734375 0.0484375 0.04140625
3 0.91953125 0.04296875 0.078125 0.0796875
3 0.875 0.29453125 0.034375 0.03125
3 0.9390625 0.24453125 0.06484375 0.02890625
3 0.8765625 0.33046875 0.05625 0.03359375
3 0.95078125 0.2953125 0.03828125 0.034375
3 0.9453125 0.33203125 0.03203125 0.025
3 0.91015625 0.2734375 0.03671875 0.03125
3 0.66640625 0.32578125 0.04140625 0.028125
3 0.603125 0.34453125 0.04609375 0.03515625
3 0.6015625 0.38671875 0.05390625 0.03671875
3 0.7546875 0.2265625 0.03046875 0.03828125
3 0.80703125 0.196875 0.0515625 0.0515625
3 0.69921875 0.1671875 0.046875 0.0421875
3 0.68515625 0.08671875 0.046875 0.028125
3 0.734375 0.021875 0.05546875 0.03515625
3 0.70859375 0.0578125 0.0453125 0.04296875
3 0.61171875 0.07421875 0.04296875 0.06484375
3 0.6359375 0.040625 0.03046875 0.03828125
3 0.4609375 0.10703125 0.05859375 0.09375
3 0.37734375 0.0703125 0.0359375 0.0265625
3 0.2953125 0.06640625 0.03515625 0.0359375
4 0.2234375 0.0234375 0.1453125 0.04609375
3 0.1515625 0.096875 0.0765625 0.04140625
3 0.41484375 0.39453125 0.0546875 0.046875
3 0.4890625 0.3453125 0.05625 0.059375
3 0.68125 0.24765625 0.0453125 0.040625
3 0.5953125 0.290625 0.08984375 0.03984375
3 0.61484375 0.196875 0.0421875 0.0390625
3 0.4140625 0.2265625 0.046875 0.04453125
3 0.7375 0.11015625 0.0546875 0.06015625
3 0.98359375 0.18828125 0.0328125 0.0640625
3 0.3390625 0.01328125 0.0484375 0.021875
3 0.31484375 0.0328125 0.03828125 0.028125
3 0.55234375 0.01328125 0.01875 0.025
3 0.5203125 0.01328125 0.0421875 0.01875
3 0.5171875 0.16875 0.03046875 0.04453125
3 0.5265625 0.1171875 0.025 0.0171875
3 0.7125 0.00703125 0.03203125 0.01015625
3 0.5125 0.0765625 0.01953125 0.0265625