2 0.08633680555555555 0.4052604166666667 0.16190972222222222 0.32614583333333336
6 0.9052083333333332 0.2965451388888889 0.18958333333333358 0.4873495370370371
2 0.7209895833333333 0.5982118055555555 0.1526736111111111 0.191724537037037
2 0.7946354166666667 0.8190335648148148 0.16059027777777768 0.26677083333333335
6 0.6563715277777777 0.29153356481481485 0.18871527777777786 0.26697916666666666
6 0.9094791666666666 0.6996643518518518 0.18104166666666685 0.38423611111111117
5 0.09291666666666668 0.6310532407407408 0.14354166666666668 0.2728935185185186
5 0.039913194444444446 0.7064293981481481 0.05385416666666667 0.24410879629629623
4 0.2782118055555555 0.49807291666666664 0.2026736111111111 0.26239583333333344
4 0.6673784722222222 0.08383680555555556 0.12013888888888893 0.13368055555555555
5 0.5004861111111112 0.41223379629629625 0.12295138888888886 0.26024305555555555