4 0.8667592592592592 0.587980324074074 0.23731481481481467 0.2064004629629629
5 0.9232291666666665 0.4219733796296296 0.1328009259259261 0.15876157407407412
5 0.6978472222222223 0.27836226851851853 0.26001157407407405 0.18157407407407405
5 0.5356828703703703 0.2155150462962963 0.16091435185185182 0.10585648148148152
5 0.35931712962962964 0.6846875000000001 0.10254629629629627 0.08667824074074063
5 0.4189814814814815 0.6217592592592592 0.09762731481481488 0.07883101851851855
5 0.5450983796296296 0.6622222222222222 0.12773148148148153 0.09311342592592595
4 0.45938657407407407 0.4707118055555556 0.1280555555555555 0.10405092592592595
4 0.7583854166666667 0.73953125 0.11844907407407419 0.09616898148148145
4 0.783431712962963 0.4214467592592593 0.24585648148148137 0.1783449074074074
4 0.8518113425925925 0.11710069444444444 0.2937847222222224 0.16151620370370373
6 0.7023090277777777 0.048692129629629634 0.1268518518518519 0.06342592592592593
5 0.9436342592592591 0.3132523148148148 0.09689814814814782 0.10694444444444447