6 0.10918402777777778 0.0812962962962963 0.10899305555555557 0.16097222222222224
1 0.5790162037037037 0.5507060185185185 0.266423611111111 0.32266203703703694
0 0.3900289351851852 0.030775462962962963 0.1769328703703704 0.052615740740740734
4 0.3914525462962963 0.11750578703703703 0.18131944444444442 0.222974537037037
4 0.06616898148148148 0.49623842592592593 0.12768518518518518 0.3643518518518519
4 0.4100347222222222 0.8294849537037038 0.23224537037037046 0.34103009259259237
4 0.6466608796296296 0.402505787037037 0.1564583333333333 0.2413541666666667
2 0.7497222222222222 0.7118113425925926 0.07571759259259245 0.09798611111111111
5 0.7843229166666668 0.84140625 0.2930439814814815 0.3171875
5 0.9518055555555556 0.12347222222222223 0.09638888888888886 0.08893518518518517
1 0.6116261574074074 0.7347627314814815 0.12608796296296293 0.14872685185185192
6 0.586087962962963 0.5562789351851852 0.2412152777777777 0.29416666666666663