3 0.11072916666666668 0.7495833333333334 0.07843749999999998 0.078263888888889
3 0.03432291666666666 0.12927083333333333 0.058437499999999996 0.10541666666666667
3 0.29333333333333333 0.27553819444444444 0.10968750000000008 0.12638888888888894
3 0.3570833333333333 0.577482638888889 0.10072916666666662 0.08548611111111111
3 0.5763541666666667 0.7001736111111111 0.07468749999999993 0.0453819444444445
0 0.09901041666666666 0.4803298611111111 0.14302083333333332 0.13565972222222217
2 0.7936979166666667 0.6186979166666667 0.10874999999999986 0.15906249999999994
3 0.4341145833333334 0.9501215277777778 0.07072916666666665 0.056111111111111
3 0.34036458333333336 0.9667274305555555 0.07177083333333334 0.066545138888889
3 0.12729166666666666 0.9279166666666667 0.05656249999999998 0.07729166666666672
2 0.15687500000000001 0.3902083333333334 0.2208333333333333 0.1811805555555555
2 0.70609375 0.8001909722222222 0.09614583333333329 0.20368055555555528
3 0.42234375 0.8670312499999999 0.08249999999999993 0.06909722222222214
3 0.4013020833333334 0.7967708333333332 0.11666666666666678 0.09086805555555558