3 0.5897685185185185 0.10403935185185184 0.2357870370370371 0.1940972222222222
3 0.23880787037037035 0.2855381944444445 0.27391203703703704 0.27902777777777776
3 0.07585069444444445 0.43232638888888886 0.1470486111111111 0.23652777777777773
3 0.09277777777777778 0.6083391203703703 0.1762962962962963 0.17759259259259252
3 0.2013773148148148 0.6107291666666667 0.05981481481481481 0.060254629629629616
3 0.2775462962962963 0.7696527777777777 0.12129629629629637 0.1345949074074074
3 0.11757523148148148 0.7922800925925926 0.15879629629629627 0.13515046296296288
3 0.12086805555555555 0.9204398148148147 0.12440972222222224 0.1330787037037034
3 0.4525462962962963 0.8728993055555556 0.40659722222222233 0.2542013888888889
3 0.7854050925925925 0.67796875 0.14438657407407404 0.08806712962962955
3 0.7141435185185185 0.5488020833333334 0.1276041666666668 0.14250000000000007
3 0.9300810185185184 0.416105324074074 0.13983796296296305 0.17241898148148138
3 0.8891550925925926 0.23658564814814814 0.08184027777777772 0.08089120370370377
3 0.9044212962962963 0.0829224537037037 0.0519212962962964 0.04920138888888888
3 0.5344560185185185 0.6515972222222223 0.06921296296296298 0.06351851851851861
3 0.47903356481481485 0.024282407407407405 0.18619212962962967 0.03712962962962963
3 0.8794328703703703 0.8223148148148148 0.06787037037037039 0.09318287037037046
3 0.7301157407407407 0.8068229166666667 0.0691203703703703 0.051018518518518616
3 0.7830150462962964 0.8825983796296295 0.0676273148148148 0.060370370370370095
3 0.6375057870370371 0.22114004629629633 0.17900462962962962 0.12138888888888885
3 0.6940046296296296 0.04465277777777778 0.09738425925925931 0.07018518518518518
3 0.691556712962963 0.3469270833333334 0.05666666666666664 0.057083333333333285
3 0.6583391203703703 0.29175347222222225 0.06130787037037031 0.05090277777777778
3 0.6466435185185185 0.40016203703703707 0.056631944444444395 0.05239583333333329
3 0.2573745625 0.474431975 0.255818940625 0.4863176828125 0.24480321562500001 0.5006233640625 0.24101243593750002 0.5117701609374999 0.24182605000000001 0.516689121875 0.24448942499999998 0.5200169625 0.24483059687500003 0.5242086921875 0.254756125 0.5331188796874999 0.25801760156250003 0.5421918046875 0.2587027515625 0.5463340890625 0.25357888281249996 0.5579375484375 0.25181617031250003 0.55792586875 0.251212453125 0.560663125 0.252845296875 0.562018709375 0.2568873921875 0.5609076109375 0.261314884375 0.562126546875 0.2651800765625 0.5684622171875 0.2755366328125 0.5757201625 0.27953450156250004 0.5764707546875 0.2834881453125 0.5790830406249999 0.2926014625 0.5809536828125 0.310573975 0.578900440625 0.3235194890625 0.5720037640625 0.3279940140625 0.5671198375000001 0.3327668875 0.5661687453125 0.33336920000000003 0.565552075 0.33027479843749996 0.563876475 0.3464944234375 0.5469674609374999 0.3492960890625 0.5362278859375 0.35278149999999997 0.53175118125 0.3562655078125 0.5293950609375 0.3506804234375 0.52330660625 0.29420901875 0.4906063328125 0.258923165625 0.47314919062499994 0.2573745625 0.474431975
3 0.3905439814814815 0.4166782407407408 0.07226851851851848 0.054189814814814774
3 0.32701967592592596 0.2774710648148148 0.029988425925925988 0.04106481481481481
3 0.308125 0.257662037037037 0.02833333333333332 0.028541666666666642
3 0.006209490740740741 0.20553819444444446 0.009756944444444445 0.05170138888888891
3 0.31233796296296296 0.08821180555555555 0.042615740740740725 0.05843750000000001