1 0.29296875 0.09375 0.153125 0.07578125
1 0.41328125 0.440625 0.17578125 0.090625
1 0.28984375 0.36875 0.1078125 0.06171875
1 0.28125 0.47734375 0.15546875 0.05546875
0 0.4484375 0.5984375 0.15234375 0.09453125
5 0.52109375 0.32421875 0.11796875 0.0671875
5 0.6765625 0.478125 0.0875 0.07890625
5 0.59140625 0.546875 0.08828125 0.07734375
5 0.71484375 0.584375 0.109375 0.0859375
0 0.29609375 0.60390625 0.19375 0.090625
4 0.3578125 0.72109375 0.1859375 0.1265625
6 0.49609375 0.7953125 0.15234375 0.0828125
4 0.78984375 0.828125 0.36484375 0.25
0 0.47265625 0.50234375 0.1421875 0.071875
1 0.48984375 0.2578125 0.1640625 0.06640625
1 0.39140625 0.1734375 0.10625 0.03828125
1 0.31640625 0.21171875 0.053125 0.05
5 0.60546875 0.1484375 0.1109375 0.04296875
5 0.6359375 0.3640625 0.090625 0.040625
6 0.56328125 0.40703125 0.11484375 0.05859375