5 0.19713541666666667 0.5703125 0.1603125 0.084375
5 0.47833333333333333 0.3953125 0.1742708333333333 0.10625
5 0.18854166666666666 0.91015625 0.08812500000000001 0.0796875
0 0.8875520833333332 0.49140625 0.16635416666666672 0.1046875
5 0.7116145833333333 0.2125 0.27489583333333345 0.1625
5 0.07132812499999999 0.71953125 0.14265624999999998 0.1875
5 0.6590104166666666 0.54453125 0.26208333333333333 0.1578125
5 0.11557291666666666 0.39375 0.23114583333333333 0.221875
5 0.4843229166666667 0.89140625 0.14250000000000007 0.0984375
5 0.8842708333333335 0.73984375 0.140625 0.1171875
6 0.8181770833333333 0.07890625 0.24489583333333337 0.1578125
5 0.5502604166666667 0.6640625 0.34239583333333334 0.3078125
5 0.09510416666666666 0.90546875 0.0978125 0.0609375
5 0.21494791666666666 0.8421875 0.1760416666666667 0.0625
5 0.10984374999999999 0.9890625 0.10927083333333334 0.021875
2 0.19604166666666667 0.98515625 0.08166666666666664 0.0296875
5 0.4927083333333333 0.96484375 0.128125 0.0703125
5 0.6802083333333334 0.9296875 0.15614583333333343 0.0921875
5 0.5747916666666667 0.97578125 0.14635416666666679 0.0390625
5 0.8508854166666667 0.8421875 0.19968749999999993 0.20625
5 0.7016666666666668 0.83046875 0.13406249999999992 0.1125
5 0.5671354166666667 0.84453125 0.16979166666666679 0.109375
5 0.7818229166666667 0.67109375 0.12593749999999987 0.1078125
5 0.9194791666666667 0.58671875 0.08854166666666644 0.0859375
5 0.8093229166666667 0.61015625 0.17822916666666658 0.11875
4 0.64765625 0.33984375 0.23812499999999998 0.1734375
2 0.74453125 0.48046875 0.11999999999999993 0.0890625
5 0.3803125 0.8578125 0.050833333333333376 0.059375