0 0.5578125 0.7894097222222223 0.29756944444444444 0.42118055555555556
4 0.06675347222222222 0.14638310185185185 0.13350694444444444 0.2146412037037037
5 0.3722395833333333 0.9453125 0.11392361111111109 0.109375
5 0.7790451388888889 0.8579861111111111 0.15621527777777774 0.2840277777777779
6 0.29312499999999997 0.19074074074074074 0.3870833333333333 0.3609375
6 0.08317708333333333 0.3813078703703704 0.16635416666666666 0.4063657407407407
6 0.07916666666666666 0.7587673611111111 0.15833333333333333 0.4389467592592592
4 0.2694270833333333 0.9234375 0.33017361111111115 0.153125
5 0.7124305555555555 0.2671875 0.387638888888889 0.45613425925925927
6 0.37135416666666665 0.4383391203703704 0.17399305555555555 0.2484375
4 0.29791666666666666 0.18640046296296298 0.39163194444444444 0.3550347222222222