4 0.2968402777777778 0.39215277777777774 0.16500000000000004 0.19918981481481488
6 0.844548611111111 0.48704282407407407 0.28937500000000005 0.46804398148148146
5 0.03180555555555555 0.4873206018518518 0.0636111111111111 0.1808912037037036
5 0.7720486111111111 0.7814756944444445 0.21694444444444444 0.2436805555555555
4 0.8481597222222221 0.22989583333333333 0.17753472222222227 0.23528935185185187
5 0.161875 0.12200810185185185 0.248125 0.24258101851851852
5 0.34274305555555556 0.1684664351851852 0.25201388888888887 0.3300810185185185
5 0.15034722222222222 0.662818287037037 0.17517361111111113 0.39296296296296307
5 0.06909722222222223 0.7715393518518519 0.13819444444444445 0.3087037037037037
5 0.0017187499999999994 0.7424074074074074 0.0034374999999999987 0.3035648148148148
6 0.6865277777777778 0.13759837962962962 0.19104166666666664 0.2229976851851852
4 0.5755208333333334 0.10233796296296296 0.17083333333333323 0.1899074074074074
5 0.6225520833333333 0.2930034722222222 0.16222222222222218 0.20695601851851855
6 0.45567708333333334 0.7056481481481482 0.10607638888888893 0.17333333333333342
6 0.39652777777777776 0.6117418981481482 0.18878472222222217 0.34788194444444437
6 0.8945486111111111 0.7692187500000001 0.12097222222222222 0.2625578703703704
4 0.39803819444444444 0.9081886574074074 0.1505902777777778 0.18362268518518512
5 0.479375 0.04931712962962963 0.13812499999999997 0.08636574074074074
5 0.11119791666666667 0.36516782407407405 0.11204861111111111 0.16717592592592592
4 0.21085069444444446 0.8317939814814815 0.1526041666666666 0.23648148148148138
0 0.3044444444444444 0.3969560185185185 0.18607638888888883 0.21667824074074077