5 0.4081944444444444 0.0515625 0.11479166666666671 0.0984375
5 0.5032233796296296 0.11875 0.13762731481481474 0.228125
1 0.21710069444444446 0.19921875 0.07572916666666671 0.0984375
5 0.44793981481481476 0.67109375 0.14578703703703705 0.275
5 0.5135821759259259 0.35703125 0.06028935185185187 0.1234375
5 0.7725752314814816 0.621875 0.19842592592592592 0.209375
5 0.05243055555555556 0.1171875 0.08373842592592592 0.125
5 0.814224537037037 0.33828125 0.13849537037037046 0.134375
4 0.645167824074074 0.19140625 0.056805555555555644 0.075
0 0.06579861111111111 0.33984375 0.12180555555555554 0.2015625
0 0.12576967592592592 0.209375 0.04437499999999996 0.084375
4 0.9346006944444444 0.71328125 0.1307986111111113 0.4609375
0 0.19894675925925925 0.38515625 0.07423611111111113 0.1078125
5 0.024652777777777777 0.48046875 0.04363425925925926 0.1953125
5 0.27149305555555553 0.47578125 0.05385416666666672 0.0984375
4 0.32223379629629634 0.4703125 0.0803587962962963 0.090625
5 0.37835069444444447 0.45234375 0.0694212962962963 0.090625
5 0.40509259259259256 0.37109375 0.07740740740740755 0.1140625
4 0.4259548611111111 0.234375 0.15812500000000007 0.253125
5 0.20958333333333332 0.13359375 0.0974652777777778 0.0796875
5 0.5801736111111111 0.38203125 0.09800925925925927 0.153125
5 0.5760532407407408 0.24765625 0.06496527777777779 0.121875
5 0.6961805555555556 0.328125 0.06645833333333329 0.1125
5 0.7087094907407407 0.2265625 0.07460648148148152 0.1578125
0 0.7976273148148149 0.83984375 0.06626157407407404 0.0859375