2 0.10020833333333334 0.536875 0.17884259259259258 0.34562500000000007
6 0.8475347222222223 0.2054224537037037 0.26694444444444443 0.3685300925925926
2 0.761087962962963 0.5018171296296297 0.1716435185185185 0.20803240740740742
2 0.9105353009259259 0.6921064814814815 0.17892939814814818 0.28335648148148157
6 0.5858680555555555 0.22576967592592592 0.2145833333333332 0.28736111111111107
6 0.9343171296296298 0.5353587962962962 0.13136574074074048 0.3947916666666666
5 0.1822858796296296 0.7516203703703704 0.17087962962962963 0.28762731481481474
5 0.13297453703703704 0.8524131944444445 0.13879629629629625 0.2585763888888888
4 0.3069212962962963 0.5586111111111112 0.22855324074074074 0.2846527777777778
4 0.5245486111111111 0.053009259259259256 0.12097222222222222 0.07851851851851852
5 0.4848032407407407 0.3976215277777778 0.1485879629629629 0.2729166666666667