5 0.08730902777777777 0.8253587962962964 0.08572916666666666 0.1586574074074072
5 0.7031770833333333 0.10024305555555554 0.15873842592592596 0.2004861111111111
4 0.23710069444444443 0.5495833333333333 0.17712962962962964 0.2553009259259259
4 0.10229745370370372 0.6286689814814814 0.14385416666666667 0.24578703703703705
5 0.3440162037037037 0.27759837962962963 0.1627199074074074 0.3012847222222222
5 0.5643113425925925 0.8609664351851851 0.15239583333333329 0.23221064814814837
4 0.8209953703703704 0.4715046296296296 0.27287037037037043 0.398900462962963
5 0.8635474537037038 0.16363136574074072 0.24592592592592588 0.32726273148148144
4 0.1371701388888889 0.2914583333333333 0.11030092592592591 0.23158564814814814
5 0.22262152777777774 0.3316956018518519 0.12993055555555558 0.1422569444444445
5 0.061626157407407414 0.4184085648148148 0.07900462962962965 0.1240393518518518
5 0.1971527777777778 0.1064699074074074 0.10993055555555556 0.2129398148148148
5 0.47130787037037036 0.059606481481481476 0.17699074074074073 0.11921296296296295
4 0.5659664351851852 0.3334837962962963 0.18662037037037038 0.31031250000000005
4 0.43703125 0.4851446759259259 0.13729166666666667 0.3716203703703703
4 0.8437326388888888 0.8398206018518518 0.31253472222222245 0.25376157407407407