3 0.927482638888889 0.8066550925925926 0.13895833333333343 0.21023148148148146
3 0.8032986111111111 0.9099363425925926 0.13010416666666663 0.09285879629629648
3 0.7243576388888888 0.8357696759259259 0.08802083333333321 0.09629629629629619
3 0.6432986111111111 0.736556712962963 0.05746527777777786 0.05635416666666657
3 0.6292534722222223 0.8423206018518519 0.04972222222222218 0.059247685185185264
3 0.6337152777777778 0.5863715277777778 0.11500000000000003 0.11583333333333332
3 0.34234375 0.6144328703703703 0.3875694444444444 0.22540509259259273
3 0.14909722222222221 0.771880787037037 0.14631944444444445 0.11988425925925927
3 0.9177083333333332 0.21467592592592594 0.16458333333333358 0.2861574074074074
3 0.8036284722222223 0.5383159722222223 0.20430555555555543 0.19967592592592603
3 0.1344097222222222 0.2514756944444444 0.2234375 0.21741898148148148
3 0.03225694444444445 0.7137673611111112 0.03743055555555554 0.20878472222222227
3 0.24348958333333331 0.06576967592592593 0.13072916666666662 0.1209837962962963
3 0.3286631944444444 0.06907407407407407 0.12249999999999997 0.10200231481481481
3 0.41196180555555556 0.12853587962962962 0.10013888888888882 0.1497453703703704
3 0.4608680555555555 0.2915972222222222 0.10239583333333328 0.110775462962963
3 0.3705555555555556 0.37324074074074076 0.09854166666666657 0.07787037037037034
3 0.29227430555555556 0.2936284722222222 0.13479166666666664 0.16326388888888888
3 0.32609374999999996 0.4804456018518518 0.09232638888888882 0.07924768518518518
3 0.5296701388888889 0.19057870370370372 0.08277777777777776 0.07115740740740736