6 0.6392013888888888 0.9331886574074074 0.47585648148148146 0.1336226851851851
6 0.17877893518518517 0.9080729166666666 0.20168981481481482 0.1674768518518519
6 0.24897569444444442 0.552517361111111 0.23054398148148145 0.18362268518518512
5 0.6783391203703704 0.3788483796296297 0.1773842592592592 0.1189814814814815
5 0.8159027777777779 0.4180555555555555 0.15508101851851847 0.13912037037037042
5 0.9352546296296296 0.35474537037037035 0.10680555555555564 0.13865740740740734
6 0.3870775462962963 0.70234375 0.23226851851851843 0.18686342592592595
5 0.5467708333333333 0.22401620370370373 0.2238888888888889 0.17534722222222224
5 0.40861689814814817 0.2718171296296296 0.18905092592592593 0.1338541666666667
5 0.3861400462962963 0.13055555555555556 0.2075347222222222 0.16012731481481485
5 0.7302199074074075 0.10428240740740742 0.2317708333333332 0.08721064814814813