3 0.17890625 0.34375 0.14375 0.11640625
3 0.6859375 0.771875 0.628125 0.45625
3 0.0859375 0.91953125 0.12421875 0.1609375
3 0.23515625 0.85625 0.05859375 0.0703125
3 0.31328125 0.96171875 0.034375 0.0765625
3 0.46015625 0.83828125 0.05859375 0.11796875
3 0.2046875 0.653125 0.06953125 0.1734375
3 0.6359375 0.390625 0.14296875 0.0828125
3 0.88828125 0.35625 0.2234375 0.0796875
3 0.7640625 0.21796875 0.17734375 0.1203125
3 0.321875 0.8390625 0.07109375 0.1296875
3 0.434375 0.90078125 0.03984375 0.08984375
3 0.30078125 0.73984375 0.06796875 0.09140625
3 0.334375 0.68359375 0.1046875 0.07890625
3 0.33828125 0.6109375 0.1 0.06796875
3 0.096875 0.621875 0.1828125 0.14921875
3 0.03984375 0.53203125 0.0703125 0.146875
2 0.159375 0.13203125 0.21796875 0.121875
2 0.64609375 0.07578125 0.19375 0.1515625
2 0.10546875 0.0265625 0.1328125 0.053125
2 0.04609375 0.80703125 0.09140625 0.08515625
0 0.11796875 0.8125 0.15859375 0.07421875