4 0.1094212962962963 0.6314930555555556 0.20824074074074073 0.5651388888888889
6 0.0805613425925926 0.8469791666666666 0.13811342592592593 0.15291666666666687
4 0.2125 0.3071701388888889 0.20510416666666664 0.24802083333333336
4 0.5361226851851851 0.41083333333333333 0.2682060185185186 0.5022222222222222
4 0.7553124999999999 0.641875 0.26679398148148153 0.4069097222222222
5 0.6053993055555555 0.9182465277777778 0.2625810185185184 0.12253472222222221
4 0.6924421296296297 0.10139756944444445 0.20939814814814817 0.2027951388888889
5 0.8241435185185185 0.11659722222222221 0.1404166666666665 0.20298611111111114
4 0.4453530092592592 0.04800347222222222 0.2188310185185184 0.09600694444444444
4 0.2671585648148148 0.04748263888888889 0.23744212962962957 0.09496527777777777
4 0.10894097222222224 0.12789930555555556 0.12725694444444446 0.25579861111111113