3 0.6019965277777778 0.8249652777777777 0.13547453703703702 0.16201388888888885
3 0.24296875 0.31953125 0.4859375 0.6390625
3 0.04461805555555555 0.9035763888888889 0.0892361111111111 0.13972222222222222
3 0.08206018518518518 0.7536979166666666 0.07899305555555555 0.06902777777777783
3 0.011400462962962961 0.6692708333333334 0.022800925925925922 0.042708333333333216
3 0.12497106481481482 0.521701388888889 0.1274884259259259 0.07274305555555571
3 0.28660300925925924 0.790625 0.1875 0.09256944444444457
3 0.6031539351851851 0.3514756944444445 0.1009837962962962 0.15736111111111112
3 0.6664930555555555 0.10608506944444444 0.10543981481481488 0.2121701388888889
3 0.7942997685185185 0.22364583333333332 0.14456018518518512 0.19673611111111117
3 0.10876736111111111 0.664375 0.14212962962962963 0.0889930555555555
3 0.05772569444444444 0.5473090277777778 0.09704861111111111 0.05111111111111111
3 0.20847800925925924 0.6888020833333334 0.10127314814814818 0.08093749999999993
3 0.2697627314814815 0.6556597222222222 0.09322916666666661 0.11645833333333329
3 0.3447048611111111 0.6538888888888889 0.08055555555555553 0.11121527777777782
3 0.30784143518518514 0.8910763888888888 0.17222222222222222 0.18548611111111094
3 0.39450231481481485 0.9519618055555554 0.15682870370370372 0.06468750000000015
2 0.815625 0.8482291666666667 0.14907407407407405 0.234375
2 0.9144386574074073 0.34934027777777776 0.14994212962962977 0.2156944444444445
2 0.9120659722222222 0.8977604166666666 0.05758101851851834 0.12267361111111086
2 0.11273148148148149 0.9364062499999999 0.09490740740740744 0.07753472222222228
0 0.11417824074074075 0.8762847222222223 0.09369212962962963 0.17107638888888915