5 0.5589525462962963 0.9800347222222221 0.14414351851851848 0.03993055555555571
5 0.13691550925925927 0.2924189814814815 0.12843750000000004 0.08894675925925925
5 0.6748148148148149 0.9791087962962962 0.09293981481481488 0.041782407407407615
4 0.21194444444444444 0.826417824074074 0.42388888888888887 0.3471643518518519
5 0.35844907407407406 0.13463541666666665 0.15427083333333336 0.10393518518518521
4 0.6099652777777778 0.6732349537037037 0.27479166666666666 0.16452546296296297
5 0.8579803240740741 0.8084780092592592 0.20329861111111108 0.19461805555555572
4 0.5796412037037036 0.8518807870370371 0.484050925925926 0.296238425925926
5 0.47367476851851853 0.3174189814814815 0.18892361111111117 0.1098958333333333
4 0.4803587962962963 0.48208912037037044 0.24326388888888886 0.1586805555555557
5 0.6616666666666667 0.25 0.2525462962962962 0.15746527777777777
4 0.9451678240740741 0.7905671296296296 0.028553240740740903 0.1398148148148149
2 0.8529398148148148 0.6689236111111111 0.09267361111111114 0.06423611111111108
4 0.7522164351851852 0.5320891203703704 0.15575231481481477 0.12893518518518512
5 0.3304976851851852 0.36848958333333337 0.10976851851851847 0.0633101851851852
5 0.4769675925925926 0.14293981481481483 0.08513888888888879 0.06863425925925926
5 0.40732638888888884 0.1818576388888889 0.09689814814814816 0.05659722222222223