6 0.38771412037037034 0.4338541666666666 0.6933796296296297 0.6534375000000001
2 0.7430150462962963 0.15807291666666665 0.21162037037037038 0.16552083333333334
6 0.45180555555555557 0.6910416666666667 0.1864814814814814 0.15447916666666667
6 0.7494849537037037 0.775 0.4800000000000001 0.36916666666666664
6 0.4446701388888889 0.9092708333333335 0.2814699074074074 0.13895833333333343
4 0.8242361111111112 0.5233854166666667 0.338148148148148 0.27697916666666667
2 0.5797627314814815 0.32505208333333335 0.13858796296296294 0.08260416666666667
5 0.708130787037037 0.12036458333333333 0.44311342592592595 0.24072916666666666
4 0.19294560185185186 0.09406250000000001 0.25052083333333336 0.15718749999999998
5 0.09202546296296296 0.5131770833333333 0.18405092592592592 0.1642708333333333
4 0.15085069444444446 0.8281770833333333 0.18762731481481482 0.12645833333333342
6 0.23490162037037038 0.9497916666666667 0.19943287037037036 0.08041666666666672