4 0.9408564814814815 0.3068518518518518 0.09328703703703703 0.16731481481481483
4 0.7146122685185186 0.10904513888888889 0.37667824074074086 0.14988425925925924
2 0.8944733796296298 0.8164988425925926 0.08807870370370381 0.13900462962962976
0 0.159375 0.11923611111111113 0.31875 0.23680555555555557
0 0.28304398148148147 0.05600694444444444 0.16516203703703702 0.08756944444444444
1 0.5135416666666666 0.3764756944444444 0.08003472222222215 0.051412037037037006
2 0.681886574074074 0.32838541666666665 0.11446759259259257 0.07523148148148148
4 0.8749421296296296 0.4975462962962963 0.19363425925925917 0.13592592592592592
5 0.778269675925926 0.7750868055555555 0.15833333333333321 0.07938657407407419
4 0.8850405092592591 0.9783738425925925 0.05572916666666643 0.04325231481481495
4 0.7151620370370371 0.9606307870370371 0.1737268518518519 0.07873842592592588
0 0.11903935185185185 0.5588368055555556 0.2380787037037037 0.20517361111111115
5 0.18692129629629628 0.44265046296296295 0.1715856481481482 0.11128472222222215
5 0.9024305555555555 0.19001157407407407 0.1831018518518519 0.11974537037037036
5 0.13642939814814814 0.7111574074074074 0.19965277777777776 0.13317129629629623
5 0.6013310185185186 0.6319907407407408 0.19589120370370364 0.1453935185185184