6 0.7875 0.13421875 0.425 0.20795138888888892
6 0.3390625 0.06428819444444445 0.175 0.1062152777777778
6 0.28984375 0.4027256944444445 0.2046875 0.15128472222222217
5 0.6328125 0.72734375 0.1609375 0.09309027777777779
5 0.771875 0.7436805555555555 0.134375 0.11847222222222235
5 0.9 0.8579687500000001 0.1625 0.12128472222222228
6 0.46640625 0.31760416666666663 0.20625 0.15291666666666667
5 0.4609375 0.8189236111111111 0.1984375 0.14006944444444436
5 0.3484375 0.7225173611111111 0.175 0.10621527777777776
5 0.28203125 0.8437847222222222 0.1859375 0.13013888888888872
5 0.5921875 0.9871874999999999 0.228125 0.02562500000000014