4 0.403125 0.87890625 0.28046875 0.2125
5 0.053125 0.40390625 0.084375 0.06875
5 0.5375 0.36171875 0.31171875 0.1109375
5 0.74296875 0.74296875 0.15546875 0.08203125
4 0.58359375 0.19140625 0.1125 0.0953125
5 0.725 0.58984375 0.25546875 0.19296875
5 0.84140625 0.09296875 0.1984375 0.1171875
1 0.34296875 0.52265625 0.18203125 0.15
4 0.68125 0.9203125 0.390625 0.159375
4 0.534375 0.65390625 0.1609375 0.12265625
4 0.3234375 0.71796875 0.3421875 0.21796875
4 0.12734375 0.65625 0.25390625 0.46171875
4 0.85703125 0.43828125 0.24921875 0.078125
4 0.36171875 0.23203125 0.23046875 0.08125
2 0.40546875 0.1359375 0.1 0.07265625
2 0.5640625 0.05625 0.2265625 0.10546875
6 0.56640625 0.4953125 0.24453125 0.14765625
5 0.959375 0.03984375 0.08046875 0.07890625
5 0.82421875 0.028125 0.19140625 0.05625
5 0.1171875 0.2265625 0.13203125 0.1078125