6 0.17060185185185187 0.6953125 0.31805555555555554 0.609375
6 0.058414351851851856 0.12659143518518517 0.11608796296296295 0.22818287037037038
6 0.47375 0.4919618055555556 0.24844907407407407 0.47847222222222213
4 0.44379629629629636 0.8515162037037036 0.16168981481481487 0.29133101851851856
6 0.9018460648148148 0.9108535879629629 0.19630787037037045 0.17829282407407412
5 0.8663946759259259 0.1705787037037037 0.15121527777777785 0.30679398148148146
4 0.6157407407407407 0.11844907407407408 0.08598379629629634 0.21368055555555557
5 0.6060243055555555 0.4494097222222222 0.13748842592592592 0.15978009259259257
0 0.5015277777777778 0.05896990740740741 0.10236111111111121 0.08116898148148148
5 0.6829803240740742 0.25298032407407406 0.08459490740740741 0.1668055555555556
5 0.7344560185185186 0.27717013888888886 0.08293981481481474 0.16365740740740745