5 0.20875 0.32578125 0.13427083333333334 0.209375
5 0.015000000000000003 0.43984375 0.030000000000000006 0.1390625
6 0.34187500000000004 0.29765625 0.1258333333333333 0.2
5 0.8025 0.16171875 0.12229166666666665 0.19375
5 0.9333333333333332 0.296875 0.07999999999999971 0.1453125
5 0.12114583333333333 0.2921875 0.09479166666666669 0.15625
6 0.08497395833333334 0.76171875 0.16994791666666667 0.340625
5 0.05869791666666666 0.7328125 0.11739583333333332 0.534375
4 0.2684375 0.95390625 0.12333333333333325 0.0921875
4 0.12468750000000002 0.5203125 0.18260416666666668 0.2546875
6 0.22802083333333334 0.4703125 0.05916666666666668 0.1140625
2 0.3069791666666667 0.6453125 0.10145833333333334 0.1625
1 0.5276562499999999 0.38203125 0.0953125 0.1640625
4 0.76078125 0.4125 0.08718749999999993 0.1125
1 0.5061979166666667 0.61015625 0.13114583333333343 0.1390625