6 0.13726273148148146 0.7243344907407407 0.27452546296296293 0.5361689814814815
6 0.1182494212962963 0.35277777777777775 0.2364988425925926 0.3268518518518519
0 0.057100694444444454 0.15949074074074074 0.10652777777777778 0.21909722222222222
5 0.5722685185185185 0.1730902777777778 0.22733796296296305 0.3108796296296296
4 0.3048206018518519 0.6564525462962962 0.1308680555555556 0.18258101851851852
5 0.6896643518518518 0.3324652777777778 0.10677083333333322 0.1442708333333334
5 0.7453240740740741 0.42378472222222224 0.06943287037037038 0.09299768518518511
0 0.41497685185185185 0.343431712962963 0.07670138888888882 0.11041666666666661
6 0.01806423611111111 0.3519097222222222 0.03612847222222222 0.10329861111111108
6 0.007473958333333334 0.4350983796296296 0.014947916666666668 0.08263888888888893
6 0.2385300925925926 0.28208912037037037 0.06446759259259256 0.08813657407407405
6 0.28250000000000003 0.20072337962962963 0.05756944444444443 0.07696759259259256
6 0.37939814814814815 0.2567708333333333 0.05719907407407403 0.07071759259259255
6 0.472494212962963 0.17879050925925927 0.06862268518518526 0.13194444444444448