4 0.8059780092592593 0.1397337962962963 0.2911689814814814 0.2794675925925926
6 0.5982291666666667 0.23461805555555557 0.3127199074074074 0.2429282407407407
6 0.6621875 0.35366898148148146 0.3252083333333333 0.24145833333333327
2 0.4674652777777778 0.9082060185185185 0.17756944444444436 0.13724537037037052
2 0.36116898148148147 0.9152430555555556 0.12285879629629637 0.13371527777777778
2 0.2920601851851852 0.753263888888889 0.11796296296296296 0.10555555555555554
6 0.45458333333333334 0.43254629629629626 0.17759259259259252 0.14037037037037053
6 0.33350115740740743 0.3264178240740741 0.2119791666666666 0.1421875
6 0.1913946759259259 0.5274594907407407 0.25940972222222225 0.21753472222222214
6 0.665607638888889 0.7356539351851852 0.2858449074074073 0.2005439814814814
6 0.4966840277777778 0.5494155092592592 0.399074074074074 0.29981481481481487
1 0.6908622685185185 0.595630787037037 0.11479166666666671 0.09928240740740737
5 0.5430150462962964 0.9388946759259259 0.35084490740740737 0.11665509259259252
5 0.10856481481481481 0.9522685185185186 0.06631944444444446 0.09423611111111115
5 0.21563657407407408 0.9460069444444444 0.08953703703703705 0.06472222222222221
5 0.14612268518518517 0.9441782407407409 0.09418981481481481 0.06006944444444429
4 0.12965277777777778 0.7419675925925926 0.20430555555555557 0.16087962962962976
6 0.8932291666666667 0.8019328703703703 0.20256944444444472 0.13743055555555586
5 0.8129513888888888 0.882210648148148 0.2072916666666668 0.14215277777777757