4 0.10592592592592594 0.4993576388888889 0.21185185185185187 0.5518402777777778
4 0.07981481481481481 0.7987847222222222 0.13754629629629628 0.15444444444444444
4 0.1953298611111111 0.07942708333333333 0.15309027777777776 0.15322916666666667
2 0.26342013888888893 0.18418402777777776 0.06467592592592589 0.16375
0 0.2963136574074074 0.39453125 0.07115740740740736 0.0780555555555555
4 0.8583854166666667 0.06835069444444444 0.08322916666666665 0.10017361111111112
5 0.9247916666666667 0.8089583333333333 0.08381944444444436 0.2921527777777776
5 0.4660648148148148 0.25829861111111113 0.12468749999999992 0.2977430555555555
5 0.375 0.21951388888888887 0.062280092592592595 0.1777430555555556
5 0.7197106481481482 0.6159027777777778 0.07011574074074076 0.14826388888888892
5 0.5578125 0.22357638888888892 0.10724537037037045 0.2021527777777777