6 0.3002893518518518 0.9545833333333335 0.2694444444444445 0.09083333333333314
6 0.3317997685185185 0.1329976851851852 0.391724537037037 0.2579398148148148
6 0.35118634259259257 0.3105266203703704 0.4078125 0.5593171296296297
5 0.843113425925926 0.6769270833333334 0.3137731481481481 0.5897800925925925
5 0.6777488425925926 0.10972800925925925 0.3648726851851851 0.19010416666666666
5 0.9122974537037039 0.39718749999999997 0.17540509259259238 0.4617592592592592
5 0.9894097222222221 0.7513599537037037 0.021180555555555713 0.3315393518518519
5 0.3791956018518518 0.646556712962963 0.26006944444444446 0.522199074074074
0 0.18590856481481483 0.8575405092592593 0.168287037037037 0.25131944444444443
4 0.08104745370370371 0.5574305555555557 0.09033564814814816 0.14611111111111122
3 0.2140914351851852 0.43820601851851854 0.11255787037037042 0.10935185185185184
0 0.14314236111111112 0.28019675925925924 0.1418981481481482 0.14763888888888888
0 0.5166087962962964 0.6389351851851852 0.11487268518518512 0.18269675925925916
5 0.6865451388888889 0.45999999999999996 0.12702546296296297 0.22047453703703718