4 0.8152777777777779 0.4611805555555556 0.3694444444444443 0.7571527777777778
3 0.3845659722222222 0.7055729166666667 0.10177083333333332 0.07937499999999993
3 0.4604340277777778 0.6933506944444444 0.10600694444444443 0.10451388888888893
3 0.45836805555555554 0.8047569444444445 0.08267361111111118 0.07072916666666665
4 0.9078298611111112 0.8518402777777778 0.18434027777777756 0.29631944444444436
4 0.7284548611111111 0.8815972222222221 0.23510416666666673 0.2368055555555557
4 0.5555381944444445 0.6578125 0.25309027777777793 0.3964236111111113
4 0.32807291666666666 0.17130208333333335 0.23114583333333333 0.32371527777777775
0 0.2073611111111111 0.49029513888888887 0.33343749999999994 0.5200694444444445
2 0.16550347222222223 0.7589930555555556 0.10524305555555555 0.15749999999999992
2 0.05510416666666666 0.8538888888888888 0.038680555555555565 0.09840277777777758