6 0.8414120370370369 0.5787210648148149 0.3171759259259261 0.5893171296296295
6 0.4849247685185185 0.3226909722222222 0.472974537037037 0.6306597222222222
6 0.9120717592592593 0.23011574074074073 0.17585648148148145 0.2584027777777778
6 0.7638483796296296 0.9247453703703703 0.24718750000000006 0.15050925925925931
4 0.3648032407407407 0.87765625 0.2211921296296296 0.24468749999999986
5 0.14693287037037037 0.6912499999999999 0.265162037037037 0.41374999999999995
5 0.12054976851851851 0.45942129629629636 0.2218402777777778 0.2688425925925927
5 0.1200636574074074 0.2322627314814815 0.15499999999999997 0.17319444444444443
5 0.10634259259259257 0.11164930555555555 0.09706018518518515 0.21987268518518518
5 0.27372106481481484 0.14939236111111112 0.21931712962962963 0.2890625
4 0.3211921296296296 0.039178240740740736 0.10488425925925923 0.06243055555555556
0 0.29213541666666665 0.6128125000000001 0.24601851851851855 0.29453703703703693