3 0.53125 0.13984375 0.14765625 0.12578125
3 0.57578125 0.23359375 0.0953125 0.0640625
3 0.59296875 0.278125 0.14375 0.06015625
3 0.31953125 0.23203125 0.07109375 0.10078125
3 0.35703125 0.06015625 0.115625 0.0875
3 0.446875 0.09140625 0.075 0.0828125
3 0.11640625 0.18046875 0.090625 0.075
3 0.1703125 0.29921875 0.12578125 0.05
3 0.10703125 0.41484375 0.21328125 0.13125
2 0.55546875 0.42734375 0.17890625 0.075
3 0.6453125 0.37421875 0.1203125 0.12578125
3 0.32890625 0.41015625 0.046875 0.03203125
3 0.30234375 0.46640625 0.04375 0.0359375
3 0.3734375 0.42734375 0.07109375 0.03046875
3 0.2046875 0.61015625 0.05703125 0.046875
3 0.2546875 0.82890625 0.09375 0.0609375
3 0.6484375 0.7578125 0.0421875 0.04453125
3 0.8375 0.64609375 0.0546875 0.0421875
3 0.7546875 0.55234375 0.05390625 0.065625
3 0.4921875 0.8234375 0.06171875 0.02890625
3 0.39921875 0.82109375 0.053125 0.04296875
3 0.34609375 0.81953125 0.0390625 0.03828125
3 0.41171875 0.8796875 0.040625 0.04140625
3 0.36484375 0.8828125 0.06484375 0.0625
3 0.28046875 0.91484375 0.10546875 0.13828125
3 0.1203125 0.87734375 0.096875 0.11015625
3 0.3546875 0.47109375 0.0375 0.03828125
3 0.778125 0.43984375 0.0640625 0.04921875
3 0.740625 0.47109375 0.06171875 0.046875
0 0.78125 0.39375 0.0640625 0.03984375