6 0.3328125 0.7390625 0.15703125 0.06875
5 0.57734375 0.88359375 0.3765625 0.2328125
6 0.88046875 0.87421875 0.11875 0.09765625
6 0.8046875 0.83203125 0.09140625 0.1328125
2 0.59375 0.66015625 0.13515625 0.0515625
6 0.33359375 0.6328125 0.16171875 0.06640625
1 0.86328125 0.30546875 0.05546875 0.03984375
1 0.92265625 0.11640625 0.0609375 0.0390625
1 0.90625 0.209375 0.03828125 0.0484375
1 0.97578125 0.3265625 0.0484375 0.06171875
4 0.875 0.68515625 0.24921875 0.1078125
1 0.4109375 0.48359375 0.11015625 0.046875