4 0.052517361111111105 0.9590856481481481 0.0666087962962963 0.07349537037037024
0 0.7435763888888889 0.5596354166666666 0.13865740740740726 0.20972222222222214
0 0.6446469907407407 0.8957465277777779 0.08721064814814809 0.0828125
5 0.5640335648148149 0.5269675925925925 0.0887731481481481 0.125
2 0.2558449074074074 0.12092013888888889 0.18368055555555554 0.24184027777777778
5 0.7014756944444445 0.202806712962963 0.15034722222222213 0.1887731481481481
0 0.7445891203703704 0.014988425925925924 0.11082175925925916 0.02997685185185185
2 0.6665219907407407 0.0896412037037037 0.11533564814814809 0.1792824074074074
0 0.6587673611111111 0.6827835648148148 0.16412037037037025 0.22407407407407404
0 0.886255787037037 0.8092881944444444 0.15098379629629619 0.16388888888888892
0 0.9413483796296296 0.6680844907407407 0.0671875 0.1311921296296296
4 0.3741898148148148 0.5410300925925926 0.24809027777777787 0.3876736111111111
2 0.2529513888888889 0.8484085648148149 0.09594907407407405 0.15046296296296297
2 0.2568576388888889 0.9112268518518519 0.1940393518518518 0.14837962962962975
4 0.10677083333333333 0.924681712962963 0.12511574074074075 0.13859953703703703
2 0.0966724537037037 0.6383969907407407 0.1933449074074074 0.5263310185185185
2 0.4642650462962963 0.17051504629629627 0.12395833333333339 0.19149305555555554
4 0.36898148148148147 0.21886574074074075 0.09652777777777768 0.16608796296296297
3 0.4836516203703704 0.6147280092592593 0.05538194444444429 0.10694444444444447
1 0.5028645833333333 0.8111979166666666 0.13819444444444445 0.15515046296296298