6 0.08898148148148148 0.20921875 0.16858796296296297 0.4184375
6 0.06271990740740742 0.6653125 0.06564814814814815 0.18499999999999997
6 0.3958217592592592 0.6940625 0.15961805555555558 0.22552083333333323
5 0.7006655092592593 0.31390625 0.09781250000000004 0.17468750000000002
5 0.7032465277777777 0.16713541666666668 0.1229976851851852 0.14989583333333334
5 0.8101678240740741 0.05752604166666666 0.12488425925925917 0.11505208333333332
6 0.28856481481481483 0.5154166666666666 0.15969907407407408 0.2270833333333334
5 0.8131076388888889 0.48671875 0.14983796296296284 0.21708333333333343
5 0.7246932870370371 0.6109895833333333 0.11252314814814816 0.18812500000000015
5 0.8571643518518519 0.6711458333333333 0.13512731481481488 0.20364583333333322
5 0.9807696759259258 0.33744791666666674 0.03846064814814838 0.24260416666666665