5 0.7801041666666666 0.5458854166666667 0.14349537037037052 0.20208333333333323
0 0.6232233796296296 0.4208622685185185 0.12150462962962968 0.19297453703703696
5 0.5380034722222222 0.9825983796296296 0.11813657407407412 0.034803240740740905
6 0.12675925925925927 0.5748726851851852 0.25351851851851853 0.35912037037037037
6 0.30558449074074073 0.74921875 0.22972222222222224 0.3320833333333333
5 0.7239814814814813 0.7450810185185185 0.15453703703703708 0.31513888888888886
5 0.8872222222222221 0.28246527777777775 0.1926157407407409 0.3564236111111111
5 0.8616319444444445 0.7430729166666665 0.2635879629629628 0.5104976851851852
2 0.6260127314814815 0.5492650462962964 0.11922453703703706 0.1444444444444443
6 0.32046296296296295 0.3255092592592592 0.23487268518518514 0.3636111111111111
4 0.47734953703703703 0.9080381944444443 0.17807870370370366 0.18392361111111127
4 0.46652199074074074 0.7587557870370369 0.2403356481481481 0.3108564814814816
6 0.3300810185185185 0.9306192129629629 0.15229166666666663 0.1387615740740742
6 0.11747685185185186 0.3040972222222222 0.20666666666666664 0.251099537037037
4 0.7972222222222223 0.9733535879629629 0.0726157407407408 0.05329282407407412
2 0.12918402777777777 0.5671990740740741 0.25836805555555553 0.36564814814814817