5 0.07173611111111111 0.10078125 0.13211805555555553 0.1875
1 0.6310185185185185 0.8359375 0.13456018518518514 0.2171875
5 0.19954282407407406 0.11640625 0.1191203703703704 0.2234375
4 0.8199884259259258 0.4109375 0.11923611111111114 0.121875
1 0.9253877314814816 0.55625 0.14922453703703695 0.321875
1 0.4632002314814815 0.89375 0.15554398148148146 0.134375
1 0.34578703703703706 0.80703125 0.16604166666666664 0.225
1 0.28976273148148146 0.471875 0.17688657407407407 0.221875
1 0.45553240740740736 0.39765625 0.16055555555555562 0.35625
1 0.5641724537037037 0.29375 0.18932870370370375 0.378125
4 0.8646180555555556 0.21796875 0.2707638888888887 0.3609375
1 0.07655092592592593 0.47421875 0.13328703703703704 0.2796875
1 0.1896122685185185 0.30859375 0.13190972222222222 0.2859375