5 0.9120486111111111 0.9616377314814816 0.11004629629629611 0.06484953703703696
5 0.9638339120370372 0.8439699074074074 0.07233217592592567 0.21459490740740747
5 0.5972569444444444 0.6614930555555556 0.17244212962962954 0.24804398148148152
4 0.33346064814814813 0.22133680555555557 0.37629629629629624 0.44267361111111114
2 0.8541377314814815 0.20861111111111114 0.18377314814814802 0.30747685185185186
1 0.7201562499999999 0.3745196759259259 0.1934953703703705 0.26069444444444445
1 0.7519270833333334 0.09291087962962963 0.1974884259259259 0.14358796296296297
6 0.41215277777777776 0.7824479166666667 0.1847569444444444 0.2450115740740742
6 0.33000578703703703 0.7283449074074074 0.13474537037037032 0.21809027777777779
6 0.43951967592592595 0.9409085648148148 0.07743055555555553 0.09428240740740748
6 0.49951388888888887 0.8849710648148147 0.15699074074074063 0.22450231481481495
6 0.480462962962963 0.5107291666666667 0.1149537037037037 0.14766203703703695
6 0.39545717592592594 0.4347627314814814 0.23718749999999994 0.3391087962962963
2 0.7484895833333333 0.9581597222222221 0.07466435185185176 0.07395833333333357
2 0.7840509259259258 0.8328414351851852 0.09243055555555557 0.13656250000000014
5 0.7808449074074073 0.9633912037037037 0.09120370370370363 0.06314814814814831
1 0.8316956018518518 0.5948842592592593 0.12084490740740747 0.1680092592592592
0 0.9515625 0.5657002314814814 0.096875 0.30246527777777776
5 0.965167824074074 0.30227430555555557 0.06966435185185205 0.17561342592592588
5 0.885920138888889 0.7976967592592592 0.09572916666666664 0.11315972222222222
5 0.8402199074074073 0.9629513888888889 0.07557870370370381 0.06303240740740748
5 0.7366377314814815 0.7581597222222223 0.09290509259259264 0.17092592592592587
4 0.5866724537037037 0.9445081018518519 0.138923611111111 0.10410879629629619