3 0.04245949074074074 0.2532696759259259 0.08491898148148148 0.3715856481481482
3 0.012586805555555556 0.5669444444444445 0.025173611111111112 0.10361111111111114
3 0.27507523148148144 0.5707986111111112 0.1088657407407407 0.17813657407407407
6 0.2571701388888889 0.8303819444444445 0.4814699074074074 0.33831018518518513
3 0.6605439814814815 0.022256944444444444 0.16016203703703696 0.04451388888888889
3 0.3176273148148148 0.07105902777777777 0.1640509259259259 0.10709490740740742
3 0.7058506944444444 0.49099537037037033 0.1266435185185184 0.1127893518518519
3 0.9284606481481482 0.3853761574074074 0.11060185185185176 0.08443287037037042
3 0.8530150462962963 0.5747337962962963 0.0948842592592591 0.07795138888888893
3 0.7827719907407408 0.6765335648148147 0.044513888888888783 0.05221064814814813
3 0.813119212962963 0.7370081018518518 0.10630787037037023 0.11092592592592591
3 0.6546238425925927 0.6799942129629629 0.06333333333333328 0.05717592592592595
3 0.740462962962963 0.8435300925925926 0.052442129629629616 0.060138888888888783
3 0.7937384259259259 0.9380324074074075 0.08008101851851848 0.02774305555555543
3 0.7257928240740741 0.9374768518518518 0.0616087962962963 0.046215277777777786
3 0.6078472222222222 0.937662037037037 0.11703703703703709 0.09702546296296291
3 0.5427719907407408 0.7433564814814815 0.06018518518518512 0.05556712962962962
3 0.8991956018518519 0.6209143518518518 0.05726851851851862 0.06958333333333329
3 0.18555555555555556 0.5502546296296297 0.09019675925925927 0.07788194444444443
2 0.1404050925925926 0.09401041666666667 0.2808101851851852 0.13697916666666668
4 0.51875 0.10228587962962962 0.184375 0.20457175925925924