5 0.88984375 0.41953125 0.21796875 0.08515625
5 0.10625 0.9484375 0.20234375 0.10234375
4 0.32578125 0.92890625 0.23671875 0.1421875
5 0.68046875 0.82578125 0.25546875 0.1109375
4 0.425 0.6375 0.37265625 0.153125
5 0.43203125 0.56171875 0.11640625 0.0609375
1 0.8109375 0.096875 0.3 0.14453125
4 0.48984375 0.33046875 0.19453125 0.1
5 0.5328125 0.93671875 0.11796875 0.0890625
4 0.76875 0.746875 0.3171875 0.08671875
0 0.6125 0.44765625 0.11328125 0.05546875
3 0.8734375 0.4984375 0.0484375 0.0640625
1 0.6140625 0.446875 0.1140625 0.05
6 0.7609375 0.75 0.340625 0.0890625