3 0.26953125 0.09921875 0.084375 0.0359375
3 0.23671875 0.1515625 0.0609375 0.03671875
3 0.296875 0.20234375 0.1046875 0.059375
3 0.3953125 0.33515625 0.06328125 0.07890625
3 0.21484375 0.40859375 0.09296875 0.13046875
3 0.37890625 0.4140625 0.04296875 0.08359375
3 0.0765625 0.35703125 0.10546875 0.1140625
3 0.1359375 0.67578125 0.0703125 0.09921875
3 0.246875 0.7765625 0.115625 0.0859375
3 0.3671875 0.70390625 0.05 0.05703125
3 0.44453125 0.73046875 0.05703125 0.04296875
3 0.559375 0.71015625 0.08046875 0.0328125
3 0.596875 0.6421875 0.10625 0.09609375
3 0.6015625 0.540625 0.0640625 0.12734375