2 0.9670196759259259 0.9486979166666668 0.04063657407407391 0.10260416666666643
2 0.8647743055555555 0.6763541666666667 0.2591550925925926 0.5236805555555556
4 0.4270428240740741 0.8713541666666667 0.22746527777777778 0.2572916666666668
3 0.2980844907407407 0.6175520833333333 0.08376157407407411 0.06774305555555564
3 0.2344039351851852 0.5889236111111111 0.06624999999999996 0.04510416666666668
3 0.27125578703703707 0.5288020833333333 0.07427083333333329 0.059513888888888825
3 0.5670023148148149 0.6709375 0.09008101851851862 0.07270833333333329
3 0.1792650462962963 0.40588541666666667 0.08027777777777775 0.14878472222222214
3 0.05711805555555556 0.5771354166666667 0.0867939814814815 0.06163194444444446
3 0.10122685185185185 0.6603993055555556 0.08681712962962962 0.06319444444444447
2 0.09935185185185184 0.15373263888888888 0.15671296296296297 0.24899305555555556
6 0.6173263888888889 0.33467013888888886 0.1656828703703704 0.3274652777777778
6 0.8759606481481482 0.29065972222222225 0.2313310185185184 0.3319444444444445
2 0.47022569444444445 0.29060763888888885 0.06869212962962959 0.10454861111111118
6 0.4492592592592593 0.06999999999999999 0.14210648148148142 0.10625
0 0.2167476851851852 0.6725694444444444 0.21431712962962965 0.448298611111111
5 0.007511574074074075 0.11753472222222223 0.01502314814814815 0.15381944444444445
2 0.518258101851852 0.5311805555555555 0.16559027777777793 0.3212152777777778