3 0.39707754629629627 0.5439930555555555 0.2530671296296296 0.30092592592592593
3 0.5795428240740741 0.07648148148148148 0.2434606481481481 0.12583333333333332
3 0.43810763888888893 0.13472222222222222 0.25121527777777786 0.2509259259259259
3 0.8197916666666668 0.7898553240740741 0.2417824074074076 0.2069444444444443
3 0.7875 0.6133101851851852 0.13559027777777785 0.16321759259259264
3 0.55703125 0.7118344907407408 0.05347222222222214 0.05309027777777775
3 0.5769097222222223 0.932494212962963 0.07054398148148149 0.0926157407407409
3 0.7176793981481482 0.9558940972222223 0.09890046296296298 0.0882118055555555
3 0.9394675925925926 0.4534201388888889 0.12106481481481488 0.13679398148148145
3 0.7038194444444444 0.1870775462962963 0.07667824074074084 0.08967592592592592
3 0.3903935185185185 0.9091869212962962 0.16608796296296297 0.18162615740740762
3 0.05023148148148149 0.8294849537037038 0.04583333333333332 0.18396990740740762
3 0.26776620370370374 0.6345891203703704 0.2036458333333333 0.230787037037037