3 0.7985648148148148 0.08712962962962963 0.3469444444444445 0.161875
3 0.5076909722222223 0.04124421296296296 0.09975694444444443 0.07570601851851852
3 0.47384837962962967 0.3135300925925926 0.16087962962962976 0.07928240740740744
6 0.1875983796296296 0.22707175925925926 0.3751967592592592 0.45414351851851853
3 0.9603732638888889 0.7569560185185186 0.07925347222222215 0.14149305555555536
3 0.9890277777777777 0.5337847222222223 0.0219444444444445 0.10662037037037031
3 0.9321238425925926 0.43015625 0.08655092592592624 0.14276620370370363
3 0.9771759259259258 0.9619270833333333 0.045648148148148236 0.07614583333333336
3 0.4955324074074074 0.7189814814814814 0.09526620370370367 0.10534722222222222
3 0.5655729166666668 0.9389351851851853 0.07127314814814803 0.09579861111111114
3 0.3997222222222222 0.8416550925925925 0.06565972222222224 0.08013888888888872
3 0.31375000000000003 0.7613657407407407 0.04578703703703706 0.03469907407407398
3 0.2547048611111111 0.7796701388888889 0.09728009259259256 0.08662037037037038
3 0.32707175925925924 0.6435474537037036 0.050115740740740745 0.055034722222222145
3 0.16468750000000001 0.6970081018518519 0.05093750000000004 0.0425462962962964
3 0.05960069444444445 0.7290277777777778 0.03716435185185185 0.07368055555555557
3 0.06839699074074074 0.6666203703703704 0.06105324074074074 0.05511574074074073
3 0.08241319444444445 0.5605208333333334 0.10427083333333334 0.09916666666666671
3 0.2806076388888889 0.5315335648148147 0.04827546296296301 0.05033564814814824
3 0.3518055555555556 0.8764409722222222 0.06206018518518519 0.04575231481481481
3 0.50359375 0.23565972222222223 0.0654745370370371 0.0770138888888889
2 0.9427546296296295 0.2358738425925926 0.1144907407407409 0.31494212962962964
4 0.894670138888889 0.6111689814814815 0.210659722222222 0.14704861111111106