1 0.24467592592592596 0.20653935185185185 0.23825231481481488 0.25850694444444444
4 0.772337962962963 0.861082175925926 0.24722222222222215 0.19079861111111107
1 0.39076967592592593 0.7895833333333334 0.20920138888888892 0.3278356481481481
1 0.2772569444444445 0.794849537037037 0.17424768518518513 0.2755208333333332
4 0.3702835648148148 0.36455439814814816 0.167650462962963 0.22841435185185183
1 0.6109664351851852 0.771701388888889 0.304050925925926 0.3706018518518519
4 0.601099537037037 0.22491319444444446 0.16921296296296298 0.18657407407407406
4 0.37025462962962963 0.07311921296296296 0.17488425925925927 0.14623842592592592
3 0.4981481481481481 0.0652199074074074 0.049710648148148094 0.06273148148148149
4 0.9139756944444445 0.8749421296296296 0.16082175925925918 0.1362268518518519
4 0.08098958333333335 0.5737268518518519 0.09832175925925926 0.2994212962962962
4 0.15086805555555555 0.7853587962962962 0.20451388888888888 0.28553240740740743
6 0.15028935185185185 0.7775462962962962 0.2054398148148148 0.29803240740740744