5 0.15576967592592592 0.6705439814814815 0.15575231481481483 0.11315972222222222
5 0.45401041666666664 0.40017361111111105 0.10809027777777783 0.06717592592592592
5 0.22232060185185185 0.8549826388888888 0.12482638888888893 0.11894675925925924
5 0.8588194444444444 0.513900462962963 0.26055555555555543 0.17716435185185198
5 0.8608159722222222 0.11579861111111112 0.13893518518518527 0.059826388888888894
5 0.49894097222222217 0.6795312499999999 0.13915509259259268 0.09417824074074073
0 0.928822337962963 0.24567708333333332 0.1423553240740741 0.14119212962962963
5 0.2778761574074074 0.37570601851851854 0.1696990740740741 0.05091435185185187
0 0.9746412037037036 0.5470601851851852 0.05071759259259281 0.06988425925925927
1 0.49024884259259255 0.4366203703703704 0.0737962962962964 0.0682291666666666
1 0.5734432870370371 0.47532407407407407 0.09749999999999996 0.043599537037037096
0 0.7151041666666667 0.46727430555555555 0.08384259259259252 0.0512037037037036
1 0.950775462962963 0.6011342592592592 0.07923611111111128 0.052696759259259277
2 0.9557696759259258 0.783420138888889 0.08846064814814839 0.1315393518518519
4 0.872175925925926 0.9629745370370371 0.255648148148148 0.07405092592592588
4 0.5641782407407407 0.9084953703703704 0.43784722222222233 0.18300925925925923
5 0.17993055555555557 0.7450636574074074 0.1182986111111111 0.053275462962962906
4 0.3170543981481481 0.5441261574074074 0.38800925925925933 0.19622685185185187
5 0.12112268518518518 0.33357060185185183 0.10086805555555559 0.04833333333333334
5 0.2406712962962963 0.26039930555555557 0.1636111111111111 0.0539467592592592
5 0.0871875 0.29637731481481483 0.11320601851851853 0.04539351851851849
5 0.0837037037037037 0.22918981481481482 0.1432986111111111 0.0536458333333333
5 0.6024768518518518 0.3125983796296296 0.43024305555555564 0.13752314814814817
5 0.6870659722222223 0.40831018518518514 0.3077430555555555 0.09355324074074076
5 0.8426678240740741 0.398125 0.10711805555555572 0.048425925925925914
4 0.9643547453703704 0.4078819444444445 0.07129050925925924 0.07317129629629626
5 0.6825752314814815 0.15609375 0.1709143518518518 0.07435185185185186
5 0.7331192129629629 0.09204861111111111 0.12611111111111112 0.05339120370370369
5 0.5667013888888889 0.10441550925925927 0.09542824074074083 0.06386574074074076
5 0.5683101851851852 0.04510995370370371 0.09542824074074083 0.06386574074074074
5 0.10939814814814815 0.39350694444444445 0.08146990740740741 0.035555555555555604
5 0.11052662037037038 0.4754918981481481 0.12708333333333335 0.07214120370370374
5 0.25658564814814816 0.4167650462962963 0.10302083333333334 0.029629629629629582
5 0.31050925925925926 0.026458333333333334 0.08459490740740741 0.03560185185185185
5 0.3488599537037037 0.04342013888888889 0.047499999999999966 0.0428587962962963
5 0.6422974537037037 0.026689814814814816 0.06896990740740741 0.035370370370370365
4 0.9597511574074072 0.11179976851851851 0.06673611111111129 0.05251157407407407
0 0.7802835648148149 0.24887731481481482 0.19185185185185177 0.1168171296296296
4 0.762494212962963 0.7037326388888888 0.41557870370370364 0.27626157407407403
4 0.6862037037037038 0.828287037037037 0.2782523148148147 0.15712962962962962