5 0.23442708333333334 0.4297569444444445 0.13657407407407404 0.19901620370370382
5 0.6142881944444445 0.39502314814814815 0.15046296296296297 0.22282407407407404
5 0.5980960648148148 0.14819444444444443 0.07773148148148153 0.15359953703703705
5 0.9789525462962964 0.8904861111111112 0.04209490740740733 0.14960648148148153
5 0.1017824074074074 0.29125 0.11652777777777779 0.17658564814814817
4 0.16066550925925924 0.6377719907407406 0.14189814814814813 0.18357638888888878
5 0.11090856481481481 0.03584490740740741 0.06951388888888888 0.06756944444444445
5 0.21293402777777776 0.2519560185185185 0.0654745370370371 0.07836805555555557
0 0.3603125 0.45420138888888884 0.07466435185185186 0.07552083333333322
4 0.7554340277777778 0.3204050925925926 0.09465277777777778 0.17593750000000002
5 0.4494502314814815 0.20190393518518518 0.10587962962962968 0.20746527777777776