6 0.36640625 0.33980324074074075 0.2078125 0.24526620370370375
6 0.46328125 0.6623321759259259 0.2265625 0.2611689814814813
6 0.39375 0.09020833333333333 0.09375 0.1545138888888889
0 0.51484375 0.1709085648148148 0.1921875 0.2794097222222222
4 0.8703125 0.7847685185185186 0.1421875 0.19273148148148156
3 0.83671875 0.40692708333333333 0.0640625 0.06501157407407412
3 0.90859375 0.5439293981481482 0.065625 0.05253472222222229
3 0.7984375 0.4501099537037037 0.0703125 0.060416666666666605
3 0.81015625 0.5752835648148148 0.0484375 0.036655092592592455
3 0.69375 0.5399652777777778 0.0625 0.046238425925925954
6 0.69609375 0.05796875 0.1296875 0.09723379629629629
4 0.83125 0.32481481481481483 0.09375 0.12638888888888894
3 0.9703125 0.46906250000000005 0.0515625 0.04920138888888879
0 0.93984375 0.3490798611111111 0.1109375 0.2063310185185186
6 0.5578125 0.4285763888888889 0.09375 0.14670138888888892
2 0.1875 0.28637152777777775 0.0578125 0.07741898148148145
0 0.28515625 0.5003182870370371 0.1890625 0.252800925925926
2 0.15703125 0.20467013888888888 0.1421875 0.15991898148148148
4 0.771875 0.8551851851851853 0.140625 0.19583333333333322
6 0.69921875 0.9056712962962962 0.096875 0.1561226851851849
1 0.7046875 0.21825231481481483 0.0515625 0.07107638888888887
1 0.66328125 0.19810763888888888 0.0390625 0.06932870370370373