1 0.8370428240740739 0.33543402777777775 0.21840277777777786 0.2404861111111111
4 0.10267071759259258 0.8884490740740741 0.20534143518518516 0.20331018518518534
1 0.518599537037037 0.8689409722222223 0.16590277777777782 0.26211805555555545
1 0.6351504629629628 0.8982291666666666 0.13650462962962956 0.20354166666666665
4 0.6621064814814815 0.4648321759259259 0.14094907407407398 0.22103009259259263
1 0.29454861111111114 0.8230584490740741 0.26798611111111104 0.35388310185185184
4 0.4646238425925926 0.2594560185185185 0.15422453703703703 0.17618055555555562
4 0.7575694444444444 0.13277199074074075 0.15223379629629646 0.19796296296296295
3 0.6157060185185185 0.12230902777777777 0.04370370370370367 0.06057870370370368
4 0.002158564814814812 0.8803587962962963 0.004317129629629624 0.1794675925925926
4 0.9170659722222222 0.7689351851851851 0.09400462962962948 0.3085648148148149
4 0.775949074074074 0.9116840277777778 0.18372685185185186 0.1766319444444445
6 0.7786574074074074 0.9046759259259259 0.18601851851851858 0.19064814814814818