3 0.17734375 0.07265625 0.0390625 0.0578125
3 0.21875 0.075 0.04609375 0.04921875
3 0.26953125 0.09765625 0.0265625 0.03515625
3 0.22421875 0.128125 0.03828125 0.0375
3 0.19921875 0.1828125 0.04765625 0.0640625
3 0.12578125 0.175 0.065625 0.06640625
3 0.028125 0.20546875 0.0359375 0.0578125
3 0.32421875 0.2421875 0.065625 0.04921875
3 0.2828125 0.3015625 0.05 0.05
3 0.02578125 0.2546875 0.03515625 0.0375
3 0.021875 0.29921875 0.04296875 0.04140625
3 0.13046875 0.2890625 0.04609375 0.046875
3 0.04375 0.55078125 0.07421875 0.1078125
3 0.2140625 0.81796875 0.1265625 0.15234375
3 0.084375 0.93515625 0.1125 0.0421875
3 0.09921875 0.98203125 0.0671875 0.0359375
3 0.025 0.97734375 0.05 0.04453125
3 0.353125 0.82734375 0.06328125 0.084375
3 0.31171875 0.915625 0.12734375 0.07421875
3 0.56484375 0.8390625 0.23984375 0.315625
3 0.75078125 0.72890625 0.0625 0.065625
3 0.60625 0.6296875 0.08046875 0.06640625
3 0.51171875 0.63671875 0.0546875 0.0671875
3 0.44140625 0.6421875 0.046875 0.05859375
3 0.828125 0.55390625 0.08046875 0.11875
2 0.3984375 0.20625 0.15234375 0.13125
2 0.64921875 0.059375 0.1421875 0.11796875
3 0.23671875 0.56015625 0.06484375 0.05234375