6 0.90546875 0.14335069444444443 0.1890625 0.2318402777777778
6 0.459375 0.8670833333333334 0.359375 0.24097222222222214
6 0.5375 0.7175173611111111 0.346875 0.5326041666666665
5 0.24921875 0.2418229166666667 0.3953125 0.4836458333333334
5 0.1515625 0.8081076388888888 0.303125 0.29003472222222226
5 0.08671875 0.4156770833333333 0.1734375 0.4405208333333334
5 0.14453125 0.11671875000000001 0.1765625 0.23343750000000002
5 0.684375 0.4305208333333333 0.2125 0.5000694444444445
0 0.94296875 0.3307465277777778 0.1140625 0.24100694444444448
4 0.9109375 0.6220138888888889 0.1125 0.14562500000000006
3 0.71875 0.6657118055555555 0.0984375 0.10437499999999993
0 0.69921875 0.8236111111111111 0.125 0.13993055555555572
0 0.5640625 0.38352430555555556 0.096875 0.1761805555555555
5 0.328125 0.4666666666666667 0.1046875 0.20934027777777775