5 0.04495659722222222 0.5831655092592593 0.08991319444444444 0.11644675925925921
5 0.13057291666666665 0.4887152777777778 0.16090277777777776 0.10584490740740744
5 0.6708333333333333 0.9322222222222223 0.1238888888888889 0.11650462962962962
5 0.8102430555555555 0.15346064814814814 0.14201388888888894 0.3069212962962963
4 0.9105208333333333 0.42436342592592596 0.1561805555555555 0.3510416666666666
5 0.34208333333333335 0.5269791666666667 0.11743055555555557 0.18206018518518513
5 0.3711284722222222 0.8047974537037037 0.18232638888888886 0.20128472222222235
6 0.21229166666666668 0.8465856481481481 0.1208333333333333 0.1883333333333333
4 0.5209895833333333 0.45536458333333335 0.26277777777777783 0.3596412037037037
5 0.06335069444444444 0.3409027777777778 0.12670138888888888 0.26819444444444446
6 0.2365798611111111 0.2825289351851852 0.3290277777777778 0.44447916666666665
2 0.7914583333333334 0.8540104166666665 0.08687500000000004 0.12716435185185163
1 0.9131076388888889 0.8406134259259259 0.11072916666666685 0.2772916666666667
0 0.7055034722222222 0.06710648148148149 0.1139930555555555 0.13421296296296298
1 0.629079861111111 0.2725925925925926 0.05614583333333343 0.10350694444444439