4 0.8210416666666667 0.8727141203703702 0.3280555555555555 0.1629050925925924
6 0.776701388888889 0.6863136574074074 0.25159722222222225 0.33478009259259256
6 0.6336458333333332 0.7125868055555555 0.24753472222222223 0.34849537037037026
2 0.15159722222222222 0.3422743055555556 0.14243055555555556 0.1912037037037037
2 0.18203125 0.23342013888888888 0.13972222222222222 0.13026620370370373
2 0.3685763888888889 0.21568287037037037 0.11152777777777781 0.12662037037037033
6 0.6303645833333333 0.4800347222222222 0.14555555555555558 0.19143518518518512
6 0.7793055555555556 0.3921875 0.14559027777777764 0.22725694444444447
6 0.6298090277777778 0.18535879629629629 0.2241666666666667 0.27824074074074073
6 0.25222222222222224 0.5958333333333334 0.20531249999999995 0.3095486111111111
6 0.49809027777777776 0.4843460648148148 0.30711805555555555 0.42766203703703703
1 0.3815104166666667 0.6654224537037037 0.10350694444444439 0.12135416666666679
5 0.07980902777777779 0.4024594907407407 0.13989583333333333 0.3794560185185185
5 0.20409722222222224 0.07737268518518518 0.0650347222222222 0.09670138888888888
5 0.23131944444444447 0.029253472222222222 0.05951388888888891 0.058506944444444445
4 0.43857638888888884 0.08133680555555556 0.1646527777777777 0.16267361111111112
6 0.09973958333333333 0.815625 0.13711805555555556 0.246875
5 0.0748263888888889 0.6959780092592592 0.09701388888888889 0.2205439814814815