6 0.8261574074074074 0.48375 0.1869212962962962 0.24937499999999985
6 0.9117476851851851 0.70796875 0.17650462962962976 0.2805208333333333
6 0.7456018518518518 0.13763020833333334 0.16059027777777768 0.2752604166666667
1 0.8234664351851851 0.28421875 0.09791666666666679 0.11875
3 0.770804398148148 0.32140625 0.07557870370370381 0.10479166666666676
0 0.6983506944444444 0.39515625 0.08356481481481488 0.11000000000000006
0 0.6337962962962964 0.3227083333333333 0.0987268518518519 0.140625
0 0.5936342592592593 0.42250000000000004 0.052430555555555536 0.06895833333333332
5 0.6559606481481481 0.5828125 0.18177083333333321 0.23656249999999995
6 0.6977430555555555 0.6959375 0.10804398148148149 0.09760416666666671
4 0.2271122685185185 0.8878645833333334 0.18234953703703702 0.2101041666666667
2 0.405150462962963 0.7890625 0.0822337962962962 0.11614583333333321
0 0.14270833333333335 0.6178125 0.07517361111111107 0.1359375
0 0.16559606481481484 0.4533854166666667 0.11024305555555554 0.11489583333333328
0 0.175 0.538125 0.059664351851851906 0.09593750000000015