6 0.45036458333333335 0.36489583333333336 0.38291666666666657 0.203125
6 0.15534722222222222 0.7667708333333334 0.31069444444444444 0.23208333333333328
6 0.14019097222222224 0.9369791666666668 0.2803819444444445 0.11979166666666644
5 0.1912326388888889 0.03885416666666667 0.37690972222222224 0.07770833333333334
5 0.5609201388888889 0.1028125 0.397013888888889 0.205625
5 0.14109375 0.43145833333333333 0.2821875 0.17145833333333335
5 0.2301736111111111 0.5345833333333333 0.19736111111111115 0.234375
5 0.9040277777777778 0.5153645833333333 0.14413194444444458 0.12333333333333343
5 0.6880034722222221 0.55625 0.20968750000000008 0.12614583333333335
4 0.6336979166666666 0.83171875 0.12947916666666667 0.07406250000000014
4 0.6016840277777777 0.7107812499999999 0.1869097222222223 0.10437499999999993