3 0.8458680555555557 0.41935763888888894 0.14420138888888873 0.16302083333333323
3 0.7489756944444445 0.3864293981481482 0.07572916666666671 0.10421296296296294
3 0.7023784722222223 0.3746238425925926 0.07673611111111107 0.14952546296296304
3 0.7714236111111111 0.6414814814814814 0.10805555555555557 0.08282407407407408
3 0.9390625 0.5835474537037036 0.09805555555555542 0.12484953703703709
3 0.9011284722222221 0.49820023148148146 0.092465277777778 0.0841550925925926
3 0.8396874999999999 0.8380613425925926 0.08656250000000014 0.09968749999999993
3 0.7163715277777778 0.7992766203703704 0.06541666666666668 0.13217592592592595
3 0.6053645833333333 0.8743344907407407 0.15809027777777782 0.22570601851851854
2 0.5558854166666667 0.4299016203703704 0.09791666666666679 0.18888888888888894
3 0.6017708333333334 0.33315972222222223 0.142048611111111 0.13643518518518521
3 0.5915277777777778 0.6535185185185185 0.03704861111111111 0.05053240740740748
3 0.5384548611111111 0.6871064814814816 0.04166666666666678 0.04747685185185198
3 0.5713888888888888 0.6108622685185185 0.04072916666666657 0.07557870370370381
3 0.4015625 0.8023784722222222 0.05451388888888893 0.06328703703703695
3 0.1779513888888889 0.7783564814814815 0.07413194444444446 0.10262731481481495
3 0.21734375 0.3763425925925926 0.0494791666666667 0.04759259259259263
3 0.31321180555555556 0.1742071759259259 0.04975694444444443 0.06009259259259263
3 0.4147222222222222 0.24533564814814818 0.07163194444444443 0.060416666666666605
3 0.16449652777777776 0.5403530092592593 0.03583333333333334 0.06613425925925931
3 0.17414930555555558 0.6331481481481481 0.04972222222222222 0.058530092592592634
3 0.18079861111111112 0.6853761574074074 0.0431597222222222 0.04437499999999996
3 0.11491319444444445 0.6277777777777778 0.04788194444444445 0.04600694444444446
3 0.11543402777777778 0.6746296296296297 0.0703472222222222 0.07289351851851862
3 0.09005208333333334 0.7624768518518519 0.15267361111111113 0.12253472222222221
3 0.1412673611111111 0.9179166666666667 0.12114583333333333 0.10957175925925924
3 0.5294444444444444 0.6356944444444445 0.04152777777777779 0.0412268518518518
3 0.5248784722222222 0.20855902777777774 0.05777777777777775 0.06958333333333329
3 0.49741319444444443 0.2495775462962963 0.0546180555555555 0.06797453703703704
0 0.5711458333333332 0.20006365740740742 0.0483680555555555 0.06788194444444447