5 0.3432118055555555 0.12265625 0.1241898148148148 0.199537037037037
5 0.9880729166666666 0.8819733796296296 0.02385416666666664 0.2038773148148149
4 0.9447511574074074 0.661082175925926 0.11049768518518518 0.27690972222222215
5 0.8133680555555556 0.2874421296296296 0.16819444444444437 0.2962962962962963
4 0.6593923611111111 0.5811631944444444 0.2359375 0.42980324074074067
5 0.577482638888889 0.58046875 0.08657407407407405 0.13576388888888893
1 0.058015046296296294 0.2165798611111111 0.11068287037037036 0.33003472222222224
4 0.3187905092592593 0.5389178240740741 0.1460416666666667 0.2299768518518519
5 0.9500144675925926 0.43634259259259256 0.09997106481481488 0.1432291666666668
4 0.7121585648148148 0.2002604166666667 0.1524421296296296 0.3534143518518519
0 0.42050925925925925 0.3953125 0.08008101851851848 0.13084490740740745
3 0.4266550925925926 0.1078125 0.07815972222222226 0.06371527777777777
1 0.41960648148148144 0.39293981481481477 0.07555555555555564 0.13379629629629636
6 0.7158506944444445 0.21131365740740743 0.1598263888888889 0.3755208333333334