6 0.8305902777777778 0.6966145833333333 0.33881944444444445 0.5201041666666667
6 0.8752604166666668 0.3406770833333333 0.21788194444444428 0.3265625
0 0.9614583333333332 0.15942708333333336 0.07708333333333357 0.21781250000000002
5 0.4688368055555555 0.13234375 0.20642361111111107 0.2646875
4 0.6364236111111111 0.6132291666666667 0.11788194444444447 0.1794791666666665
5 0.32553819444444443 0.24901041666666668 0.0983680555555555 0.14385416666666667
5 0.2538194444444445 0.33125 0.0628819444444444 0.09156250000000003
0 0.5894270833333334 0.2940104166666667 0.06954861111111121 0.11072916666666668
6 0.9783159722222223 0.35380208333333335 0.04336805555555543 0.10343749999999989
6 0.9809027777777779 0.43572916666666667 0.03819444444444429 0.08291666666666657
6 0.7716666666666667 0.25604166666666667 0.059652777777777645 0.08666666666666671
6 0.7455555555555555 0.17250000000000001 0.05322916666666657 0.07843749999999998
6 0.6408506944444444 0.21390625000000002 0.0530555555555555 0.07062499999999998
6 0.5645833333333334 0.12666666666666665 0.06065972222222236 0.13197916666666668