3 0.6376736111111111 0.5576967592592592 0.2435185185185187 0.290787037037037
3 0.5554398148148149 0.045509259259259256 0.24212962962962975 0.08458333333333333
3 0.6852430555555555 0.13394675925925925 0.24027777777777787 0.24546296296296294
3 0.16608796296296297 0.6674537037037037 0.23993055555555554 0.19391203703703716
3 0.23495370370370372 0.5023842592592593 0.12928240740740743 0.15872685185185187
3 0.44357638888888895 0.6734143518518518 0.05347222222222214 0.05194444444444439
3 0.3772858796296297 0.8869270833333335 0.06423611111111108 0.08951388888888871
3 0.2306423611111111 0.8710011574074074 0.09565972222222223 0.09443287037037038
3 0.10046296296296298 0.28738425925925926 0.1546875 0.1276736111111111
3 0.40842013888888895 0.10377893518518518 0.07349537037037024 0.0864583333333333
3 0.565162037037037 0.9173090277777778 0.159375 0.16538194444444443
3 0.9511863425925926 0.9360358796296296 0.09762731481481488 0.12792824074074077
3 0.747193287037037 0.6889409722222222 0.19728009259259274 0.22327546296296283