5 0.5083333333333333 0.8809722222222222 0.1328125 0.19284722222222223
5 0.3818229166666667 0.8741319444444444 0.15322916666666658 0.2186805555555555
2 0.7877604166666666 0.026927083333333334 0.1432291666666668 0.05385416666666667
1 0.51171875 0.15531250000000002 0.2796875 0.31062500000000004
4 0.21875 0.878263888888889 0.2708333333333333 0.23013888888888873
4 0.21348958333333332 0.5066145833333333 0.42697916666666663 0.6430208333333333
4 0.40489583333333334 0.4579340277777778 0.16687499999999994 0.28315972222222213
4 0.26395833333333335 0.09498263888888889 0.22916666666666669 0.1893402777777778
1 0.10708333333333334 0.18345486111111112 0.21416666666666667 0.2955902777777778
5 0.6104166666666666 0.7751736111111112 0.1666666666666668 0.3034027777777778
6 0.8223437499999999 0.28359375 0.34802083333333333 0.546701388888889
5 0.6643229166666667 0.8545659722222222 0.15427083333333336 0.1875694444444445