5 0.6809837962962962 0.09550925925925925 0.12304398148148152 0.0889699074074074
5 0.9211863425925927 0.044670138888888884 0.1381828703703704 0.0804050925925926
5 0.869375 0.8432407407407407 0.12622685185185176 0.12030092592592609
4 0.9425636574074074 0.8475520833333334 0.11487268518518512 0.14255787037037065
5 0.8552025462962962 0.005150462962962963 0.17915509259259252 0.010300925925925925
5 0.9361805555555556 0.6788831018518519 0.12763888888888886 0.17709490740740746
5 0.8722800925925925 0.38561342592592596 0.16695601851851868 0.09436342592592588
6 0.5983333333333333 0.5259375000000001 0.09297453703703695 0.0500115740740739
5 0.8311458333333335 0.30236111111111114 0.11409722222222243 0.06668981481481477
5 0.6253993055555556 0.4587326388888888 0.11188657407407412 0.05410879629629619
4 0.36055555555555563 0.8954745370370369 0.4294675925925926 0.1983564814814816
4 0.7847569444444444 0.5256712962962963 0.1967245370370371 0.09746527777777772
4 0.8725057870370371 0.4655034722222222 0.15394675925925938 0.11394675925925916
5 0.6074768518518519 0.294375 0.0843055555555555 0.09319444444444444
5 0.6668923611111112 0.18632523148148147 0.1454629629629629 0.13064814814814812
1 0.9122251157407408 0.13738425925925926 0.17554976851851833 0.12790509259259258
1 0.9627604166666668 0.010292245370370368 0.06754629629629605 0.020584490740740737
5 0.6581655092592593 0.6223206018518519 0.1073611111111111 0.0569907407407408
5 0.73765625 0.44821180555555556 0.13769675925925923 0.07103009259259263