5 0.45703125 0.7765625 0.765625 0.36171875
6 0.5125 0.203125 0.334375 0.1328125
4 0.35390625 0.19921875 0.21796875 0.15625
4 0.32734375 0.4046875 0.253125 0.11171875
6 0.24375 0.4859375 0.32421875 0.11875
5 0.4921875 0.57109375 0.359375 0.10859375
6 0.953125 0.490625 0.09375 0.046875
6 0.91328125 0.62265625 0.17265625 0.1015625
6 0.75703125 0.58359375 0.1375 0.05390625
5 0.8171875 0.46953125 0.175 0.05
5 0.81171875 0.51640625 0.128125 0.0734375
5 0.74921875 0.434375 0.14609375 0.15234375
5 0.5328125 0.47421875 0.1 0.075
5 0.5546875 0.33984375 0.12421875 0.05
0 0.7671875 0.21328125 0.13828125 0.090625
0 0.82734375 0.234375 0.1140625 0.03046875
5 0.8 0.3 0.2296875 0.15078125
0 0.896875 0.3203125 0.0796875 0.0484375
5 0.9171875 0.1140625 0.16484375 0.09453125
0 0.45625 0.06796875 0.11640625 0.05859375
5 0.24296875 0.0859375 0.2890625 0.14453125
5 0.13046875 0.39375 0.14453125 0.08203125
6 0.37109375 0.62578125 0.1671875 0.09296875
6 0.1109375 0.546875 0.221875 0.14921875
6 0.47265625 0.94453125 0.10078125 0.09296875
6 0.84375 0.8640625 0.12421875 0.0796875
4 0.69296875 0.7703125 0.1515625 0.10234375
0 0.77265625 0.7015625 0.1296875 0.06484375
4 0.91015625 0.91796875 0.1390625 0.10546875