6 0.24171874999999998 0.9400173611111111 0.13864583333333336 0.11288194444444458
4 0.0896875 0.2947048611111111 0.179375 0.3512152777777778
6 0.07286458333333333 0.6166840277777779 0.14572916666666666 0.4072569444444444
5 0.8686458333333335 0.8550231481481483 0.1265625 0.14236111111111108
4 0.20645833333333333 0.2513773148148148 0.20489583333333333 0.24030092592592595
2 0.8825 0.2959953703703704 0.20427083333333335 0.3011689814814815
5 0.8829166666666666 0.5824247685185184 0.16822916666666643 0.25224537037037037
6 0.3661458333333333 0.5604224537037037 0.24604166666666671 0.34237268518518515
4 0.4728645833333333 0.3879166666666667 0.22583333333333327 0.3202199074074074
4 0.51625 0.9312673611111112 0.09052083333333343 0.11685185185185176
0 0.5981770833333333 0.8496643518518517 0.11541666666666668 0.1390740740740739
4 0.6205208333333333 0.36231481481481487 0.1375 0.2595949074074074
5 0.7318749999999999 0.5651504629629629 0.12843750000000007 0.14707175925925925
5 0.74765625 0.6796469907407408 0.1205208333333335 0.16880787037037023
5 0.5557812500000001 0.5958564814814815 0.14270833333333321 0.1738194444444444
5 0.531875 0.6734780092592592 0.13968750000000013 0.2689930555555556
5 0.8222916666666666 0.62546875 0.1598958333333332 0.33797453703703706
0 0.7456770833333334 0.3229976851851852 0.06687499999999993 0.08996527777777778
0 0.7025 0.27993055555555557 0.05916666666666668 0.11482638888888896
6 0.20744791666666665 0.24824074074074076 0.2107291666666667 0.25755787037037037