5 0.056672453703703704 0.8824363425925925 0.029895833333333323 0.1554976851851851
5 0.8939930555555555 0.24832175925925926 0.140625 0.21574074074074073
4 0.36788194444444444 0.9106336805555555 0.1780671296296296 0.17873263888888893
5 0.0830324074074074 0.45844907407407404 0.13203703703703704 0.2606481481481481
5 0.20009259259259263 0.8362847222222223 0.17219907407407406 0.2231481481481481
5 0.9505844907407408 0.9790798611111111 0.09883101851851847 0.04184027777777786
0 0.17929398148148148 0.08929398148148147 0.28358796296296296 0.17581018518518518
0 0.21118055555555557 0.32829861111111114 0.16174768518518512 0.23211805555555554
4 0.24086226851851852 0.49470486111111106 0.11427083333333332 0.15862268518518513
4 0.13616319444444444 0.7161747685185185 0.15174768518518517 0.1896412037037038
0 0.3303298611111111 0.7163483796296296 0.15413194444444445 0.295775462962963
5 0.433755787037037 0.7560474537037037 0.062407407407407335 0.12083333333333339
4 0.4979456018518519 0.9048321759259259 0.09630787037037045 0.1903356481481481
0 0.5646122685185185 0.5277488425925926 0.15920138888888893 0.3333912037037038
0 0.6722627314814815 0.8444155092592591 0.13006944444444457 0.2527777777777779
5 0.8189236111111111 0.5449652777777778 0.23373842592592595 0.5076967592592594
6 0.952037037037037 0.7176215277777778 0.09592592592592589 0.4294560185185185
2 0.9847337962962964 0.28634259259259254 0.030532407407407192 0.23263888888888892
4 0.9488715277777778 0.717505787037037 0.10225694444444429 0.4328125
1 0.49334490740740744 0.5368055555555555 0.09501157407407419 0.17818287037037023