4 0.7755671296296296 0.5282928240740741 0.34116898148148156 0.46719907407407407
4 0.15020833333333333 0.058518518518518525 0.14958333333333335 0.11462962962962964
5 0.22405671296296298 0.11199652777777777 0.17682870370370374 0.18841435185185187
4 0.16156828703703702 0.33702546296296293 0.17059027777777777 0.27887731481481487
4 0.3985127314814815 0.889988425925926 0.22885416666666672 0.2200231481481481
0 0.13416087962962964 0.7788425925925926 0.2683217592592593 0.3355787037037036
1 0.1862037037037037 0.4499768518518518 0.19587962962962963 0.22460648148148152
4 0.39468749999999997 0.15361689814814813 0.25125000000000003 0.2988078703703704
1 0.39640046296296294 0.34675925925925927 0.12528935185185192 0.15798611111111108
6 0.5386111111111112 0.061927083333333334 0.11652777777777779 0.10945601851851852
1 0.5303645833333334 0.4019097222222222 0.21760416666666665 0.3123611111111112
4 0.7167592592592593 0.19982638888888887 0.22331018518518525 0.27185185185185184
6 0.9183854166666666 0.44284143518518515 0.13535879629629619 0.32207175925925924