3 0.0484375 0.731568287037037 0.096875 0.31498842592592596
3 0.18515625 0.34878472222222223 0.3703125 0.45868055555555554
3 0.196875 0.020399305555555556 0.103125 0.04079861111111111
3 0.34609375 0.08098958333333334 0.2984375 0.16197916666666667
3 0.5984375 0.34629629629629627 0.1640625 0.16527777777777786
3 0.4921875 0.10729166666666665 0.1328125 0.12390046296296298
3 0.4671875 0.2591435185185185 0.09375 0.09131944444444447
3 0.3375 0.30546875 0.3609375 0.35798611111111106
3 0.30859375 0.9060474537037038 0.121875 0.10590277777777786
3 0.1640625 0.8784722222222221 0.19375 0.1299768518518519
3 0.49765625 0.9021990740740741 0.2546875 0.14074074074074083
3 0.6296875 0.7150752314814814 0.190625 0.22662037037037025
3 0.6421875 0.8516493055555555 0.1125 0.10208333333333322
3 0.7890625 0.715769675925926 0.228125 0.2481481481481481
3 0.8296875 0.9010416666666667 0.134375 0.08495370370370381
3 0.85625 0.15923032407407406 0.2578125 0.22065972222222224
3 0.634375 0.09444444444444444 0.29375 0.18888888888888888
3 0.74765625 0.2539930555555555 0.2609375 0.21776620370370373
3 0.25078125 0.605642361111111 0.1046875 0.12494212962962976
3 0.1390625 0.11860532407407406 0.1203125 0.13078703703703703