5 0.29462384259259256 0.5242708333333332 0.16194444444444445 0.19565972222222214
5 0.8308622685185185 0.20590277777777777 0.12636574074074075 0.15427083333333336
6 0.8041782407407407 0.7036979166666667 0.07718750000000014 0.1281944444444445
5 0.6297164351851852 0.5410590277777778 0.08679398148148146 0.1362152777777778
6 0.7917476851851852 0.4952430555555555 0.06619212962962955 0.073298611111111
4 0.7063483796296296 0.330625 0.25354166666666667 0.2304861111111111
2 0.4174768518518518 0.47541666666666665 0.11699074074074076 0.15406250000000005
4 0.43260995370370364 0.7486979166666666 0.06105324074074083 0.11065972222222235
5 0.5252835648148148 0.5519791666666667 0.047719907407407544 0.08225694444444435
5 0.5664756944444445 0.5174479166666667 0.05406249999999986 0.08552083333333335
4 0.6073668981481481 0.6838368055555556 0.07001157407407402 0.0968055555555555
4 0.6683912037037036 0.14027777777777778 0.2899074074074074 0.28055555555555556
0 0.2310011574074074 0.6460763888888889 0.0729976851851852 0.0921875