6 0.8841666666666667 0.5997685185185185 0.16458333333333322 0.13078703703703703
5 0.54890625 0.9296006944444445 0.15041666666666664 0.10532407407407404
6 0.06395833333333334 0.7333912037037036 0.12791666666666668 0.14594907407407404
5 0.8457812499999999 0.3884548611111111 0.15458333333333343 0.09768518518518521
5 0.027083333333333338 0.5469328703703704 0.054166666666666675 0.09386574074074083
6 0.1846875 0.3428240740740741 0.23625000000000002 0.24722222222222223
6 0.7305729166666666 0.6716145833333333 0.1554166666666667 0.11018518518518512
6 0.1833854166666667 0.6325520833333333 0.25947916666666665 0.19820601851851852
5 0.9133333333333333 0.7379050925925925 0.08583333333333343 0.09513888888888893
5 0.7961979166666666 0.9207465277777779 0.1411458333333334 0.08315972222222215
6 0.9546875 0.44652777777777775 0.04312499999999986 0.10914351851851851
6 0.4246875 0.290625 0.2171875 0.14832175925925925
6 0.540625 0.1492476851851852 0.11218749999999993 0.11637731481481484
6 0.5384375 0.546238425925926 0.2704166666666666 0.1752314814814815
5 0.7355729166666667 0.1384548611111111 0.12791666666666668 0.09513888888888888
5 0.46796875 0.7456886574074074 0.35302083333333345 0.19855324074074082
6 0.8296875 0.07771990740740742 0.178125 0.10011574074074074
6 0.2802083333333333 0.296238425925926 0.14468750000000002 0.11290509259259256
6 0.5474479166666667 0.3875868055555555 0.16989583333333336 0.11695601851851851
6 0.33979166666666666 0.40104166666666663 0.13583333333333333 0.09699074074074084
6 0.5926041666666666 0.6265625 0.28447916666666656 0.17575231481481488
6 0.8448958333333334 0.460474537037037 0.17437499999999986 0.13738425925925934
6 0.7765104166666666 0.4877025462962963 0.1276041666666666 0.11383101851851851
5 0.5542187500000001 0.4504918981481481 0.07708333333333321 0.05740740740740726
5 0.6095312500000001 0.45489004629629637 0.09677083333333343 0.07216435185185191
3 0.4096354166666666 0.8100983796296296 0.06395833333333342 0.07094907407407405
6 0.6079687500000001 0.830758101851852 0.15322916666666658 0.12413194444444428
5 0.7936979166666667 0.7115451388888889 0.13052083333333328 0.08744212962962976
5 0.9057812500000001 0.8981770833333332 0.07927083333333336 0.09021990740740762
4 0.6461979166666667 0.9687789351851851 0.15447916666666667 0.062442129629629764
5 0.39276041666666667 0.957667824074074 0.34385416666666657 0.08466435185185191