3 0.10515624999999999 0.2950520833333333 0.1687847222222222 0.1544560185185185
3 0.054322916666666665 0.6838252314814814 0.08190972222222222 0.176099537037037
3 0.1507465277777778 0.5506944444444445 0.060138888888888874 0.10896990740740745
3 0.30008680555555556 0.40425347222222224 0.15427083333333336 0.13310185185185192
3 0.4295659722222222 0.4557002314814815 0.1594444444444445 0.15532407407407406
3 0.3400694444444444 0.5836226851851851 0.115625 0.14895833333333322
3 0.36482638888888885 0.18347800925925925 0.05614583333333334 0.06967592592592595
3 0.36135416666666664 0.2385127314814815 0.052326388888888964 0.03819444444444446
3 0.4046180555555556 0.21339699074074076 0.044791666666666605 0.050115740740740745
3 0.40383680555555557 0.24866898148148148 0.03496527777777771 0.02910879629629628
3 0.4087847222222222 0.2952546296296296 0.05253472222222229 0.04756944444444446
3 0.44729166666666664 0.19693287037037038 0.025659722222222216 0.03153935185185182
3 0.4557465277777778 0.22526041666666669 0.033506944444444284 0.03368055555555553
3 0.47822916666666665 0.2509837962962963 0.022465277777777716 0.028182870370370417
3 0.4564583333333333 0.3277199074074074 0.03513888888888879 0.03692129629629628
3 0.4378298611111111 0.36979166666666663 0.09027777777777786 0.061284722222222233
3 0.4841666666666667 0.20124421296296297 0.035381944444444355 0.04785879629629628
3 0.5192881944444444 0.33793402777777776 0.071736111111111 0.06927083333333339
3 0.5883159722222222 0.3101273148148148 0.05 0.07390046296296297
3 0.5990798611111111 0.37193287037037037 0.07809027777777774 0.07442129629629628
3 0.5598784722222222 0.4390046296296296 0.06239583333333343 0.07013888888888893
3 0.8556076388888888 0.048611111111111105 0.07236111111111114 0.09722222222222221
3 0.7988194444444444 0.2749710648148148 0.11684027777777786 0.13344907407407405
3 0.8982118055555557 0.13457754629629629 0.08576388888888857 0.13894675925925926
3 0.931892361111111 0.06556712962962961 0.07774305555555543 0.12899305555555557
3 0.9853472222222223 0.1193287037037037 0.02930555555555543 0.07118055555555558
3 0.91140625 0.4805266203703703 0.17718750000000014 0.18107638888888894
3 0.8175347222222221 0.659375 0.18940972222222213 0.1700231481481481
3 0.8230555555555557 0.5908854166666666 0.14097222222222214 0.09623842592592595
3 0.9728124999999999 0.6392650462962963 0.043611111111111 0.0671875
3 0.5912847222222222 0.9015046296296297 0.071875 0.07552083333333356
3 0.541232638888889 0.867650462962963 0.07315972222222236 0.06313657407407405
3 0.4488020833333334 0.8635416666666668 0.05892361111111111 0.05428240740740762
3 0.3985590277777778 0.8563078703703703 0.07645833333333325 0.07118055555555572
3 0.38831597222222225 0.8179398148148149 0.030138888888888892 0.02251157407407405
3 0.42444444444444446 0.8238715277777778 0.03499999999999996 0.03067129629629619
3 0.7141840277777778 0.9033564814814815 0.06364583333333336 0.05619212962962976
3 0.6273958333333333 0.8714409722222222 0.073298611111111 0.06938657407407404
3 0.8392534722222222 0.8972222222222221 0.09406249999999972 0.09120370370370381
3 0.3070833333333333 0.8247395833333332 0.029166666666666695 0.04895833333333357
3 0.3042708333333333 0.8742476851851851 0.025555555555555554 0.026851851851851904
3 0.33196180555555554 0.8878472222222221 0.027326388888888876 0.036342592592592385
6 0.42345486111111114 0.5680555555555555 0.08045138888888878 0.11047453703703702
6 0.3505729166666667 0.7393518518518519 0.10913194444444443 0.13755787037037023
6 0.4554166666666667 0.632986111111111 0.050416666666666644 0.09265046296296298
6 0.5201215277777778 0.6219328703703704 0.09847222222222225 0.1492476851851851
6 0.5035416666666667 0.7561921296296296 0.10479166666666657 0.1528356481481481
6 0.29878472222222224 0.48651620370370374 0.08017361111111114 0.09797453703703703
3 0.20489583333333333 0.03851273148148148 0.08479166666666664 0.07702546296296296
3 0.13253472222222223 0.018663194444444444 0.049444444444444444 0.03732638888888889
3 0.10920138888888889 0.08972800925925925 0.03555555555555556 0.05567129629629628
3 0.17621527777777776 0.11215277777777777 0.06194444444444445 0.04982638888888893
3 0.30321180555555555 0.029108796296296296 0.06892361111111107 0.05821759259259259
3 0.42835069444444446 0.06727430555555555 0.1442013888888889 0.1345486111111111
3 0.48588541666666674 0.13773148148148148 0.07916666666666679 0.12285879629629629
2 0.5649652777777778 0.023437499999999997 0.20180555555555557 0.04687499999999999
3 0.7435763888888889 0.07795138888888889 0.08312500000000007 0.09039351851851851
3 0.6796527777777778 0.08894675925925925 0.05756944444444443 0.06354166666666665
3 0.6810590277777777 0.15222800925925925 0.05395833333333329 0.04143518518518521
3 0.6347222222222222 0.1799189814814815 0.044513888888888783 0.03761574074074074
3 0.7061805555555555 0.4375578703703704 0.17381944444444458 0.17042824074074084
6 0.9278819444444444 0.8006655092592592 0.11499999999999985 0.19103009259259238