3 0.92515625 0.29734375 0.04989583333333343 0.09510416666666668
3 0.8653124999999999 0.2630208333333333 0.04822916666666686 0.07010416666666668
3 0.8197916666666666 0.32687499999999997 0.07802083333333343 0.1203125
3 0.6946354166666666 0.4328645833333333 0.09395833333333332 0.07937499999999993
3 0.5915625 0.2401041666666667 0.15093749999999986 0.11739583333333332
3 0.6094270833333333 0.41473958333333333 0.09562500000000007 0.05770833333333325
3 0.6247916666666666 0.096875 0.13708333333333336 0.11958333333333333
3 0.29833333333333334 0.15833333333333333 0.11645833333333329 0.09020833333333331
3 0.20817708333333335 0.27598958333333334 0.10697916666666671 0.1346875
3 0.30223958333333334 0.40359375000000003 0.06791666666666671 0.06208333333333336
3 0.28515625 0.48567708333333337 0.0557291666666667 0.06593750000000007
3 0.3229166666666667 0.60875 0.046354166666666606 0.08864583333333335
3 0.40010416666666665 0.6465624999999999 0.11729166666666675 0.12604166666666677
3 0.50859375 0.6522395833333332 0.1442708333333334 0.08739583333333342