4 0.86875 0.11992476851851852 0.2625 0.23984953703703704
6 0.8628935185185185 0.3328009259259259 0.2584722222222222 0.3158564814814815
6 0.7045717592592593 0.24878472222222223 0.2287847222222222 0.3156365740740741
6 0.6843692129629629 0.47714699074074074 0.16979166666666662 0.1418287037037036
2 0.13080439814814815 0.5179803240740741 0.12758101851851852 0.17119212962962962
2 0.20390046296296296 0.5862152777777778 0.07821759259259257 0.09273148148148139
6 0.6309953703703703 0.7440509259259259 0.15918981481481467 0.23858796296296295
6 0.8334953703703704 0.594837962962963 0.14162037037037045 0.20097222222222227
6 0.49517939814814815 0.43087384259259254 0.2665162037037037 0.4408680555555556
6 0.2865682870370371 0.29642939814814817 0.12591435185185187 0.19929398148148145
5 0.0749826388888889 0.8130381944444445 0.0712037037037037 0.2285648148148148
5 0.21112847222222225 0.8612673611111111 0.10732638888888886 0.20228009259259244
5 0.32508101851851856 0.8432291666666666 0.12311342592592593 0.2055208333333333
5 0.046203703703703705 0.43888888888888894 0.06340277777777778 0.31909722222222214
5 0.09872106481481482 0.11024884259259257 0.1640625 0.21207175925925928
0 0.37400462962962966 0.6412268518518518 0.08215277777777778 0.10837962962962955