5 0.43530092592592595 0.21681712962962965 0.08730324074074076 0.1564699074074074
5 0.6134143518518519 0.47000578703703705 0.10798611111111107 0.170173611111111
5 0.10527199074074074 0.25124421296296295 0.08204861111111113 0.08440972222222225
0 0.5318402777777778 0.8864988425925926 0.10651620370370374 0.1732060185185187
5 0.7979282407407406 0.6750752314814814 0.16701388888888893 0.2672569444444445
5 0.2851793981481482 0.09085937499999999 0.1895138888888889 0.18171874999999998
5 0.4736111111111111 0.6645543981481481 0.16039351851851863 0.25438657407407417
5 0.6022337962962963 0.11363425925925925 0.2263425925925926 0.2272685185185185
5 0.1317361111111111 0.5368981481481482 0.0992476851851852 0.138460648148148
5 0.2923668981481481 0.9132118055555555 0.11827546296296294 0.14894675925925932
6 0.9252372685185186 0.768443287037037 0.14952546296296276 0.25228009259259243
5 0.3542881944444445 0.5730150462962963 0.30778935185185186 0.33331018518518524
5 0.1072511574074074 0.15956018518518517 0.06366898148148148 0.0957986111111111
5 0.17225694444444445 0.26684027777777775 0.06745370370370374 0.17089120370370373
5 0.021111111111111112 0.18423032407407408 0.03435185185185185 0.10653935185185186
2 0.026666666666666665 0.2660763888888889 0.03981481481481482 0.08034722222222221
5 0.05556712962962963 0.5547164351851851 0.08178240740740741 0.12806712962962977
5 0.0953125 0.7339293981481482 0.10439814814814814 0.15436342592592583
5 0.04701388888888889 0.6358333333333334 0.05269675925925925 0.14662037037037035
5 0.18613425925925925 0.8936805555555555 0.21511574074074075 0.20615740740740734
5 0.19724537037037035 0.7404108796296296 0.11307870370370372 0.13148148148148148
5 0.1793634259259259 0.6123379629629631 0.11097222222222221 0.16567129629629634
5 0.35472800925925924 0.7991666666666667 0.1065509259259259 0.121736111111111
5 0.4415219907407407 0.9286342592592594 0.08871527777777768 0.09884259259259238
5 0.4147743055555556 0.8183043981481483 0.1220949074074074 0.17256944444444428
4 0.6728703703703703 0.6277025462962963 0.17684027777777783 0.23040509259259262
2 0.5392534722222223 0.7404918981481481 0.08922453703703717 0.11603009259259256
5 0.16225115740740742 0.4310011574074074 0.057546296296296304 0.047083333333333324