5 0.5790219907407408 0.13394097222222223 0.1674189814814815 0.24586805555555555
4 0.35067708333333336 0.5209895833333333 0.16290509259259256 0.2692013888888889
4 0.3293287037037037 0.16979166666666667 0.3211574074074074 0.33208333333333334
4 0.8602546296296296 0.34875 0.25703703703703695 0.3228472222222223
4 0.8084027777777777 0.931423611111111 0.1667592592592591 0.13715277777777785
6 0.7832870370370371 0.7141666666666666 0.09667824074074076 0.18649305555555545
0 0.6687442129629629 0.22498263888888886 0.10723379629629637 0.13517361111111112
4 0.7231770833333334 0.4027256944444444 0.17442129629629619 0.3475694444444445
3 0.4671875 0.43218750000000006 0.047372685185185226 0.0682291666666666
4 0.4837152777777778 0.23805555555555555 0.13174768518518523 0.2810069444444444
5 0.020451388888888887 0.8628125000000001 0.0287962962962963 0.09125000000000014
0 0.3244444444444444 0.7758333333333333 0.15009259259259258 0.22673611111111108