3 0.619375 0.09358796296296296 0.1342245370370371 0.1550462962962963
3 0.629832175925926 0.40012731481481484 0.1520023148148148 0.12251157407407405
3 0.7641550925925926 0.3247395833333333 0.09188657407407401 0.09663194444444442
3 0.909693287037037 0.13462384259259258 0.17511574074074082 0.11192129629629628
3 0.4681828703703704 0.7119328703703703 0.20873842592592595 0.2451736111111112
3 0.6391145833333333 0.7199363425925925 0.11303240740740747 0.12505787037037025
3 0.5565277777777778 0.5264409722222222 0.1418171296296297 0.2004513888888889
3 0.05493634259259259 0.7931481481481482 0.10987268518518518 0.24879629629629624
3 0.47098958333333335 0.9073726851851852 0.13793981481481482 0.1223032407407409
3 0.609548611111111 0.9000462962962963 0.1664930555555557 0.1898842592592594
3 0.5025925925925926 0.9707523148148148 0.1019444444444444 0.05849537037037038
3 0.9222337962962964 0.6873958333333333 0.08973379629629648 0.1293981481481481
3 0.7746932870370371 0.7868171296296296 0.10195601851851847 0.12020833333333343
3 0.9031770833333332 0.829363425925926 0.044594907407407194 0.08187500000000014
3 0.6778298611111111 0.31017361111111114 0.08843749999999986 0.0856481481481481
6 0.12266782407407409 0.3401793981481481 0.24533564814814818 0.2599074074074075