0 0.5437673611111111 0.6457581018518519 0.21670138888888885 0.13125
5 0.4151736111111111 0.21794560185185183 0.17006944444444444 0.10122685185185185
5 0.7224131944444444 0.07363425925925926 0.29892361111111115 0.14726851851851852
5 0.3232291666666667 0.07436342592592593 0.31604166666666667 0.14872685185185186
0 0.8515104166666667 0.8559085648148148 0.22809027777777757 0.1766319444444445
5 0.5275694444444444 0.957494212962963 0.20027777777777783 0.07802083333333343
0 0.7796701388888889 0.18791087962962963 0.34236111111111106 0.1821643518518518
4 0.49034722222222216 0.38920717592592596 0.46055555555555544 0.24083333333333332
2 0.8557638888888889 0.4263310185185185 0.25187500000000007 0.11432870370370374
2 0.6355381944444444 0.7598842592592593 0.45517361111111115 0.22517361111111106
0 0.674045138888889 0.526082175925926 0.13493055555555564 0.08378472222222229
3 0.9502951388888888 0.425630787037037 0.06427083333333314 0.07545138888888889