3 0.04416666666666667 0.31993055555555555 0.08833333333333333 0.19763888888888886
3 0.12562500000000001 0.18881944444444443 0.12572916666666667 0.0821412037037037
3 0.21125 0.23972222222222223 0.08395833333333336 0.08807870370370371
3 0.30161458333333335 0.3132349537037037 0.05499999999999998 0.05194444444444439
3 0.30072916666666666 0.20938657407407407 0.04906249999999997 0.05658564814814815
3 0.32979166666666665 0.45280092592592586 0.11166666666666672 0.10546296296296305
3 0.6050520833333334 0.35315393518518523 0.3783333333333333 0.19333333333333336
3 0.7697395833333334 0.15515625000000002 0.1430208333333333 0.10725694444444445
3 0.09520833333333334 0.8755902777777778 0.19041666666666668 0.24849537037037023
3 0.17473958333333334 0.54140625 0.19791666666666666 0.18106481481481485
3 0.8535416666666666 0.6433564814814815 0.21937500000000015 0.19840277777777793
3 0.9232291666666667 0.17197916666666666 0.10739583333333336 0.20538194444444446
3 0.7738541666666667 0.8547800925925927 0.12708333333333338 0.12587962962962962
3 0.6910937500000001 0.8663252314814816 0.11854166666666668 0.09145833333333328
3 0.6028645833333333 0.8310590277777777 0.096875 0.14127314814814795
3 0.5350520833333333 0.6886631944444445 0.09885416666666665 0.10068287037037038
3 0.6104166666666666 0.5889351851851852 0.09677083333333343 0.06943287037037038
3 0.6965625 0.6437384259259259 0.13187499999999996 0.15090277777777777
3 0.6390104166666667 0.4762789351851852 0.09052083333333343 0.06938657407407404
3 0.48223958333333333 0.8014988425925926 0.08072916666666678 0.06306712962962954