5 0.9539409722222223 0.46171875 0.0921180555555555 0.13269675925925933
5 0.8592534722222223 0.39122106481481483 0.17309027777777786 0.13004629629629622
5 0.40796875000000005 0.9447916666666668 0.1347569444444444 0.09143518518518548
5 0.12368055555555557 0.21835648148148148 0.18090277777777777 0.3410763888888889
4 0.09050347222222223 0.519537037037037 0.16600694444444447 0.37342592592592594
5 0.6580034722222223 0.48161458333333335 0.14031249999999992 0.2009027777777778
5 0.6830902777777779 0.7662152777777778 0.20496527777777765 0.229363425925926
6 0.8473263888888889 0.7691666666666667 0.14357638888888893 0.20724537037037044
4 0.4682291666666667 0.45518518518518525 0.3055902777777778 0.4009837962962962
5 0.907170138888889 0.225630787037037 0.17347222222222242 0.28776620370370376
6 0.7162152777777778 0.22972222222222222 0.3824305555555556 0.45944444444444443
2 0.2760763888888889 0.9197743055555556 0.10145833333333334 0.13885416666666686
1 0.14338541666666665 0.8939988425925925 0.15767361111111114 0.20922453703703708
0 0.21118055555555557 0.11022569444444444 0.12996527777777783 0.15687500000000001
1 0.3271527777777778 0.29832175925925924 0.06965277777777779 0.11292824074074073