6 0.22795138888888888 0.18853587962962964 0.45590277777777777 0.3614467592592593
6 0.5453472222222222 0.11283564814814814 0.3530555555555555 0.21446759259259257
0 0.7268576388888889 0.02171296296296296 0.22440972222222227 0.02518518518518519
5 0.8254166666666667 0.4953587962962963 0.31666666666666676 0.2389120370370371
4 0.28684027777777776 0.3708969907407408 0.19666666666666668 0.13876157407407402
5 0.7055555555555555 0.6593171296296296 0.15493055555555557 0.11315972222222222
5 0.6275520833333333 0.7433738425925925 0.1 0.07174768518518526
0 0.6284722222222221 0.3884664351851852 0.11909722222222215 0.079837962962963
6 0.6472743055555557 0.19408564814814816 0.0952430555555555 0.07011574074074076
6 0.7386631944444444 0.21342013888888892 0.08395833333333336 0.062141203703703685
6 0.70703125 0.32708912037037036 0.07607638888888886 0.06046296296296294
6 0.8071006944444445 0.3973668981481481 0.140625 0.07234953703703706