6 0.7008854166666667 0.7416493055555555 0.2799999999999999 0.31513888888888886
6 0.898125 0.8931249999999998 0.09708333333333315 0.14569444444444457
6 0.9310937499999999 0.6215798611111112 0.0703125 0.18878472222222237
6 0.9381770833333334 0.4566493055555556 0.07552083333333356 0.14989583333333342
6 0.8184374999999999 0.5744791666666667 0.19645833333333335 0.2321527777777778
6 0.8095833333333333 0.6955555555555556 0.11156250000000015 0.1756597222222222
2 0.14364583333333333 0.27468750000000003 0.1833333333333333 0.3161111111111111
2 0.3852083333333334 0.8939236111111111 0.16937499999999997 0.21215277777777786
2 0.39619791666666665 0.7466145833333333 0.13666666666666671 0.17777777777777767
6 0.57328125 0.4023784722222222 0.27875000000000016 0.4134027777777778
6 0.7681770833333333 0.15477430555555555 0.30114583333333333 0.2812847222222222
6 0.7104166666666667 0.9272916666666667 0.16187500000000005 0.134652777777778
6 0.53578125 0.9361371527777778 0.11374999999999993 0.12772569444444457
4 0.3278645833333333 0.6214756944444444 0.11166666666666672 0.20062500000000014
4 0.13333333333333336 0.9429513888888887 0.121875 0.11409722222222243
5 0.070234375 0.6226388888888889 0.14046875 0.2078125
5 0.13984375 0.7424826388888889 0.12322916666666668 0.1400347222222223
5 0.05791666666666666 0.8974652777777777 0.11583333333333332 0.20506944444444458
4 0.25901041666666663 0.09338541666666667 0.26625 0.15569444444444444