6 0.6130034722222222 0.56484375 0.17603009259259253 0.35
6 0.2422974537037037 0.82890625 0.2024537037037037 0.33125
6 0.06704282407407407 0.8296875 0.13408564814814813 0.315625
5 0.9383738425925927 0.83125 0.10093749999999986 0.3375
5 0.8713888888888889 0.4875 0.20894675925925946 0.3640625
5 0.5530092592592593 0.859375 0.1489583333333334 0.28125
5 0.45846064814814813 0.75625 0.21069444444444443 0.178125
5 0.4727256944444445 0.09609375 0.110798611111111 0.1921875
5 0.43508101851851855 0.3265625 0.10924768518518527 0.19375
4 0.17864004629629632 0.35234375 0.06493055555555553 0.1171875
4 0.29162037037037036 0.39296875 0.0903356481481481 0.171875