6 0.6279918981481482 0.8335243055555555 0.101423611111111 0.19663194444444443
5 0.8889120370370371 0.4025347222222222 0.08226851851851862 0.14111111111111113
6 0.588125 0.00935763888888889 0.12062500000000007 0.01871527777777778
5 0.40003472222222225 0.8210069444444444 0.07450231481481477 0.147013888888889
6 0.21975115740740742 0.1714236111111111 0.22019675925925924 0.20503472222222224
6 0.665335648148148 0.6420833333333333 0.08700231481481495 0.14756944444444448
6 0.512337962962963 0.11222222222222222 0.15953703703703717 0.22444444444444445
5 0.7732986111111112 0.8278472222222222 0.07893518518518512 0.11284722222222214
5 0.9308101851851852 0.6505902777777777 0.058796296296296194 0.13538194444444435
6 0.4819212962962963 0.942326388888889 0.11303240740740747 0.07687499999999972
6 0.21553819444444447 0.42387152777777776 0.11398148148148142 0.20500000000000007
6 0.09417824074074074 0.570625 0.10380787037037036 0.09677083333333343
6 0.49785300925925924 0.47848958333333336 0.13312500000000008 0.25895833333333335
5 0.1239525462962963 0.7684548611111112 0.07585648148148146 0.11895833333333314
5 0.6861516203703704 0.36234374999999996 0.13842592592592595 0.34197916666666667
5 0.8697048611111111 0.8868229166666666 0.07278935185185205 0.12663194444444414
6 0.06202546296296296 0.9047569444444445 0.11699074074074076 0.1895138888888887
6 0.19162037037037039 0.27888888888888885 0.09314814814814816 0.1337847222222223
6 0.3389699074074074 0.5246006944444443 0.09021990740740744 0.16020833333333329
6 0.30928819444444444 0.31427083333333333 0.07748842592592595 0.1284027777777778
6 0.5897395833333333 0.5150173611111111 0.13010416666666663 0.27288194444444436
6 0.4735763888888889 0.8036805555555555 0.11208333333333335 0.15961805555555558
6 0.48739583333333336 0.7304340277777778 0.09768518518518512 0.11368055555555542
5 0.40385416666666674 0.51625 0.047395833333333214 0.07239583333333321
5 0.41985532407407405 0.5702083333333333 0.06001157407407405 0.08857638888888886
3 0.7390104166666667 0.2904861111111111 0.06131944444444457 0.05427083333333336
6 0.8008391203703704 0.48376736111111107 0.10255787037037045 0.13888888888888892
5 0.7172627314814815 0.6960069444444444 0.06809027777777779 0.124861111111111
5 0.9421064814814816 0.8125347222222221 0.06532407407407419 0.173159722222222
4 0.9640335648148148 0.4882291666666667 0.06517361111111128 0.15284722222222236
5 0.9362731481481482 0.2293923611111111 0.11971064814814839 0.3458333333333333