1 0.34765625 0.9399884259259259 0.096875 0.11068287037037053
5 0.9265625 0.5758912037037037 0.146875 0.17935185185185176
0 0.0703125 0.7505208333333333 0.096875 0.17162037037037034
4 0.82578125 0.1900925925925926 0.2953125 0.33999999999999997
5 0.5359375 0.8455671296296297 0.1296875 0.24915509259259244
5 0.32109375 0.4329513888888889 0.1515625 0.27480324074074075
0 0.1859375 0.8414467592592592 0.10625 0.17033564814814817
5 0.66640625 0.9046730324074075 0.121875 0.1906539351851851
3 0.27578125 0.7722337962962963 0.1109375 0.137662037037037
5 0.66875 0.6448148148148147 0.1421875 0.2167129629629631
5 0.45078125 0.9550520833333334 0.1140625 0.08989583333333329
5 0.05 0.2655439814814815 0.1 0.196712962962963
5 0.23984375 0.09460648148148149 0.115625 0.12061342592592592
5 0.90703125 0.74875 0.09375 0.17465277777777768
5 0.74140625 0.7719675925925926 0.1015625 0.17019675925925917
5 0.6765625 0.30754629629629626 0.2328125 0.22408564814814813