5 0.95640625 0.12965856481481483 0.08718749999999993 0.14753472222222222
5 0.9785937499999999 0.29905092592592597 0.04281250000000014 0.20979166666666665
5 0.60234375 0.3707233796296296 0.13531250000000003 0.2258912037037037
5 0.9760416666666668 0.046684027777777776 0.04791666666666643 0.04568287037037037
4 0.2772395833333333 0.7350289351851851 0.30614583333333323 0.44579861111111113
2 0.7684895833333333 0.8580150462962963 0.1369791666666666 0.2743171296296296
1 0.6709895833333334 0.6734895833333333 0.15625 0.23541666666666677
1 0.65296875 0.942505787037037 0.17739583333333328 0.10751157407407419
6 0.4484375 0.20771990740740742 0.1476041666666667 0.2228587962962963
6 0.3628645833333334 0.23727430555555556 0.10250000000000004 0.20222222222222222
6 0.5014062499999999 0.05451967592592592 0.06843749999999993 0.10903935185185185
6 0.548125 0.13194444444444445 0.12156249999999993 0.20704861111111109
6 0.4681770833333333 0.4803645833333333 0.09322916666666661 0.13343749999999996
6 0.37609375 0.5295081018518518 0.18468750000000006 0.31059027777777787
2 0.7948437500000001 0.12777199074074075 0.06260416666666657 0.07230324074074072
2 0.8068229166666667 0.26056134259259256 0.07239583333333321 0.12547453703703706
5 0.8336979166666666 0.08918402777777779 0.07875000000000014 0.15050925925925926
1 0.8123437499999999 0.4957928240740741 0.09447916666666671 0.15218749999999998
0 0.9455729166666668 0.5657581018518518 0.10885416666666643 0.2869560185185186
1 0.9467708333333335 0.9370543981481483 0.10645833333333314 0.11353009259259253
5 0.9195833333333333 0.8146875 0.10916666666666686 0.1616666666666667
5 0.8967708333333334 0.3200810185185185 0.08020833333333358 0.10210648148148146
5 0.8844270833333333 0.1349247685185185 0.06218749999999993 0.08947916666666664
5 0.8957291666666667 0.05824074074074074 0.09135416666666671 0.08188657407407407
5 0.748125 0.31805555555555554 0.06697916666666667 0.16135416666666663
4 0.6411458333333333 0.07364004629629631 0.12541666666666665 0.14728009259259262