3 0.48158564814814814 0.19348958333333335 0.1528356481481481 0.18390046296296295
3 0.3474189814814815 0.13316550925925924 0.14353009259259258 0.13215277777777779
3 0.1799189814814815 0.6353414351851852 0.1017824074074074 0.08568287037037034
3 0.1018287037037037 0.6588541666666666 0.06583333333333333 0.058101851851851904
3 0.7129282407407407 0.1987789351851852 0.08827546296296304 0.0946412037037037
3 0.6424074074074074 0.2530381944444445 0.060509259259259277 0.07354166666666676
3 0.926255787037037 0.30997106481481485 0.12211805555555558 0.13931712962962967
3 0.7488194444444444 0.6232407407407408 0.07944444444444443 0.07722222222222222
3 0.638431712962963 0.8351909722222223 0.08431712962962959 0.08048611111111122
3 0.2377314814814815 0.7427083333333334 0.07401620370370372 0.06458333333333321
1 0.488443287037037 0.06456018518518518 0.09186342592592603 0.10254629629629627
3 0.31516203703703705 0.6510879629629629 0.08936342592592598 0.06035879629629619
3 0.555150462962963 0.6425462962962963 0.07226851851851848 0.06141203703703706
3 0.15258680555555554 0.9248842592592592 0.056180555555555546 0.053136574074073906
3 0.2234085648148148 0.9183738425925927 0.0577430555555555 0.05318287037037024
3 0.6081655092592593 0.8969039351851851 0.04956018518518519 0.04670138888888893
3 0.5961342592592592 0.9804108796296298 0.05075231481481488 0.03917824074074048
3 0.13435185185185183 0.5854687500000001 0.08339120370370372 0.06486111111111122
3 0.4600173611111112 0.7555555555555555 0.08670138888888879 0.0680787037037037