4 0.2421875 0.80234375 0.33203125 0.2078125
4 0.13828125 0.96796875 0.1234375 0.06328125
4 0.46171875 0.94921875 0.16796875 0.1015625
4 0.5984375 0.9171875 0.140625 0.08671875
4 0.71484375 0.95234375 0.1328125 0.09453125
6 0.4640625 0.59921875 0.32265625 0.18359375
6 0.7046875 0.64921875 0.2296875 0.159375
4 0.72890625 0.3828125 0.17265625 0.1015625
4 0.6171875 0.40546875 0.12578125 0.08828125
6 0.81171875 0.5296875 0.2125 0.11171875
0 0.33984375 0.23671875 0.22421875 0.11328125
5 0.5625 0.17578125 0.2796875 0.15625