2 0.9369386574074074 0.5394618055555556 0.12116898148148145 0.3318402777777777
6 0.1046875 0.2328125 0.209375 0.46548611111111116
2 0.26692129629629624 0.5753298611111111 0.14045138888888892 0.1936805555555555
2 0.1520775462962963 0.7812326388888889 0.14104166666666665 0.2733680555555555
6 0.3894560185185185 0.2806770833333333 0.16758101851851856 0.27142361111111113
6 0.0655787037037037 0.629548611111111 0.1311574074074074 0.3903472222222222
5 0.8977546296296296 0.7651388888888888 0.12233796296296298 0.2787847222222222
5 0.9525347222222222 0.8605729166666667 0.06432870370370374 0.24965277777777786
4 0.7334085648148149 0.5851215277777777 0.1862962962962964 0.2675694444444446
4 0.4136458333333334 0.07465277777777778 0.11020833333333328 0.1173611111111111
5 0.5234548611111112 0.44293402777777774 0.10195601851851847 0.26850694444444445