4 0.4332986111111111 0.5607465277777777 0.33984953703703696 0.48589120370370364
0 0.609849537037037 0.6911516203703704 0.0935300925925926 0.18156250000000007
3 0.5846064814814815 0.8952719907407406 0.039016203703703664 0.0615046296296299
5 0.8730613425925926 0.3971585648148148 0.2538773148148149 0.4644444444444445
5 0.20416666666666666 0.46772569444444445 0.2540393518518519 0.42317129629629624
2 0.07586805555555556 0.4718055555555555 0.1188425925925926 0.309236111111111
1 0.3237268518518518 0.17495370370370372 0.1374421296296296 0.1872800925925926
1 0.19661458333333334 0.08174768518518519 0.1330439814814815 0.1325
6 0.03939814814814815 0.09891203703703703 0.07733796296296296 0.16969907407407409
6 0.045231481481481484 0.21141203703703706 0.07523148148148148 0.12907407407407412
2 0.7466319444444445 0.8732349537037039 0.11517361111111128 0.2535300925925924