6 0.75 0.83515625 0.2890625 0.2140625
6 0.90859375 0.91875 0.1828125 0.1625
6 0.34765625 0.8046875 0.2796875 0.190625
6 0.40859375 0.6609375 0.171875 0.11015625
6 0.64765625 0.596875 0.24921875 0.0953125
4 0.36171875 0.55 0.265625 0.15546875
0 0.73125 0.42421875 0.29375 0.09375
0 0.16328125 0.36328125 0.071875 0.03984375
0 0.1125 0.39140625 0.0453125 0.0375
0 0.259375 0.4296875 0.08046875 0.03828125
1 0.43359375 0.40390625 0.09765625 0.0375
1 0.35078125 0.43515625 0.04296875 0.03125
2 0.078125 0.4890625 0.0578125 0.0453125
0 0.3390625 0.0984375 0.203125 0.10078125
0 0.66875 0.2203125 0.19609375 0.115625
3 0.80078125 0.1453125 0.0578125 0.071875
5 0.959375 0.5046875 0.08125 0.06796875
4 0.81484375 0.49140625 0.11015625 0.04921875
6 0.80625 0.67734375 0.09140625 0.0515625
4 0.34375 0.3578125 0.1890625 0.13046875
1 0.21171875 0.3078125 0.10078125 0.0515625
6 0.14921875 0.61015625 0.09765625 0.0703125
6 0.075 0.575 0.090625 0.08125
6 0.79375 0.56328125 0.1375 0.078125
6 0.62265625 0.34296875 0.13828125 0.06953125
5 0.94140625 0.1109375 0.11640625 0.090625