3 0.8989178240740742 0.08220486111111111 0.06866898148148123 0.05248842592592593
3 0.902332175925926 0.125 0.05947916666666657 0.05839120370370372
3 0.885798611111111 0.18258101851851852 0.043206018518518616 0.0359375
3 0.8472048611111112 0.14186921296296295 0.04670138888888893 0.048553240740740744
3 0.7875347222222222 0.12769097222222223 0.07519675925925924 0.06209490740740744
3 0.7851388888888888 0.05052083333333333 0.08200231481481471 0.08107638888888888
3 0.7412037037037037 0.2690972222222222 0.06476851851851854 0.07887731481481489
3 0.6734490740740741 0.2380497685185185 0.06274305555555557 0.06319444444444447
3 0.6664756944444445 0.07832754629629629 0.057916666666666575 0.05833333333333333
3 0.3811689814814815 0.04563078703703703 0.127824074074074 0.09126157407407406
3 0.12383680555555557 0.27167245370370374 0.18280092592592592 0.16440972222222222
3 0.008697916666666666 0.1597800925925926 0.017395833333333333 0.1241898148148148
3 0.13274305555555554 0.4188368055555555 0.10079861111111113 0.0833333333333334
3 0.042887731481481485 0.39276620370370374 0.08577546296296297 0.14884259259259255
3 0.16923611111111111 0.637962962962963 0.33847222222222223 0.3130208333333334
3 0.28975694444444444 0.8086805555555555 0.08034722222222221 0.0778935185185187
3 0.37357060185185187 0.6401331018518519 0.08402777777777767 0.09675925925925917
3 0.35380787037037037 0.5433159722222223 0.08172453703703705 0.07170138888888893
3 0.33877314814814813 0.47129629629629627 0.07207175925925924 0.061979166666666606
3 0.48351851851851857 0.8537905092592591 0.14060185185185184 0.10978009259259239
2 0.789074074074074 0.33912037037037035 0.16626157407407405 0.18564814814814817
2 0.9429745370370369 0.5706597222222223 0.08293981481481509 0.16539351851851852
3 0.39780671296296294 0.24357638888888888 0.06633101851851846 0.0789351851851852