5 0.6359259259259259 0.33567708333333335 0.11396990740740734 0.21689814814814817
5 0.4328009259259259 0.11061921296296295 0.11872685185185183 0.16591435185185185
6 0.7196064814814814 0.3302083333333333 0.12121527777777778 0.18165509259259266
5 0.9524942129629629 0.17042824074074076 0.09501157407407419 0.0916666666666667
4 0.7000925925925927 0.5784432870370371 0.22653935185185184 0.383912037037037
5 0.32477430555555553 0.663425925925926 0.06880787037037042 0.13732638888888893
5 0.2012326388888889 0.626273148148148 0.11192129629629628 0.15607638888888892
6 0.9546759259259259 0.31958912037037035 0.09064814814814817 0.19021990740740735
5 0.5710648148148149 0.18619791666666669 0.11618055555555565 0.22795138888888888
6 0.9032581018518518 0.8339988425925926 0.19348379629629625 0.3320023148148149
6 0.8892708333333333 0.43689236111111107 0.10383101851851854 0.15081018518518513
6 0.8168460648148148 0.4354166666666667 0.07402777777777772 0.09415509259259255
6 0.8231249999999999 0.7120081018518518 0.087638888888889 0.11383101851851851
6 0.7434664351851852 0.7722222222222223 0.04369212962962976 0.08101851851851852
6 0.541869212962963 0.3629340277777778 0.08248842592592602 0.10567129629629637
6 0.5966956018518518 0.36932870370370374 0.06466435185185197 0.11990740740740743
3 0.6130960648148148 0.25231481481481477 0.05396990740740755 0.04444444444444447
3 0.2641030092592593 0.21712962962962962 0.0409143518518519 0.03414351851851851
3 0.3120486111111111 0.14678819444444446 0.05103009259259261 0.04733796296296298
3 0.39237268518518514 0.2421875 0.04578703703703706 0.03761574074074074
3 0.3702025462962963 0.19620949074074073 0.04734953703703706 0.03773148148148149
5 0.48931712962962964 0.30303819444444446 0.06879629629629633 0.11087962962962958
3 0.7525925925925925 0.2043113425925926 0.05543981481481488 0.04299768518518521
1 0.3012615740740741 0.06976273148148149 0.1056481481481482 0.1027199074074074
1 0.2107349537037037 0.07783564814814814 0.09334490740740745 0.13136574074074076
6 0.6174768518518519 0.496875 0.07523148148148148 0.11446759259259257
2 0.5429976851851852 0.6313657407407407 0.07540509259259257 0.0911458333333334
6 0.7291145833333333 0.1100115740740741 0.10398148148148145 0.07459490740740744
4 0.43221643518518515 0.35014467592592596 0.07606481481481495 0.12853009259259257