3 0.7194733796296295 0.8006770833333334 0.13061342592592595 0.1552662037037038
3 0.24916087962962963 0.31484375 0.49832175925925926 0.6296875
3 0.1234375 0.9254861111111111 0.17054398148148148 0.13771990740740742
3 0.17934027777777778 0.7666261574074074 0.0789351851851852 0.06633101851851855
3 0.06704282407407408 0.6909606481481482 0.07800925925925928 0.041331018518518545
3 0.18541666666666667 0.5294675925925926 0.12731481481481483 0.06620370370370363
3 0.3936631944444445 0.7884317129629629 0.1856481481481481 0.08197916666666671
3 0.6439236111111111 0.3234837962962963 0.09623842592592595 0.1542476851851852
3 0.6661168981481481 0.08848958333333333 0.09473379629629619 0.17697916666666666
3 0.8169560185185185 0.1807060185185185 0.1366319444444443 0.1913425925925926
3 0.19155092592592596 0.6739756944444444 0.1403935185185185 0.08219907407407412
3 0.12086226851851851 0.560318287037037 0.0953125 0.044965277777777854
3 0.29701967592592593 0.6919675925925926 0.10115740740740745 0.07635416666666668
3 0.3542824074074074 0.6542939814814815 0.08848379629629628 0.11343749999999986
3 0.4306423611111111 0.646556712962963 0.07737268518518511 0.10842592592592588
3 0.43203125 0.8952256944444444 0.16626157407407405 0.19065972222222208
3 0.5287326388888889 0.9510185185185186 0.1572337962962962 0.07333333333333343
2 0.9356481481481481 0.8105092592592593 0.12870370370370382 0.2336226851851851
2 0.943995949074074 0.2987384259259259 0.11200810185185191 0.20820601851851855
2 0.24024884259259255 0.9540914351851851 0.09357638888888893 0.08237268518518519
0 0.2315104166666667 0.8870891203703704 0.08744212962962958 0.16959490740740718