5 0.13784722222222223 0.7763541666666667 0.19020833333333337 0.16729166666666656
5 0.6243113425925927 0.7095312500000001 0.18672453703703695 0.11864583333333342
5 0.5900578703703704 0.09692708333333333 0.22166666666666668 0.19385416666666666
5 0.41656250000000006 0.009114583333333332 0.11437500000000007 0.018229166666666664
4 0.15463541666666666 0.93234375 0.1897222222222222 0.10166666666666657
6 0.3690335648148148 0.75234375 0.3202199074074074 0.21968749999999987
4 0.9070023148148149 0.8853125000000001 0.16018518518518549 0.11999999999999993
4 0.8287847222222222 0.47375 0.34243055555555557 0.30270833333333336
4 0.6526909722222223 0.5309895833333333 0.19759259259259263 0.11000000000000014
6 0.2052951388888889 0.38494791666666667 0.2804282407407407 0.11864583333333326
5 0.6209722222222223 0.25875 0.22906250000000003 0.14177083333333335
5 0.10026620370370372 0.13479166666666667 0.1697337962962963 0.14406250000000004
5 0.14847800925925927 0.20661458333333335 0.2694560185185185 0.11322916666666671
0 0.37953125 0.27015625 0.16487268518518522 0.1203125
5 0.5658969907407407 0.31557291666666665 0.3334027777777777 0.10187499999999998
6 0.1685474537037037 0.4890104166666667 0.16309027777777776 0.09052083333333343