5 0.8892881944444444 0.566875 0.12658564814814782 0.11447916666666665
5 0.4491145833333333 0.5001041666666667 0.11978009259259252 0.0953125
5 0.5712962962962963 0.22911458333333332 0.23083333333333336 0.21187500000000004
4 0.2517534722222222 0.26005208333333335 0.5033217592592593 0.5138541666666667
5 0.47381365740740744 0.07057291666666667 0.35700231481481487 0.10177083333333334
0 0.8120949074074073 0.40890624999999997 0.295451388888889 0.2348958333333334
4 0.7090914351851852 0.32718749999999996 0.1572337962962962 0.09625000000000003
5 0.49289351851851854 0.4250520833333333 0.11021990740740754 0.08843749999999986
5 0.5531770833333333 0.4859895833333333 0.09045138888888893 0.05281249999999993
3 0.3293113425925926 0.7197916666666666 0.04656250000000002 0.04520833333333343
4 0.7162789351851853 0.6223958333333333 0.11730324074074083 0.11697916666666668
4 0.9589062500000001 0.8733333333333334 0.08218749999999986 0.10854166666666672
5 0.920277777777778 0.744375 0.1051157407407409 0.07406250000000014
5 0.788888888888889 0.7309375 0.09849537037037023 0.06114583333333332
2 0.20252314814814812 0.7300520833333334 0.2009490740740741 0.1506249999999998
5 0.47380208333333335 0.8596354166666667 0.09587962962962955 0.078125
5 0.40377893518518515 0.9173437499999999 0.11582175925925924 0.06697916666666685
5 0.5803935185185185 0.8519270833333333 0.11572916666666658 0.06385416666666685
5 0.6800115740740742 0.8983333333333334 0.11775462962962954 0.07958333333333342
5 0.6377141203703705 0.8128645833333333 0.12846064814814823 0.07250000000000015
5 0.545306712962963 0.7466666666666667 0.1175694444444444 0.07333333333333343
5 0.7791666666666666 0.8238541666666667 0.14082175925925924 0.06864583333333343
4 0.29072337962962963 0.47005208333333337 0.14422453703703705 0.07822916666666657
5 0.4180439814814815 0.7935416666666667 0.10824074074074072 0.07427083333333329
0 0.33010995370370366 0.7993750000000001 0.08282407407407408 0.058541666666666714