4 0.0875 0.95234375 0.17421875 0.0953125
0 0.3796875 0.25078125 0.17421875 0.0984375
0 0.059375 0.37421875 0.11796875 0.06953125
5 0.4453125 0.4125 0.1015625 0.065625
2 0.89375 0.65625 0.21171875 0.13828125
5 0.71953125 0.25546875 0.1515625 0.11328125
0 0.9296875 0.1921875 0.09609375 0.0875
2 0.84765625 0.275 0.18125 0.0765625
0 0.28203125 0.340625 0.18359375 0.1203125
0 0.1 0.14453125 0.165625 0.1203125
0 0.23828125 0.07265625 0.1109375 0.059375
4 0.46953125 0.5875 0.3234375 0.17578125
2 0.2078125 0.728125 0.12421875 0.06640625
2 0.10078125 0.73359375 0.20078125 0.1578125
4 0.140625 0.87265625 0.16171875 0.090625
2 0.4390625 0.9 0.459375 0.2
2 0.796875 0.46953125 0.16015625 0.08828125
4 0.77109375 0.5609375 0.14140625 0.065625
3 0.3796875 0.49453125 0.0921875 0.0359375
1 0.19296875 0.49609375 0.12265625 0.10859375