6 0.1558130787037037 0.48321180555555554 0.3116261574074074 0.5334722222222222
6 0.5891782407407408 0.29609375 0.3435185185185185 0.5921875
6 0.13422453703703704 0.12277777777777776 0.2657291666666667 0.23086805555555556
6 0.017881944444444443 0.14256944444444444 0.03576388888888889 0.23986111111111114
6 0.06877314814814814 0.9444097222222222 0.11173611111111112 0.11027777777777778
6 0.2129224537037037 0.8873090277777778 0.20003472222222224 0.22003472222222237
4 0.6082638888888889 0.8746180555555556 0.1766319444444445 0.2242013888888888
5 0.871736111111111 0.7375347222222223 0.24791666666666642 0.3570138888888888
5 0.9085243055555555 0.5164409722222223 0.17665509259259266 0.2273263888888888
5 0.93828125 0.2955034722222222 0.10887731481481495 0.14614583333333328
5 0.9543344907407407 0.03732638888888889 0.050706018518518546 0.07465277777777778
5 0.9719386574074074 0.18071180555555558 0.03598379629629633 0.21795138888888888
5 0.8141261574074073 0.18421875000000001 0.1612962962962964 0.26291666666666663
4 0.7917650462962963 0.04868055555555555 0.08209490740740737 0.0973611111111111
0 0.7210127314814815 0.6276215277777778 0.190925925925926 0.25576388888888885