5 0.13203125 0.69375 0.140625 0.071875
0 0.503125 0.34140625 0.1703125 0.07578125
5 0.93359375 0.05859375 0.11171875 0.0609375
4 0.6953125 0.590625 0.325 0.15546875
4 0.85390625 0.778125 0.21953125 0.1484375
4 0.7875 0.88984375 0.20703125 0.10859375
6 0.6125 0.9578125 0.265625 0.08359375
6 0.51328125 0.8296875 0.29921875 0.2140625
4 0.3796875 0.69609375 0.259375 0.1515625
4 0.27890625 0.575 0.2484375 0.15078125
2 0.35 0.36640625 0.1234375 0.0828125
5 0.55625 0.05703125 0.3203125 0.1140625
5 0.11640625 0.11953125 0.23203125 0.23125
5 0.29140625 0.06171875 0.14296875 0.12265625
5 0.30703125 0.14765625 0.13046875 0.0421875
5 0.5015625 0.14375 0.11796875 0.04140625
5 0.42421875 0.2359375 0.1453125 0.11796875
5 0.55546875 0.20703125 0.13125 0.06328125
5 0.91953125 0.2875 0.1609375 0.1171875
5 0.57421875 0.40625 0.196875 0.0625
5 0.559375 0.2921875 0.121875 0.07421875
4 0.14140625 0.578125 0.20703125 0.09765625
0 0.06640625 0.34921875 0.1328125 0.0453125