4 0.8738715277777779 0.3555729166666667 0.24739583333333356 0.39093750000000005
5 0.1831423611111111 0.24380208333333334 0.18583333333333335 0.21833333333333335
0 0.030243055555555554 0.91140625 0.06048611111111111 0.16427083333333314
1 0.051484375000000006 0.07692708333333334 0.10296875000000001 0.13958333333333334
5 0.20154513888888886 0.8838541666666666 0.1975347222222222 0.23229166666666679
1 0.2603298611111111 0.11515625 0.09680555555555559 0.14375
0 0.6086111111111111 0.14541666666666667 0.12340277777777775 0.21729166666666666
0 0.4955902777777778 0.19656250000000003 0.05097222222222229 0.11729166666666666
3 0.71796875 0.2591145833333333 0.03788194444444439 0.08989583333333329
3 0.9721354166666668 0.08828125 0.03697916666666643 0.04927083333333333
2 0.6136284722222223 0.6942187499999999 0.11069444444444443 0.20708333333333329