0 0.7378472222222221 0.18518518518518517 0.33327546296296295 0.19872685185185185
5 0.9345486111111111 0.7860532407407408 0.13090277777777787 0.21730324074074064
5 0.9578414351851852 0.9433738425925926 0.08431712962962976 0.11325231481481488
5 0.36788194444444444 0.8547164351851851 0.13350694444444447 0.103125
5 0.33865740740740746 0.7328993055555555 0.14901620370370364 0.14467592592592596
0 0.7585358796296295 0.328125 0.14699074074074084 0.0963541666666666
5 0.2782986111111111 0.29565972222222225 0.11712962962962967 0.07083333333333339
0 0.3374710648148148 0.41270254629629627 0.1041666666666666 0.06365740740740744
5 0.2847800925925926 0.4880497685185185 0.1390625 0.09421296296296297
2 0.5123842592592592 0.7076967592592592 0.296412037037037 0.2255208333333334
6 0.7327546296296297 0.8087094907407408 0.2767939814814815 0.14947916666666644
4 0.7996527777777778 0.7258680555555556 0.20839120370370362 0.10711805555555554
6 0.8002604166666666 0.9648726851851851 0.24450231481481488 0.07025462962962976
6 0.13819444444444445 0.8167245370370371 0.16203703703703703 0.08969907407407404
0 0.49317129629629636 0.36440972222222223 0.11145833333333321 0.07818287037037042
4 0.5458912037037037 0.44678819444444445 0.10665509259259257 0.07627314814814809
4 0.595630787037037 0.4994212962962963 0.14126157407407405 0.08194444444444446
2 0.5263599537037036 0.17262731481481483 0.21753472222222214 0.18859953703703702
4 0.2593171296296296 0.12332175925925926 0.11012731481481479 0.08119212962962963
0 0.31657986111111114 0.1936053240740741 0.1166666666666667 0.0645833333333333
6 0.2724247685185185 0.646412037037037 0.14606481481481487 0.08385416666666679