3 0.9368026620370371 0.49328125 0.12639467592592588 0.1082638888888889
3 0.6541550925925925 0.39439236111111114 0.10393518518518512 0.1342939814814815
3 0.7612326388888888 0.2888541666666667 0.08664351851851855 0.07781250000000002
3 0.7831655092592593 0.029048032407407408 0.23300925925925925 0.058096064814814816
3 0.9542071759259259 0.04836805555555555 0.09158564814814837 0.08574074074074074
3 0.9676851851851852 0.20522569444444444 0.06462962962962955 0.16195601851851854
3 0.316875 0.45957175925925925 0.22370370370370374 0.17042824074074084
3 0.3518344907407408 0.2941377314814815 0.11357638888888885 0.09070601851851849
3 0.5152604166666667 0.42849537037037033 0.18752314814814816 0.10898148148148153
3 0.12762731481481482 0.8781828703703705 0.20821759259259257 0.17488425925925916
3 0.1306712962962963 0.40058449074074076 0.1066898148148148 0.12184027777777776
3 0.1737037037037037 0.2702025462962963 0.17121527777777779 0.13841435185185186
3 0.05793402777777777 0.34616898148148145 0.08857638888888889 0.0903356481481481
3 0.45577546296296295 0.03379050925925926 0.12092592592592588 0.06758101851851853
3 0.3240219907407408 0.1468287037037037 0.10861111111111103 0.08126157407407408
3 0.316869212962963 0.013576388888888888 0.08061342592592595 0.027152777777777776
3 0.7520601851851852 0.3749652777777778 0.07409722222222222 0.07606481481481486
6 0.5790104166666666 0.8918171296296297 0.22936342592592585 0.20331018518518534