4 0.0875 0.25078125 0.175 0.14296875
4 0.36640625 0.0734375 0.32890625 0.146875
2 0.07890625 0.71328125 0.1578125 0.11953125
0 0.865625 0.1609375 0.26796875 0.1859375
5 0.75546875 0.0234375 0.109375 0.04609375
0 0.7609375 0.08828125 0.13984375 0.07421875
1 0.5171875 0.35703125 0.0671875 0.03984375
2 0.371875 0.296875 0.096875 0.05625
4 0.1296875 0.42890625 0.25859375 0.10390625
5 0.23359375 0.6875 0.13671875 0.05625
5 0.053125 0.62734375 0.10546875 0.06015625
4 0.065625 0.9203125 0.13046875 0.15859375
4 0.25078125 0.95 0.12265625 0.06171875
4 0.2671875 0.878125 0.1453125 0.09140625
0 0.8765625 0.5640625 0.246875 0.15859375
5 0.80234375 0.44921875 0.14453125 0.0859375
4 0.0546875 0.10234375 0.109375 0.14453125
5 0.17890625 0.15 0.17734375 0.090625
5 0.8171875 0.6953125 0.16640625 0.1015625
5 0.409375 0.57734375 0.1625 0.1125