6 0.17069444444444443 0.35901041666666667 0.3406944444444444 0.7069791666666666
6 0.11262152777777779 0.8986805555555556 0.13552083333333337 0.20249999999999985
2 0.7480555555555556 0.7947222222222223 0.09982638888888892 0.313136574074074
5 0.93265625 0.9215219907407407 0.10378472222222221 0.12104166666666671
6 0.3548090277777778 0.053315972222222216 0.17972222222222226 0.10663194444444443
5 0.9252430555555555 0.03743055555555556 0.12548611111111113 0.07486111111111111
5 0.8094791666666665 0.14041087962962964 0.23770833333333313 0.2808217592592593
4 0.5658159722222222 0.12319444444444443 0.14743055555555565 0.22445601851851854
6 0.4184722222222222 0.16648726851851853 0.17472222222222236 0.20591435185185186
6 0.5763715277777777 0.7827083333333335 0.12604166666666677 0.23523148148148146
4 0.6174131944444444 0.8972858796296297 0.08517361111111103 0.1943171296296299