3 0.6924131944444445 0.6400115740740742 0.07840277777777782 0.07878472222222221
3 0.619375 0.9435995370370371 0.12687500000000007 0.1128009259259258
3 0.5809722222222222 0.7833912037037036 0.1570486111111112 0.12792824074074077
3 0.6246527777777777 0.6426851851851852 0.08097222222222218 0.06637731481481488
3 0.5373090277777778 0.6962731481481481 0.07159722222222217 0.06609953703703705
3 0.3914236111111111 0.6966319444444444 0.0764930555555555 0.07092592592592588
3 0.33423611111111107 0.7792013888888889 0.11006944444444447 0.08908564814814816
3 0.36416666666666664 0.5748900462962963 0.05888888888888886 0.06104166666666675
3 0.35345486111111113 0.491869212962963 0.06065972222222218 0.06577546296296291
3 0.26958333333333334 0.6586921296296296 0.09378472222222226 0.10888888888888885
3 0.3903819444444444 0.39231481481481484 0.0531944444444445 0.07335648148148141
3 0.46586805555555555 0.37036458333333333 0.11274305555555557 0.11413194444444441
3 0.5628993055555556 0.3943055555555556 0.14194444444444443 0.10407407407407412
3 0.25126736111111114 0.018368055555555554 0.055659722222222284 0.023495370370370368
3 0.034045138888888896 0.5026909722222223 0.0265625 0.07100694444444447