3 0.9314641203703704 0.6901909722222221 0.1370717592592591 0.3828125
3 0.9480034722222221 0.38428819444444445 0.09145833333333328 0.11451388888888889
3 0.6598553240740741 0.39585069444444443 0.11693287037037034 0.17913194444444452
6 0.6792361111111112 0.16506944444444444 0.5303472222222222 0.3117361111111111
3 0.33755208333333336 0.9589756944444445 0.17096064814814813 0.08204861111111086
3 0.5751215277777778 0.9712673611111111 0.12082175925925931 0.05746527777777786
3 0.6627083333333333 0.8864583333333333 0.1633217592592592 0.11454861111111114
3 0.24419560185185185 0.4873784722222222 0.12739583333333337 0.11531249999999993
3 0.04892939814814815 0.5947395833333333 0.08498842592592593 0.08468750000000007
3 0.09130787037037037 0.4105555555555556 0.09746527777777778 0.08184027777777772
3 0.15069444444444444 0.3079861111111111 0.0472800925925926 0.0557291666666667
3 0.11667824074074074 0.2502083333333333 0.11020833333333332 0.11493055555555554
3 0.27640046296296295 0.30062500000000003 0.06449074074074072 0.05923611111111109
3 0.17758680555555556 0.14220486111111114 0.05356481481481481 0.060555555555555515
3 0.30276041666666664 0.06296874999999999 0.11144675925925931 0.07121527777777778
3 0.38058449074074074 0.23498263888888893 0.06292824074074073 0.05920138888888893
3 0.04177083333333333 0.36649305555555556 0.05990740740740741 0.07319444444444442
3 0.7490277777777777 0.41267361111111106 0.09120370370370381 0.0801388888888889
2 0.847355324074074 0.881267361111111 0.30528935185185196 0.2069097222222222
4 0.4682002314814815 0.8790277777777777 0.2002893518518519 0.24194444444444443