3 0.3302141203703704 0.85390625 0.11372685185185186 0.1140625
5 0.3786631944444444 0.31171875 0.147175925925926 0.246875
3 0.28890625000000003 0.675 0.09384259259259257 0.0921875
5 0.9401128472222222 0.615625 0.11977430555555557 0.1859375
5 0.7050578703703703 0.68515625 0.12516203703703715 0.2140625
5 0.14758680555555553 0.0890625 0.20454861111111108 0.178125
4 0.8708391203703704 0.1234375 0.2583217592592593 0.20625
5 0.6537789351851853 0.9015625 0.14614583333333328 0.196875
5 0.5203877314814814 0.8 0.12012731481481467 0.2375
0 0.09002893518518519 0.60625 0.10118055555555554 0.1734375
5 0.924074074074074 0.87109375 0.08328703703703724 0.1296875
5 0.8783622685185186 0.69765625 0.08846064814814839 0.1390625
5 0.7380555555555556 0.23671875 0.2749189814814814 0.209375