5 0.28359375 0.69453125 0.2203125 0.13828125
4 0.5125 0.91796875 0.31953125 0.16328125
5 0.55234375 0.21328125 0.31015625 0.103125
4 0.90546875 0.92109375 0.18828125 0.15703125
4 0.70625 0.7046875 0.33046875 0.1734375
5 0.12890625 0.27734375 0.2578125 0.2359375
5 0.15390625 0.12265625 0.19140625 0.0984375
5 0.25234375 0.08515625 0.19609375 0.09765625
5 0.515625 0.3703125 0.2421875 0.1296875
2 0.32265625 0.4859375 0.109375 0.07265625
4 0.4875 0.471875 0.2 0.0921875
4 0.403125 0.80546875 0.2734375 0.159375
5 0.3078125 0.171875 0.0984375 0.1140625
2 0.51640625 0.9234375 0.33515625 0.15078125