3 0.60984375 0.1446875 0.10295138888888893 0.09675925925925925
3 0.6416724537037037 0.21206597222222223 0.13571759259259258 0.09460648148148146
3 0.647349537037037 0.4091956018518518 0.1012731481481481 0.08890046296296283
3 0.6407928240740741 0.48247106481481483 0.11899305555555557 0.12534722222222214
3 0.48281828703703705 0.1721875 0.13790509259259257 0.1368402777777778
3 0.5281365740740741 0.33141203703703703 0.11262731481481474 0.11734953703703707
3 0.5269965277777777 0.2500925925925926 0.0636111111111111 0.07685185185185191
3 0.4739409722222222 0.45486111111111105 0.2574537037037036 0.29968749999999994
3 0.5321932870370369 0.6379166666666667 0.1102893518518517 0.1703819444444445
3 0.11489004629629629 0.4964641203703703 0.22978009259259258 0.1616782407407406
3 0.23371527777777779 0.26250578703703703 0.17510416666666667 0.11763888888888889
3 0.5805902777777778 0.9058738425925927 0.1149537037037037 0.16895833333333315
3 0.7600231481481481 0.9283854166666666 0.09194444444444443 0.0917476851851852
3 0.8663078703703704 0.929189814814815 0.14686342592592574 0.10899305555555543
3 0.8132407407407408 0.8181944444444443 0.154085648148148 0.17480324074074077
3 0.08065393518518518 0.9379195601851851 0.08153935185185186 0.12416087962962977
3 0.0518287037037037 0.7221643518518518 0.08445601851851851 0.1133912037037037
3 0.005555555555555556 0.5369965277777778 0.011111111111111112 0.042743055555555645
3 0.021163194444444443 0.6290277777777777 0.04150462962962963 0.06057870370370377