2 0.014114583333333333 0.8773263888888888 0.028229166666666666 0.09527777777777757
2 0.13608796296296297 0.6436111111111111 0.27217592592592593 0.5247222222222222
4 0.5255266203703703 0.8873958333333334 0.23149305555555558 0.22520833333333315
3 0.675607638888889 0.6864930555555555 0.08488425925925931 0.07249999999999997
3 0.7382465277777778 0.6705208333333333 0.06594907407407398 0.046666666666666676
3 0.7098032407407407 0.6067361111111111 0.07386574074074073 0.061076388888889
3 0.414542824074074 0.6920833333333334 0.09115740740740748 0.07590277777777779
3 0.8105902777777778 0.5049305555555555 0.08545138888888885 0.14906249999999996
3 0.9092650462962963 0.68828125 0.08640046296296297 0.06631944444444446
3 0.8579282407407408 0.7610243055555556 0.08641203703703723 0.06788194444444447
2 0.9140104166666667 0.25866319444444447 0.1708217592592593 0.28718750000000004
6 0.40133680555555556 0.36482638888888885 0.18202546296296304 0.32361111111111107
6 0.14488425925925924 0.2752777777777778 0.27274305555555556 0.34013888888888894
2 0.5452719907407408 0.3462152777777778 0.07262731481481488 0.1047569444444445
6 0.593130787037037 0.10998263888888889 0.15280092592592603 0.17392361111111115
0 0.7470138888888889 0.75296875 0.2375578703703704 0.4401041666666668
2 0.47486111111111107 0.5673784722222223 0.18041666666666673 0.3172916666666666