3 0.12276041666666666 0.17322337962962964 0.07166666666666668 0.06768518518518514
3 0.1609375 0.2799189814814815 0.12062499999999998 0.1461342592592592
3 0.059375 0.45025462962962964 0.11875 0.1994907407407407
3 0.19473958333333333 0.74140625 0.38947916666666665 0.5171875
3 0.51828125 0.28429976851851857 0.10562500000000004 0.15539351851851854
6 0.8518229166666667 0.5402951388888889 0.25114583333333335 0.4172800925925927
6 0.6866145833333334 0.5586979166666667 0.12385416666666664 0.17114583333333327
6 0.7231770833333334 0.8887326388888889 0.16104166666666658 0.19016203703703702
3 0.5545833333333333 0.5831018518518519 0.07260416666666672 0.08174768518518505
3 0.5650520833333333 0.9648668981481482 0.07531250000000007 0.05209490740740748
3 0.5947916666666667 0.7061805555555556 0.0625 0.04731481481481481
3 0.5126041666666666 0.7325578703703703 0.1036458333333334 0.05542824074074062
3 0.773125 0.10437500000000002 0.06239583333333343 0.06917824074074072
3 0.6961979166666666 0.7780497685185186 0.07635416666666668 0.09114583333333322
4 0.40953125 0.14904513888888887 0.34343749999999995 0.29809027777777775
3 0.4144791666666666 0.42406249999999995 0.0645833333333334 0.07856481481481481
3 0.2633333333333333 0.41893518518518513 0.11749999999999998 0.09925925925925938