5 0.7112037037037038 0.7201099537037037 0.1665046296296296 0.24652777777777785
4 0.9133333333333333 0.4735243055555555 0.17333333333333342 0.352025462962963
5 0.18171296296296297 0.44375 0.1364236111111111 0.3375
4 0.8972569444444446 0.09878472222222223 0.17576388888888914 0.13761574074074073
4 0.6847280092592593 0.2743055555555556 0.21216435185185176 0.36527777777777776
5 0.2843344907407407 0.87109375 0.27184027777777775 0.2578125
5 0.12164930555555556 0.8660590277777779 0.12017361111111109 0.21047453703703703
5 0.08033564814814816 0.7622974537037036 0.10625 0.21464120370370382
5 0.3505844907407408 0.4804398148148148 0.15777777777777774 0.26805555555555555
2 0.487644675925926 0.681394675925926 0.08633101851851847 0.12181712962962976
4 0.4591145833333334 0.5086516203703704 0.114201388888889 0.21961805555555552
4 0.8174479166666668 0.5921585648148149 0.1931712962962962 0.3037037037037038
5 0.1597337962962963 0.7028067129629629 0.12828703703703703 0.11556712962962959
2 0.9186168981481482 0.4698206018518518 0.16276620370370373 0.36880787037037044