4 0.5810706018518518 0.7643402777777778 0.20674768518518505 0.3040393518518517
5 0.25235532407407407 0.876261574074074 0.1183680555555556 0.1813194444444445
5 0.3116493055555556 0.16598958333333333 0.12295138888888886 0.15337962962962962
5 0.6119618055555556 0.4696817129629629 0.20358796296296297 0.224398148148148
5 0.8143113425925925 0.6352835648148147 0.37137731481481495 0.4269212962962964
5 0.39004629629629634 0.5808680555555557 0.2010300925925926 0.2601967592592594
4 0.1924363425925926 0.47050925925925924 0.21034722222222224 0.3384606481481482
4 0.5300462962962962 0.9352256944444445 0.10530092592592588 0.129548611111111
0 0.6382696759259259 0.9303645833333334 0.13572916666666668 0.13927083333333315
0 0.7754976851851851 0.8473090277777778 0.14124999999999996 0.1726388888888888
4 0.4488888888888889 0.9396296296296296 0.08543981481481477 0.1207407407407409
0 0.6765740740740741 0.15184606481481483 0.08442129629629633 0.1085648148148148
0 0.8140219907407407 0.9720659722222222 0.12172453703703709 0.05586805555555543
1 0.9302025462962963 0.9832233796296297 0.11123842592592581 0.03355324074074062
0 0.5849768518518518 0.7644560185185185 0.1913078703703704 0.3067013888888891