5 0.47497685185185184 0.3392303240740741 0.11763888888888889 0.14193287037037033
4 0.9043287037037038 0.9459027777777778 0.17097222222222222 0.10819444444444457
0 0.2246064814814815 0.5120428240740741 0.23740740740740743 0.4276157407407407
0 0.5376099537037037 0.8075520833333334 0.35440972222222217 0.3848958333333332
4 0.20546875 0.11604166666666667 0.12936342592592592 0.19562500000000002
5 0.6416203703703705 0.41656828703703697 0.16819444444444437 0.18202546296296304
5 0.4209143518518518 0.5893576388888888 0.14343749999999994 0.302523148148148
5 0.8530092592592592 0.457974537037037 0.1586574074074072 0.1706018518518519
5 0.730480324074074 0.5655960648148148 0.08018518518518522 0.14311342592592596
2 0.10899305555555557 0.08527777777777779 0.07337962962962963 0.10528935185185184
2 0.09311921296296297 0.22575231481481478 0.040011574074074074 0.06608796296296297
1 0.05434027777777778 0.611724537037037 0.06118055555555555 0.12495370370370366