3 0.4692476851851852 0.1509375 0.08577546296296283 0.10429398148148153
3 0.44460648148148146 0.2171585648148148 0.07510416666666657 0.06005787037037038
0 0.45492476851851854 0.32773148148148146 0.4552777777777777 0.20145833333333335
4 0.21675925925925926 0.5552546296296297 0.40851851851851856 0.3082407407407407
4 0.5370717592592593 0.5386458333333334 0.3248495370370371 0.1697337962962962
3 0.6178935185185186 0.46716435185185184 0.05819444444444457 0.06854166666666668
2 0.6726446759259259 0.22880787037037037 0.16173611111111122 0.0879513888888889
2 0.45825810185185184 0.8627546296296297 0.39430555555555546 0.2497800925925926
2 0.14248263888888887 0.9268576388888888 0.2336689814814815 0.14628472222222227
4 0.7509953703703702 0.8397511574074074 0.24784722222222227 0.25622685185185184
4 0.9452777777777778 0.4497453703703703 0.1094444444444445 0.1641319444444445
2 0.9009027777777778 0.19325810185185183 0.19819444444444442 0.15740740740740738