5 0.977204861111111 0.15559027777777779 0.033645833333333285 0.16094907407407408
5 0.25234375 0.8265740740740741 0.18701388888888887 0.28068287037037043
4 0.8055034722222223 0.4073148148148148 0.19888888888888873 0.26736111111111105
4 0.9282465277777778 0.3454976851851852 0.11864583333333342 0.2501388888888889
5 0.6430381944444444 0.6616087962962963 0.18840277777777778 0.31193287037037043
5 0.5568923611111111 0.09428819444444445 0.1674652777777778 0.1885763888888889
4 0.2284201388888889 0.4181365740740741 0.30697916666666664 0.4202546296296298
5 0.1266840277777778 0.7476388888888889 0.2533680555555556 0.41417824074074067
4 0.8452256944444445 0.6706655092592593 0.13052083333333328 0.2368171296296296
5 0.7710243055555556 0.6220775462962963 0.13927083333333332 0.15318287037037043
5 0.936875 0.5545891203703703 0.07104166666666671 0.1257638888888888
5 0.74 0.8467650462962963 0.1376388888888888 0.22165509259259258
5 0.46644097222222225 0.8832349537037038 0.19364583333333343 0.1844560185185184
4 0.4424479166666666 0.5815509259259259 0.21388888888888893 0.3243518518518519
4 0.59953125 0.4483506944444445 0.17100694444444448 0.37635416666666666
4 0.2478298611111111 0.09989583333333332 0.40121527777777777 0.19979166666666665