3 0.92265625 0.8114351851851851 0.1546875 0.1227199074074072
3 0.9802604166666666 0.5096180555555556 0.03947916666666664 0.11351851851851862
3 0.9721354166666668 0.7152777777777779 0.05572916666666643 0.05234953703703695
3 0.9347395833333334 0.897349537037037 0.06645833333333329 0.06030092592592595
3 0.7227604166666667 0.7029918981481481 0.10531249999999996 0.08116898148148159
3 0.6595833333333333 0.16508680555555558 0.03458333333333332 0.02704861111111114
3 0.7228645833333334 0.16602430555555556 0.034062499999999926 0.01923611111111114
3 0.7130208333333333 0.12373263888888889 0.02791666666666668 0.02070601851851852
3 0.72921875 0.08572916666666666 0.019479166666666714 0.034629629629629635
3 0.6755729166666666 0.20590856481481482 0.02604166666666661 0.039409722222222235
3 0.60265625 0.2243402777777778 0.031458333333333324 0.02700231481481481
3 0.6391145833333334 0.22097800925925926 0.025 0.02378472222222223
3 0.6334375 0.1592361111111111 0.02197916666666657 0.025300925925925942
3 0.6147395833333333 0.17144675925925926 0.02843750000000007 0.02851851851851852
3 0.595625 0.20082175925925924 0.03166666666666664 0.030127314814814808
3 0.5696875 0.18638888888888888 0.03197916666666671 0.03481481481481481
3 0.5711458333333332 0.21997106481481482 0.03093749999999993 0.01918981481481481
3 0.54171875 0.18831597222222224 0.022291666666666644 0.029988425925925943
3 0.4838541666666666 0.18667824074074074 0.03500000000000014 0.0332986111111111
3 0.4484895833333333 0.19473958333333333 0.03187500000000014 0.03325231481481481
3 0.46390624999999996 0.23867476851851852 0.04250000000000007 0.028726851851851885
3 0.4507291666666666 0.25174768518518514 0.0375 0.023969907407407474
3 0.40421874999999996 0.17457175925925927 0.054479166666666676 0.044513888888888874
3 0.37406249999999996 0.23734375000000002 0.04156250000000004 0.03807870370370372
3 0.37322916666666667 0.20142939814814814 0.04124999999999997 0.03339120370370372
3 0.33171875 0.16413194444444446 0.04729166666666664 0.030358796296296297
3 0.32578125 0.1921412037037037 0.034375 0.023923611111111097
3 0.29421875000000003 0.19869791666666667 0.036666666666666715 0.03488425925925927
3 0.2682291666666667 0.20689814814814814 0.02624999999999993 0.04253472222222223
3 0.23953125000000003 0.19788773148148148 0.049270833333333285 0.0600462962962963
3 0.20125 0.18561342592592592 0.03541666666666661 0.0395486111111111
3 0.18494791666666666 0.22205439814814812 0.03718749999999997 0.04269675925925931
3 0.17088541666666668 0.18672453703703704 0.03458333333333332 0.02704861111111114
3 0.3178125 0.23651041666666667 0.05135416666666668 0.04446759259259263
3 0.17880208333333333 0.5513252314814815 0.17593750000000002 0.0868981481481482
3 0.14020833333333332 0.7099710648148149 0.168125 0.11019675925925938
3 0.25260416666666663 0.6164178240740741 0.11989583333333335 0.06577546296296291
3 0.301875 0.4774421296296296 0.05354166666666664 0.0538657407407408
3 0.23875000000000002 0.46714120370370366 0.08145833333333333 0.05115740740740726
3 0.19828125000000002 0.3752256944444444 0.07374999999999998 0.09943287037037045
3 0.26838541666666665 0.37314236111111115 0.07937499999999993 0.09015046296296295
3 0.31776041666666666 0.7508449074074074 0.1833333333333333 0.15100694444444435
3 0.44619791666666664 0.7691377314814816 0.04385416666666675 0.04903935185185197
3 0.42765624999999996 0.9578472222222223 0.0916666666666666 0.0843055555555555
3 0.3271875 0.9859085648148149 0.04083333333333332 0.02714120370370381
3 0.32937500000000003 0.9601851851851851 0.03135416666666675 0.02543981481481481
3 0.36838541666666663 0.9131539351851853 0.051875000000000074 0.02886574074074062
3 0.33328125000000003 0.901707175925926 0.0328125 0.023900462962962978
3 0.3358333333333333 0.8697453703703705 0.030520833333333285 0.036354166666667
3 0.3841145833333333 0.8681192129629629 0.04760416666666671 0.03504629629629648
3 0.43249999999999994 0.8563483796296296 0.049687499999999926 0.042881944444444285
3 0.4843229166666667 0.8376041666666666 0.0453125 0.04750000000000014
3 0.42380208333333336 0.6556365740740742 0.06291666666666665 0.05400462962962962
3 0.5645312499999999 0.7061111111111111 0.15500000000000008 0.12405092592592588
3 0.5588541666666667 0.5858333333333332 0.057083333333333285 0.06016203703703695
3 0.6502604166666666 0.5520659722222222 0.09156249999999985 0.10906249999999992
3 0.7377083333333333 0.8218460648148149 0.043333333333333356 0.04122685185185162
3 0.7345833333333334 0.7749710648148148 0.0515625 0.04759259259259263
3 0.7066145833333334 0.8003125000000001 0.02843750000000007 0.028518518518518478
3 0.7028645833333333 0.7674768518518519 0.03427083333333343 0.022361111111111144
3 0.6676041666666667 0.8005150462962962 0.031458333333333324 0.02700231481481481
3 0.6277604166666666 0.7765104166666668 0.034479166666666575 0.04890046296296298
3 0.9061979166666667 0.4223958333333333 0.09020833333333336 0.13557870370370378
3 0.9950520833333332 0.66359375 0.00989583333333357 0.04908564814814813
3 0.9923697916666667 0.911730324074074 0.015260416666666643 0.07410879629629648
3 0.993203125 0.9811458333333334 0.013593750000000071 0.02245370370370381
3 0.16947916666666668 0.9383043981481481 0.07739583333333337 0.06046296296296276
3 0.15015625 0.9871006944444446 0.06739583333333332 0.02579861111111086
3 0.21541666666666667 0.9821990740740741 0.046250000000000034 0.03560185185185176
3 0.255625 0.9762037037037036 0.05958333333333332 0.04759259259259281
3 0.2684375 0.9124537037037037 0.05989583333333339 0.07893518518518512
6 0.0890625 0.35253472222222226 0.14125000000000001 0.1519444444444445
6 0.45218749999999996 0.5077662037037036 0.08229166666666679 0.15731481481481496
6 0.5147916666666666 0.45171875000000006 0.12166666666666667 0.13916666666666658
6 0.48968749999999994 0.32100694444444444 0.08625000000000008 0.12303240740740744
6 0.6200520833333333 0.3564988425925926 0.10218749999999996 0.12795138888888893
6 0.5958333333333334 0.4966261574074074 0.08604166666666657 0.11990740740740743
3 0.6422395833333333 0.6658969907407407 0.06104166666666657 0.07270833333333329
3 0.6720312500000001 0.6444849537037036 0.04458333333333329 0.036562500000000143
3 0.7180208333333333 0.6201909722222222 0.04385416666666657 0.025624999999999964
2 0.8108854166666667 0.9474363425925926 0.08666666666666671 0.10512731481481481
2 0.7528124999999999 0.9430439814814815 0.035104166666666714 0.05827546296296297
3 0.6899479166666667 0.9015277777777777 0.04510416666666668 0.06778935185185198
3 0.7363541666666666 0.8717766203703704 0.06322916666666671 0.08210648148148145
3 0.6014062499999999 0.9504282407407407 0.12427083333333329 0.09914351851851855
3 0.4922916666666667 0.9454282407407408 0.039687499999999966 0.03336805555555529
3 0.5103125000000001 0.8176967592592593 0.03791666666666664 0.030219907407407477
3 0.45098958333333333 0.911255787037037 0.03260416666666668 0.04418981481481481
3 0.7893749999999999 0.6368576388888889 0.046354166666666606 0.039710648148148134
3 0.8145833333333332 0.6052314814814814 0.03468749999999972 0.028611111111111143
3 0.8108333333333333 0.5723958333333334 0.02489583333333343 0.022222222222222143
3 0.83203125 0.5508564814814815 0.028958333333333287 0.03633101851851848
3 0.8358854166666667 0.4798900462962963 0.03718749999999993 0.04269675925925931
3 0.8403645833333332 0.35976273148148147 0.05208333333333357 0.05540509259259263
3 0.7891666666666666 0.4230034722222221 0.03979166666666671 0.034930555555555645
3 0.7299479166666666 0.3425173611111111 0.03208333333333328 0.03637731481481481
3 0.6875520833333333 0.362181712962963 0.0359375 0.047361111111111145
3 0.9224479166666667 0.6661458333333334 0.03864583333333336 0.041157407407407476
3 0.9100000000000001 0.5964988425925926 0.025208333333333145 0.026909722222222144
3 0.8707291666666667 0.6045023148148149 0.034375 0.023923611111111142
3 0.9705989583333334 0.42434606481481474 0.058802083333333144 0.1012037037037036