6 0.36887152777777776 0.9099537037037037 0.12136574074074069 0.17832175925925925
6 0.26738425925925924 0.8608043981481481 0.12927083333333336 0.18468750000000006
3 0.9562615740740741 0.48208912037037044 0.08747685185185183 0.09045138888888893
3 0.9241666666666667 0.3792361111111111 0.09159722222222229 0.06696759259259259
3 0.8358275462962963 0.3740219907407408 0.06337962962962962 0.06030092592592595
3 0.8735300925925926 0.6518634259259259 0.11430555555555558 0.12354166666666658
3 0.8831597222222222 0.563744212962963 0.07606481481481495 0.07298611111111111
3 0.28379050925925925 0.33381944444444445 0.06508101851851844 0.06969907407407412
3 0.22498263888888886 0.1603298611111111 0.06503472222222229 0.06657407407407408
3 0.29119212962962965 0.1480324074074074 0.07925925925925928 0.07771990740740745
3 0.3806597222222222 0.809369212962963 0.09210648148148151 0.1013425925925926
3 0.4173900462962963 0.7052488425925926 0.14585648148148156 0.14431712962962956
3 0.4896412037037036 0.8898726851851851 0.10143518518518527 0.09835648148148124
3 0.46723958333333326 0.8012789351851852 0.11241898148148159 0.10164351851851841
3 0.5897106481481481 0.3688136574074074 0.09640046296296294 0.074849537037037
3 0.4298553240740741 0.07041666666666666 0.09224537037037024 0.11071759259259259
3 0.5729918981481481 0.24203125 0.1117592592592592 0.16255787037037034
3 0.764068287037037 0.6971064814814815 0.11097222222222225 0.10943287037037042
3 0.6361689814814815 0.44682870370370364 0.07277777777777779 0.062002314814814954
3 0.6370486111111111 0.2953125 0.08305555555555558 0.12307870370370369
3 0.4534606481481481 0.24026041666666664 0.07993055555555557 0.12303240740740744
3 0.5144791666666666 0.24663194444444442 0.0810300925925926 0.09180555555555561
3 0.5994270833333333 0.5501678240740742 0.08275462962962958 0.1027662037037036
3 0.6326157407407408 0.6287673611111112 0.08068287037037045 0.06836805555555543
3 0.27833912037037034 0.5985243055555556 0.06673611111111111 0.07597222222222229
3 0.24429398148148146 0.6730034722222221 0.06855324074074076 0.09318287037037046