4 0.0953125 0.50234375 0.190625 0.14296875
5 0.07109375 0.66328125 0.1421875 0.11171875
5 0.33046875 0.73203125 0.209375 0.11171875
5 0.4890625 0.74921875 0.1296875 0.0640625
5 0.52109375 0.30234375 0.07734375 0.05859375
5 0.4859375 0.37109375 0.075 0.0546875
5 0.3640625 0.36484375 0.10078125 0.059375
4 0.4890625 0.5109375 0.09765625 0.0703125
4 0.15703125 0.34609375 0.08984375 0.06484375
4 0.21796875 0.62734375 0.1953125 0.1140625
4 0.21484375 0.9390625 0.2984375 0.121875
6 0.38671875 0.95234375 0.10859375 0.06953125
5 0.071875 0.765625 0.14296875 0.06328125