3 0.15008680555555556 0.9389467592592592 0.1587384259259259 0.12210648148148166
3 0.3087557870370371 0.9310474537037038 0.23232638888888885 0.13790509259259237
3 0.6202488425925926 0.9733072916666667 0.08798611111111114 0.05338541666666643
3 0.66234375 0.8896122685185185 0.06946759259259246 0.09942129629629619
3 0.5864699074074075 0.8993055555555556 0.11504629629629619 0.137037037037037
3 0.7820891203703704 0.8651331018518519 0.07244212962962955 0.07922453703703702
3 0.7960300925925926 0.6710648148148148 0.26270833333333315 0.2487268518518519
3 0.909537037037037 0.7502893518518519 0.15263888888888885 0.15092592592592596
3 0.9119212962962961 0.8504050925925926 0.09276620370370381 0.0815393518518519
3 0.9498321759259258 0.9018229166666668 0.08804398148148138 0.07667824074074048
3 0.39440393518518524 0.6647858796296295 0.4612731481481481 0.48414351851851867
3 0.5359490740740741 0.7567708333333334 0.07746527777777779 0.1247106481481481
3 0.4846238425925925 0.923365162037037 0.14812499999999992 0.15326967592592594
3 0.11055555555555556 0.22598379629629628 0.22111111111111112 0.24571759259259257
3 0.22048032407407409 0.0910011574074074 0.13031249999999997 0.08917824074074074
3 0.7022164351851852 0.14869791666666668 0.33306712962962964 0.25758101851851856
3 0.8424479166666667 0.3125289351851852 0.29165509259259254 0.3607060185185185
3 0.5504108796296296 0.28139467592592593 0.148298611111111 0.19762731481481488
3 0.4683622685185185 0.38619791666666664 0.08846064814814802 0.13292824074074075
3 0.1656539351851852 0.6352141203703704 0.13837962962962963 0.12384259259259274
3 0.11139467592592593 0.46987847222222223 0.10886574074074074 0.14618055555555554
3 0.8079282407407407 0.5417824074074075 0.19318287037037046 0.14149305555555552
3 0.08451388888888889 0.8283564814814814 0.08380787037037037 0.13744212962962976