6 0.28662615740740743 0.0943460648148148 0.10266203703703702 0.17256944444444444
6 0.18914930555555554 0.16552662037037036 0.1075925925925926 0.17729166666666668
3 0.9614236111111112 0.41978009259259264 0.038263888888888785 0.07525462962962966
3 0.9484375 0.5345717592592593 0.051273148148148096 0.055046296296296406
3 0.8761284722222221 0.5574826388888889 0.05900462962962934 0.05354166666666664
3 0.864837962962963 0.26275462962962964 0.10262731481481495 0.11165509259259263
3 0.8906886574074073 0.3520428240740741 0.07199074074074083 0.0630092592592593
3 0.3024826388888889 0.7079803240740741 0.05949074074074075 0.06291666666666665
3 0.2722453703703704 0.899236111111111 0.05932870370370367 0.059791666666666646
3 0.34490162037037037 0.8997743055555556 0.0723148148148148 0.06925925925925895
3 0.3172974537037037 0.1961747685185185 0.08282407407407408 0.09120370370370372
3 0.3753530092592593 0.2974247685185185 0.1346064814814815 0.12594907407407413
3 0.4180787037037037 0.09141203703703704 0.09351851851851851 0.08659722222222221
3 0.4099710648148148 0.1874826388888889 0.1075810185185185 0.08670138888888887
3 0.6177025462962963 0.6126215277777778 0.09065972222222207 0.06158564814814813
3 0.5039467592592592 0.9503443287037037 0.08190972222222222 0.09931134259259267
3 0.623275462962963 0.7463078703703704 0.09560185185185191 0.15689814814814812
3 0.7410937499999999 0.2376099537037037 0.10189814814814824 0.09759259259259263
3 0.6520891203703704 0.5222164351851852 0.0682986111111111 0.05204861111111114
3 0.6807060185185184 0.6787384259259259 0.06865740740740733 0.11921296296296298
3 0.49767939814814816 0.7719502314814815 0.06561342592592592 0.12075231481481481
3 0.5611516203703704 0.7536631944444444 0.07312499999999993 0.08488425925925931
3 0.5947743055555555 0.4217534722222222 0.07221064814814823 0.09737268518518523
3 0.6157175925925926 0.334375 0.07791666666666668 0.056805555555555554
3 0.24861111111111112 0.43560185185185185 0.05981481481481481 0.06916666666666664
3 0.19909143518518518 0.3656770833333334 0.05782407407407408 0.09101851851851847