3 0.3800925925925926 0.4931712962962963 0.1604166666666667 0.18390046296296295
3 0.31516203703703705 0.16474537037037038 0.08240740740740744 0.05839120370370372
3 0.2883101851851852 0.202806712962963 0.08796296296296298 0.04906249999999997
3 0.08657407407407408 0.5362847222222222 0.09265046296296295 0.09126157407407405
3 0.09296875 0.33800347222222216 0.13721064814814815 0.18685185185185188
3 0.20324074074074075 0.7831076388888889 0.07853009259259255 0.06929398148148139
3 0.29444444444444445 0.8970023148148147 0.08246527777777776 0.0802546296296299
3 0.29435763888888894 0.7587962962962963 0.0653356481481481 0.059826388888888894
3 0.43043981481481486 0.9198726851851852 0.06799768518518512 0.05359953703703688
3 0.539699074074074 0.750462962962963 0.09201388888888892 0.06158564814814813
3 0.670601851851852 0.9762326388888889 0.11319444444444429 0.047534722222222214
3 0.8305266203703704 0.9345486111111111 0.08356481481481488 0.0740162037037038
3 0.779542824074074 0.37276041666666665 0.07760416666666678 0.056793981481481556
3 0.748292824074074 0.8363368055555555 0.07986111111111108 0.06618055555555528
3 0.6731770833333334 0.6444791666666667 0.047222222222222145 0.04719907407407398
3 0.567505787037037 0.54609375 0.07303240740740743 0.10048611111111114
3 0.5511574074074075 0.25160300925925927 0.0828125 0.08494212962962963
3 0.5278935185185185 0.3381018518518518 0.06053240740740744 0.058229166666666644
3 0.49007523148148147 0.36515046296296294 0.06388888888888893 0.06137731481481481
3 0.44768518518518513 0.33048032407407407 0.06354166666666679 0.05668981481481481
3 0.4100405092592593 0.33879050925925924 0.06359953703703702 0.07855324074074073
3 0.37890625 0.25579282407407405 0.11342592592592596 0.09766203703703705
3 0.42595486111111114 0.1741550925925926 0.13969907407407406 0.11503472222222219
3 0.6261574074074074 0.20999421296296297 0.13998842592592595 0.09785879629629628
3 0.9294560185185186 0.10374999999999998 0.14108796296296297 0.12293981481481482
3 0.825925925925926 0.22943287037037036 0.1609375 0.12768518518518518
3 0.9963252314814814 0.15969907407407408 0.007349537037037024 0.12354166666666666
3 0.9400173611111111 0.23035300925925925 0.11996527777777785 0.10098379629629628
3 0.879369212962963 0.37115740740740744 0.07829861111111107 0.06616898148148147
3 0.7078993055555556 0.438599537037037 0.10451388888888893 0.1881712962962963
3 0.9366319444444444 0.5513310185185185 0.12673611111111108 0.2511226851851852
3 0.8585069444444444 0.7114409722222221 0.2081018518518519 0.32167824074074075
2 0.7862847222222221 0.685138888888889 0.14606481481481487 0.20097222222222227
3 0.4830439814814815 0.9553993055555555 0.07743055555555553 0.07553240740740748
3 0.6383680555555555 0.6910706018518519 0.043171296296296194 0.034675925925925985
3 0.6831018518518519 0.7046759259259259 0.05219907407407405 0.03005787037037031
3 0.6539351851851852 0.4374189814814814 0.04976851851851851 0.039409722222222145
3 0.6399594907407408 0.5333564814814815 0.06753472222222215 0.04734953703703706
3 0.889351851851852 0.9787123842592592 0.054918981481481666 0.042575231481481526
3 0.8179398148148149 0.9830960648148148 0.07476851851851833 0.03380787037037045
3 0.7667534722222222 0.9590624999999999 0.06168981481481488 0.07385416666666664
3 0.6835648148148148 0.942829861111111 0.05804398148148149 0.04571759259259238
3 0.41284722222222225 0.9564409722222222 0.0802083333333334 0.07086805555555528
3 0.30517939814814815 0.6308217592592593 0.1085648148148148 0.1163657407407408
3 0.637355324074074 0.37170717592592595 0.05706018518518512 0.05351851851851848
3 0.5834201388888889 0.465787037037037 0.053009259259259166 0.04099537037037031
3 0.6649305555555556 0.14313078703703702 0.13171296296296298 0.09155092592592595
3 0.9780092592592592 0.3680497685185185 0.04398148148148166 0.05355324074074073