5 0.5454629629629629 0.11549479166666668 0.16821759259259253 0.23098958333333336
4 0.3666435185185185 0.5222395833333333 0.1604976851851852 0.26593750000000005
4 0.30145833333333333 0.172578125 0.3156828703703704 0.34515625
4 0.842974537037037 0.27479166666666666 0.25233796296296307 0.31875
4 0.8678645833333333 0.866875 0.15778935185185183 0.16770833333333357
6 0.8122974537037038 0.64390625 0.09336805555555543 0.18364583333333329
0 0.6407233796296297 0.18395833333333333 0.10593749999999993 0.13312500000000002
4 0.7155671296296295 0.34838541666666667 0.16815972222222228 0.3427083333333333
3 0.46949652777777773 0.418125 0.0459837962962963 0.06687499999999993
4 0.46274884259259264 0.22484375 0.12383101851851848 0.27749999999999997
5 0.07548611111111111 0.9032291666666665 0.047824074074074074 0.07166666666666685
0 0.3714872685185185 0.7760416666666666 0.14559027777777783 0.22447916666666679