6 0.52578125 0.8328125 0.4890625 0.271875
6 0.7 0.40859375 0.6 0.29375
6 0.884375 0.8359375 0.23125 0.240625
6 0.86171875 0.96796875 0.23125 0.0640625
6 0.0703125 0.9421875 0.140625 0.115625
6 0.11640625 0.79296875 0.2328125 0.1796875
4 0.1109375 0.41640625 0.221875 0.15625
5 0.23046875 0.134375 0.32265625 0.26875
5 0.440625 0.09765625 0.2046875 0.1953125
5 0.6484375 0.06328125 0.1328125 0.1265625
5 0.9296875 0.0359375 0.140625 0.07109375
5 0.75546875 0.0265625 0.2046875 0.053125
5 0.76328125 0.19140625 0.23984375 0.140625
4 0.92109375 0.20546875 0.140625 0.071875
0 0.34765625 0.29921875 0.23125 0.16875