5 0.3565104166666667 0.8673784722222223 0.17586805555555554 0.23932870370370374
4 0.6032118055555555 0.4433391203703704 0.1760416666666668 0.2861574074074074
4 0.6230613425925926 0.8134375 0.3451967592592592 0.34423611111111113
4 0.09603587962962963 0.67421875 0.19207175925925926 0.3421875
4 0.12436342592592593 0.058472222222222224 0.13564814814814813 0.11694444444444445
6 0.14114583333333336 0.27675925925925926 0.10410879629629628 0.19818287037037036
0 0.26030092592592596 0.789068287037037 0.11608796296296298 0.14234953703703698
4 0.2031539351851852 0.6042476851851852 0.1869791666666666 0.3707638888888889
3 0.47835648148148147 0.5484895833333333 0.05109953703703703 0.07331018518518526
4 0.4572916666666666 0.7590393518518519 0.13912037037037023 0.3006712962962963
5 0.9714409722222221 0.06720486111111111 0.05179398148148166 0.04991898148148148
0 0.6344907407407407 0.16771412037037037 0.16197916666666662 0.24359953703703704