4 0.1674189814814815 0.6569791666666667 0.24253472222222222 0.3519791666666666
5 0.8134837962962962 0.7262847222222222 0.1758680555555557 0.19593750000000015
0 0.955150462962963 0.09911458333333334 0.08969907407407404 0.1504513888888889
1 0.9401909722222221 0.896267361111111 0.10306712962962976 0.16934027777777771
5 0.7813078703703704 0.11893229166666666 0.18894675925925916 0.23786458333333332
1 0.74453125 0.8490104166666667 0.090625 0.12847222222222215
0 0.41970486111111116 0.8398090277777778 0.11828703703703702 0.2009027777777778
0 0.5240162037037037 0.7851041666666667 0.04756944444444446 0.10409722222222229
3 0.3174189814814815 0.7380902777777777 0.035821759259259255 0.08197916666666671
3 0.06837384259259259 0.9383159722222223 0.07112268518518519 0.1077430555555555
2 0.40399305555555554 0.33114583333333336 0.10376157407407405 0.1880902777777777