4 0.9359317129629631 0.8641145833333332 0.12813657407407392 0.18496527777777771
4 0.7776099537037038 0.5190451388888888 0.26721064814814816 0.3976736111111112
5 0.9324537037037036 0.6305902777777778 0.13509259259259282 0.2270138888888889
4 0.5778067129629629 0.6839409722222223 0.17214120370370373 0.18954861111111115
4 0.18094907407407407 0.7055555555555555 0.22937500000000002 0.3000694444444445
5 0.18758101851851855 0.9517361111111111 0.10979166666666665 0.09652777777777785
5 0.32105324074074076 0.950920138888889 0.10222222222222221 0.098159722222222
4 0.41971643518518514 0.08814236111111111 0.1613078703703703 0.16121527777777778
0 0.8143344907407407 0.24907986111111108 0.11065972222222235 0.1476041666666667
0 0.7628587962962963 0.0840625 0.09446759259259263 0.13631944444444444
0 0.7017708333333333 0.06475694444444444 0.07229166666666664 0.09993055555555555
5 0.5766608796296296 0.9864409722222222 0.11913194444444457 0.02711805555555564
4 0.3161631944444444 0.529079861111111 0.2183680555555556 0.3887847222222224
5 0.1418287037037037 0.14673611111111112 0.18111111111111114 0.1819444444444444
1 0.37994212962962964 0.3143402777777778 0.19685185185185183 0.2447222222222222
4 0.9568749999999999 0.2740972222222222 0.07731481481481488 0.1968055555555556
4 0.9158275462962961 0.12960069444444444 0.054456018518518334 0.0870486111111111