5 0.4531365740740741 0.10256944444444445 0.10314814814814817 0.2051388888888889
5 0.9372800925925926 0.8988541666666666 0.09337962962962969 0.16298611111111114
4 0.9299276620370371 0.6981944444444445 0.1401446759259258 0.2562152777777779
5 0.8611516203703704 0.32623263888888887 0.136400462962963 0.2764236111111112
4 0.6497222222222222 0.5809722222222222 0.18888888888888894 0.40256944444444437
5 0.5715046296296296 0.5702083333333333 0.07123842592592596 0.1265625
1 0.11366898148148148 0.15751736111111111 0.17421296296296296 0.31503472222222223
4 0.33578125000000003 0.49887152777777777 0.11873842592592591 0.2119791666666666
5 0.9578819444444445 0.48343749999999996 0.084236111111111 0.13006944444444457
4 0.7846412037037037 0.22947916666666668 0.11653935185185169 0.3369097222222222
0 0.46458912037037037 0.37723958333333335 0.06495370370370371 0.12173611111111118
3 0.5344965277777778 0.11001736111111111 0.06915509259259256 0.056215277777777795
1 0.46379629629629626 0.37569444444444444 0.061840277777777786 0.12322916666666668
6 0.7870486111111111 0.23802083333333335 0.12141203703703703 0.36201388888888897