6 0.1569039351851852 0.20065972222222223 0.3131365740740741 0.31069444444444444
6 0.030949074074074073 0.17163194444444446 0.06039351851851852 0.1401388888888889
6 0.5649942129629629 0.15085069444444446 0.3487384259259258 0.26697916666666666
6 0.5403877314814816 0.3082986111111111 0.2121412037037036 0.171875
6 0.30463541666666666 0.4282465277777778 0.29028935185185184 0.17847222222222214
4 0.6200694444444445 0.41649305555555555 0.3251736111111111 0.24875000000000008
0 0.26318865740740743 0.6318055555555555 0.33725694444444443 0.19305555555555554
0 0.8797453703703703 0.5740798611111111 0.08638888888888871 0.06475694444444446
0 0.9263020833333332 0.5331944444444444 0.05819444444444457 0.05413194444444436
0 0.7614409722222222 0.5235243055555555 0.09577546296296298 0.06673611111111111
1 0.5830729166666666 0.5882291666666667 0.11298611111111115 0.07062500000000008
1 0.662355324074074 0.5370833333333334 0.053460648148148236 0.047673611111111215
2 0.935613425925926 0.4195833333333333 0.07391203703703723 0.067326388888889
0 0.7665393518518518 0.8955034722222223 0.24336805555555543 0.17013888888888892
0 0.38498263888888895 0.8371527777777779 0.2387847222222222 0.18399305555555542
3 0.2655092592592593 0.9450868055555557 0.0803587962962963 0.094166666666667
5 0.028576388888888887 0.5893576388888888 0.04902777777777777 0.08184027777777772
4 0.15656828703703704 0.5770833333333334 0.13028935185185184 0.08701388888888886
6 0.11603587962962962 0.37690972222222224 0.11151620370370371 0.08305555555555558
4 0.6910706018518519 0.6180208333333332 0.235775462962963 0.1994791666666668
1 0.8443344907407407 0.6435763888888889 0.12091435185185198 0.08659722222222221
6 0.8285532407407408 0.3054861111111111 0.12261574074074062 0.10541666666666671
6 0.9146296296296296 0.32805555555555554 0.11643518518518547 0.11451388888888889
6 0.1598726851851852 0.4960069444444445 0.1665046296296296 0.12611111111111112
6 0.3995486111111111 0.6948784722222222 0.1648726851851851 0.11666666666666661
5 0.15407407407407409 0.9740972222222222 0.09416666666666665 0.05180555555555557