6 0.33671875 0.42145254629629625 0.2421875 0.3237268518518519
5 0.7984375 0.04683159722222222 0.14375 0.09366319444444444
5 0.43984375 0.09112268518518518 0.1296875 0.14206018518518518
5 0.7375 0.5672337962962963 0.171875 0.2898726851851851
5 0.9109375 0.06868055555555555 0.1296875 0.1373611111111111
6 0.93359375 0.582957175925926 0.1328125 0.33130787037037024
6 0.10234375 0.26953125 0.2046875 0.5390625
6 0.17421875 0.505300925925926 0.2328125 0.32317129629629626
6 0.4 0.8481712962962963 0.2875 0.2732870370370371
2 0.5953125 0.5865972222222222 0.0921875 0.12890046296296304
6 0.60390625 0.25796296296296295 0.3328125 0.3697222222222222
2 0.67734375 0.7364236111111111 0.0625 0.15214120370370382
6 0.640625 0.885474537037037 0.084375 0.15812500000000007
5 0.7921875 0.9421180555555555 0.075 0.02631944444444443
5 0.89921875 0.9076504629629628 0.0640625 0.08192129629629648
5 0.8546875 0.5345081018518518 0.13125 0.20934027777777775
5 0.67734375 0.0664525462962963 0.0921875 0.1329050925925926
4 0.18359375 0.5172453703703703 0.253125 0.37593750000000004
4 0.10703125 0.2640625 0.2140625 0.528125