5 0.4859375 0.28203125 0.1578125 0.09609375
0 0.61875 0.39921875 0.15546875 0.0765625
5 0.06796875 0.5765625 0.1359375 0.0984375
6 0.5515625 0.88515625 0.27265625 0.20546875
6 0.37109375 0.7390625 0.26171875 0.15078125
5 0.31796875 0.365625 0.26484375 0.08125
5 0.70390625 0.140625 0.29375 0.109375
5 0.278125 0.17109375 0.434375 0.296875
2 0.5046875 0.41875 0.1078125 0.08515625
6 0.74296875 0.65234375 0.290625 0.1484375
4 0.14765625 0.61953125 0.25703125 0.12109375
4 0.340625 0.59765625 0.2375 0.165625
6 0.1765625 0.75546875 0.1609375 0.10390625
6 0.7890625 0.82890625 0.1890625 0.1453125
4 0.06171875 0.340625 0.1234375 0.059375
5 0.10234375 0.0859375 0.2046875 0.09375
2 0.5578125 0.8859375 0.278125 0.21953125