6 0.12264467592592591 0.10751736111111113 0.2435300925925926 0.1884259259259259
6 0.4644733796296297 0.9035474537037036 0.3327430555555555 0.1929050925925928
6 0.4186574074074074 0.7380266203703704 0.266087962962963 0.49215277777777794
5 0.8003472222222221 0.2814699074074074 0.3038194444444443 0.5245138888888888
5 0.8002488425925925 0.8903616898148148 0.3064004629629629 0.21927662037037052
5 0.9331018518518519 0.5276157407407407 0.1337962962962962 0.4259027777777778
5 0.9300405092592593 0.18064814814814817 0.12570601851851854 0.3099074074074074
5 0.3273553240740741 0.4330439814814815 0.1254513888888889 0.48642361111111115
0 0.06929976851851852 0.28714699074074074 0.11881944444444444 0.22378472222222223
4 0.06755787037037038 0.57921875 0.09157407407407407 0.1308101851851852
3 0.2493287037037037 0.6549016203703704 0.08658564814814813 0.09004629629629637
0 0.2403414351851852 0.8124131944444445 0.1055787037037037 0.12341435185185183
0 0.45370949074074074 0.40866898148148145 0.06840277777777785 0.16605324074074074
5 0.6709722222222222 0.5307060185185185 0.07023148148148142 0.20203703703703707