6 0.18634837962962963 0.13325810185185186 0.22417824074074075 0.2642013888888889
6 0.23343171296296297 0.43636574074074075 0.11509259259259261 0.17666666666666675
4 0.6201273148148149 0.8603935185185186 0.15113425925925927 0.2792129629629628
5 0.7904976851851853 0.4422743055555555 0.178125 0.21353009259259254
6 0.3046990740740741 0.847667824074074 0.09751157407407404 0.1498495370370371
5 0.6242476851851853 0.48200810185185183 0.18502314814814813 0.2573726851851852
5 0.9408622685185186 0.1561574074074074 0.11767361111111115 0.24543981481481478
6 0.3672569444444444 0.6337037037037037 0.25943287037037044 0.3240856481481481
6 0.4777372685185185 0.8244444444444443 0.19957175925925927 0.29039351851851836
4 0.37301504629629634 0.40326967592592594 0.1292476851851852 0.18312500000000007
4 0.39588541666666666 0.23091435185185186 0.13094907407407402 0.19252314814814814
6 0.5581828703703703 0.08875578703703704 0.09769675925925939 0.16234953703703706
4 0.6533217592592593 0.20737847222222222 0.11171296296296304 0.15943287037037032
2 0.9288657407407406 0.9058854166666667 0.087361111111111 0.18822916666666673
5 0.844212962962963 0.9239641203703703 0.09930555555555536 0.1520717592592593
5 0.9442997685185185 0.5570775462962964 0.1001504629629629 0.3279745370370371