3 0.5293055555555556 0.9836516203703705 0.12402777777777771 0.03269675925925917
3 0.9339930555555556 0.7981770833333334 0.10173611111111107 0.11296296296296297
3 0.6058854166666666 0.8390625 0.07600694444444436 0.060532407407407264
3 0.4282638888888889 0.6507523148148149 0.11065972222222217 0.13825231481481487
3 0.6941493055555555 0.8594907407407408 0.0625 0.07251157407407405
3 0.7257118055555555 0.8325810185185185 0.06052083333333336 0.0630787037037038
3 0.5942881944444445 0.7536168981481481 0.07743055555555553 0.05746527777777786
3 0.8067187499999999 0.6897280092592593 0.2115277777777777 0.26678240740740744
3 0.66875 0.7618344907407406 0.09732638888888889 0.11903935185185191
3 0.25817708333333333 0.596875 0.06388888888888893 0.10376157407407405
3 0.29930555555555555 0.662355324074074 0.060555555555555605 0.09895833333333322
3 0.30796875 0.7344328703703704 0.07597222222222219 0.09484953703703702
3 0.4765972222222222 0.43961226851851853 0.1391319444444445 0.14710648148148148
3 0.5682465277777778 0.4484664351851852 0.08517361111111121 0.12638888888888894
3 0.7018229166666666 0.4705729166666667 0.10829861111111114 0.15532407407407406
3 0.6392708333333333 0.3442418981481482 0.1156944444444445 0.0760416666666666
3 0.5859375 0.19719328703703703 0.06802083333333328 0.0914351851851852
3 0.6015798611111111 0.11041666666666668 0.06642361111111121 0.12569444444444441
3 0.46744791666666663 0.28640046296296295 0.11684027777777786 0.06672453703703703
3 0.5060416666666667 0.04916087962962963 0.06520833333333335 0.06325231481481483
3 0.1962847222222222 0.4853877314814815 0.07135416666666665 0.09623842592592595
3 0.27513888888888893 0.4695891203703704 0.0547569444444445 0.07378472222222214
3 0.05947916666666666 0.4608217592592593 0.06031249999999999 0.05839120370370363
3 0.03090277777777778 0.4496238425925926 0.02430555555555556 0.05549768518518512
3 0.12980902777777778 0.34097222222222223 0.08836805555555553 0.12806712962962957
3 0.2628125 0.3326388888888889 0.05392361111111103 0.055034722222222235
3 0.20043402777777777 0.17511574074074074 0.06875 0.07274305555555553
3 0.2837673611111111 0.08460648148148149 0.04041666666666668 0.06701388888888889
3 0.01703125 0.11996527777777777 0.025868055555555554 0.05555555555555554
3 0.4485069444444445 0.2287615740740741 0.08597222222222207 0.0390625
3 0.45578124999999997 0.1642939814814815 0.0828125 0.07326388888888884
3 0.3327430555555556 0.1511574074074074 0.06812500000000003 0.058680555555555534
3 0.43145833333333333 0.09085648148148148 0.061423611111111144 0.0833912037037037
3 0.17465277777777777 0.10396412037037037 0.04263888888888889 0.046817129629629625
3 0.06079861111111111 0.10442708333333335 0.06881944444444446 0.07430555555555554
3 0.10258680555555555 0.21984953703703702 0.047812499999999994 0.057928240740740745
3 0.1887326388888889 0.262818287037037 0.0552777777777778 0.05040509259259256
3 0.12125 0.30633680555555554 0.053923611111111124 0.055034722222222145