5 0.8913483796296295 0.5937152777777778 0.10167824074074083 0.13399305555555543
5 0.9330150462962962 0.8375520833333333 0.07413194444444429 0.1483680555555555
5 0.11903935185185184 0.8503298611111111 0.13310185185185186 0.14006944444444436
4 0.11458333333333333 0.9285243055555557 0.15636574074074075 0.13642361111111115
5 0.28990162037037037 0.9121527777777778 0.1913773148148148 0.15513888888888872
5 0.5922164351851851 0.8152604166666666 0.10798611111111107 0.17795138888888892
6 0.44699074074074074 0.5456076388888889 0.056770833333333395 0.10079861111111121
5 0.677517361111111 0.765451388888889 0.07476851851851851 0.1234375
5 0.51640625 0.5667013888888889 0.062152777777777855 0.11975694444444436
4 0.09091435185185184 0.33102430555555556 0.1818287037037037 0.4567013888888889
4 0.4469328703703703 0.7367013888888889 0.1153935185185185 0.20947916666666658
4 0.5092592592592593 0.8228472222222223 0.12795138888888893 0.1694791666666667
5 0.6860243055555555 0.5357638888888889 0.10173611111111107 0.09343749999999992
5 0.7971932870370371 0.5877604166666666 0.1447916666666668 0.1608680555555555
1 0.8480324074074073 0.8366493055555555 0.1427662037037038 0.19041666666666685
5 0.34771412037037036 0.6147569444444445 0.0682291666666667 0.11534722222222218
5 0.5269386574074074 0.6824479166666666 0.08501157407407404 0.14729166666666665