6 0.23576967592592593 0.25234375 0.3225462962962963 0.25625
6 0.0802662037037037 0.14453125 0.15932870370370372 0.2078125
6 0.6336516203703704 0.21484375 0.31130787037037033 0.2359375
6 0.6579918981481481 0.48671875 0.2902777777777777 0.1875
6 0.3273032407407407 0.471875 0.24247685185185192 0.125
0 0.2715914351851852 0.66640625 0.3083564814814815 0.1421875
4 0.6731307870370371 0.66484375 0.30765046296296283 0.2
0 0.9174826388888888 0.70546875 0.10400462962962961 0.059375
1 0.8761284722222221 0.76171875 0.13868055555555542 0.0796875
4 0.4060127314814815 0.775 0.18424768518518525 0.096875
4 0.36482638888888885 0.8953125 0.24912037037037038 0.1515625
4 0.7446006944444444 0.95390625 0.24481481481481476 0.071875
4 0.058535879629629625 0.62890625 0.08944444444444444 0.13125
6 0.8838831018518519 0.44140625 0.1045370370370371 0.0953125
6 0.9586053240740741 0.47109375 0.08278935185185184 0.0953125
6 0.9854513888888888 0.815625 0.029097222222222285 0.075
6 0.9095023148148147 0.85234375 0.08994212962962962 0.059375