5 0.11135416666666667 0.773425925925926 0.22270833333333334 0.33747685185185183
5 0.12076967592592594 0.2377314814814815 0.24153935185185188 0.43090277777777786
5 0.4257581018518518 0.8679050925925926 0.12995370370370374 0.1736689814814813
1 0.4923090277777778 0.6287962962962963 0.10775462962962959 0.16159722222222223
1 0.41980324074074077 0.5671354166666667 0.0928587962962963 0.1327430555555555
1 0.4411805555555556 0.4266203703703704 0.13321759259259255 0.17851851851851847
1 0.5740104166666666 0.45932870370370366 0.12366898148148149 0.22482638888888892
1 0.5677199074074074 0.6452256944444444 0.10821759259259256 0.17722222222222223
1 0.7039872685185186 0.5091030092592593 0.0797569444444445 0.11178240740740755
1 0.7333217592592594 0.7602256944444444 0.11157407407407405 0.1851967592592592
1 0.8483391203703704 0.707505787037037 0.07828703703703717 0.11482638888888878
1 0.8354918981481483 0.6129456018518519 0.07915509259259253 0.09146990740740737
1 0.9432291666666668 0.6474826388888889 0.08372685185185205 0.19311342592592595
1 0.6792418981481482 0.393582175925926 0.12062500000000007 0.17474537037037036
4 0.4369675925925926 0.04065393518518519 0.12293981481481478 0.04225694444444446
4 0.4033217592592592 0.17270833333333332 0.31494212962962964 0.25658564814814816
4 0.5652025462962963 0.06999421296296296 0.13834490740740737 0.0882986111111111
4 0.3189699074074074 0.4844444444444444 0.15693287037037038 0.18910879629629634
5 0.39913773148148146 0.7100347222222222 0.12778935185185186 0.1532754629629629
5 0.3120949074074074 0.8221064814814815 0.12659722222222225 0.1656944444444445
0 0.33764467592592595 0.9326909722222222 0.11032407407407412 0.13461805555555556
5 0.6620254629629629 0.7369675925925925 0.11703703703703709 0.15895833333333337
5 0.582037037037037 0.8486226851851851 0.08844907407407412 0.14187499999999992
5 0.5191319444444444 0.9118692129629629 0.07984953703703716 0.1149074074074072
5 0.8162905092592592 0.8912847222222222 0.09332175925925909 0.1483680555555555
5 0.9758101851851851 0.2344733796296296 0.0416203703703701 0.1410069444444444