5 0.3753414351851852 0.7884664351851851 0.17711805555555546 0.2227430555555557
5 0.972806712962963 0.8109837962962964 0.05438657407407419 0.2139120370370371
5 0.056608796296296296 0.1912962962962963 0.10173611111111111 0.1888425925925926
5 0.853912037037037 0.6581770833333334 0.13113425925925953 0.15805555555555556
5 0.6083680555555555 0.4398842592592593 0.144849537037037 0.20509259259259255
6 0.32852430555555556 0.49896412037037036 0.2750694444444444 0.37406249999999996
6 0.0643287037037037 0.4006018518518518 0.09236111111111112 0.1887037037037036
6 0.20541666666666666 0.6212500000000001 0.1491782407407407 0.22545138888888888
6 0.1971759259259259 0.37681134259259264 0.1796990740740741 0.2399537037037037
2 0.8763020833333333 0.8911168981481481 0.07560185185185161 0.11664351851851862
2 0.7262905092592592 0.335474537037037 0.19034722222222217 0.20888888888888885
0 0.9446990740740742 0.4935300925925926 0.11060185185185176 0.26444444444444437
6 0.5812268518518519 0.6931655092592592 0.21023148148148146 0.28099537037037053
2 0.49153356481481475 0.5099652777777778 0.11349537037037045 0.17652777777777776
1 0.8116898148148148 0.8940625000000001 0.08203703703703695 0.11986111111111128
4 0.06556712962962961 0.39515625 0.09650462962962962 0.20593750000000002