0 0.15914351851851855 0.2757060185185185 0.3145833333333333 0.45141203703703703
1 0.16464120370370372 0.8828125 0.2725694444444445 0.234375
5 0.29994212962962963 0.4982175925925926 0.22401620370370373 0.27984953703703697
2 0.7559027777777778 0.598275462962963 0.06498842592592595 0.07042824074074083
0 0.3594907407407407 0.7375694444444444 0.2439814814814815 0.31363425925925925
4 0.6397280092592592 0.13531828703703702 0.1622106481481481 0.2111458333333333
2 0.8282696759259259 0.4889641203703704 0.060532407407407264 0.07643518518518526
0 0.5586805555555555 0.5155324074074075 0.21180555555555552 0.4133333333333333
2 0.040364583333333336 0.52140625 0.046354166666666675 0.11468749999999997
0 0.08156828703703703 0.7286168981481482 0.12100694444444444 0.3197337962962964
6 0.08784722222222222 0.05601851851851851 0.16319444444444445 0.1113888888888889
1 0.7529513888888889 0.9606539351851853 0.1962962962962962 0.07869212962962954
4 0.08622685185185186 0.7491319444444444 0.1292824074074074 0.33263888888888893
4 0.16597222222222222 0.27060185185185187 0.3266203703703704 0.43956018518518514
6 0.6408275462962963 0.1439525462962963 0.16284722222222214 0.22833333333333336