4 0.89375 0.4033738425925926 0.2125 0.33758101851851857
5 0.36015625 0.08039351851851853 0.0875 0.10609953703703705
5 0.396875 0.6049537037037037 0.1703125 0.3588310185185186
5 0.8375 0.7817071759259259 0.1125 0.18395833333333336
4 0.22265625 0.6732638888888889 0.1203125 0.14217592592592593
5 0.671875 0.780150462962963 0.25 0.31765046296296295
5 0.16171875 0.9208969907407407 0.1578125 0.15820601851851848
1 0.53515625 0.37774884259259256 0.190625 0.2301967592592593
4 0.95 0.6961342592592593 0.1 0.4364351851851852
4 0.7078125 0.5687326388888889 0.1578125 0.2003703703703703
4 0.740625 0.3344965277777778 0.2890625 0.41655092592592596
4 0.6421875 0.16845486111111113 0.53125 0.2978587962962963
4 0.528125 0.8980902777777778 0.11875 0.20381944444444428
4 0.22890625 0.430619212962963 0.125 0.2658564814814815
2 0.134375 0.48899884259259263 0.09375 0.12361111111111107
2 0.0765625 0.6672511574074074 0.15 0.2671527777777779
6 0.54453125 0.6212037037037037 0.1984375 0.2962268518518519
5 0.0921875 0.920787037037037 0.0875 0.1584259259259259
5 0.1828125 0.16807291666666666 0.1359375 0.16486111111111112