3 0.859375 0.07265625 0.28046875 0.1453125
3 0.45234375 0.15390625 0.36171875 0.3078125
3 0.0796875 0.0765625 0.13203125 0.07265625
3 0.103125 0.23671875 0.20625 0.2546875
3 0.3703125 0.5671875 0.121875 0.13671875
3 0.1609375 0.40234375 0.08671875 0.1140625
3 0.31171875 0.4171875 0.0640625 0.07890625
3 0.38046875 0.3015625 0.26171875 0.30234375
3 0.9640625 0.42890625 0.071875 0.10546875
3 0.96328125 0.27890625 0.07265625 0.18046875
3 0.94609375 0.61875 0.10703125 0.234375
3 0.71953125 0.69375 0.17890625 0.14921875
3 0.8484375 0.74140625 0.0703125 0.0953125
3 0.68984375 0.84921875 0.1875 0.18515625
3 0.91484375 0.9515625 0.1703125 0.09375
3 0.14296875 0.77265625 0.14609375 0.2265625
3 0.08828125 0.53046875 0.1765625 0.25625
3 0.2546875 0.68984375 0.1421875 0.23125
3 0.68515625 0.29375 0.10078125 0.08203125
3 0.2375 0.059375 0.09921875 0.09765625