4 0.888599537037037 0.5103298611111111 0.22280092592592596 0.3276041666666668
5 0.4851851851851851 0.06446180555555556 0.08599537037037024 0.08961805555555555
5 0.37528935185185186 0.5298958333333333 0.17783564814814817 0.3370486111111111
5 0.7307002314814814 0.8178993055555555 0.11568287037037042 0.17517361111111107
4 0.19699074074074074 0.5383506944444444 0.12042824074074074 0.1348263888888889
5 0.579050925925926 0.7667013888888888 0.2497685185185185 0.29968749999999994
5 0.08327546296296297 0.7743055555555556 0.11747685185185183 0.22361111111111107
1 0.5644386574074074 0.3721701388888889 0.19050925925925916 0.21593749999999998
4 0.8984085648148149 0.7906944444444445 0.20318287037037025 0.418611111111111
4 0.6700520833333333 0.5913541666666667 0.15827546296296297 0.18798611111111113
4 0.7642361111111111 0.39664930555555555 0.2921875 0.39204861111111117
4 0.7286458333333333 0.19383680555555555 0.5166666666666666 0.3458680555555556
4 0.40795717592592595 0.8643923611111111 0.13159722222222214 0.2679166666666667
4 0.2695023148148148 0.3270833333333333 0.1293981481481481 0.2506597222222222
2 0.1666087962962963 0.3498090277777778 0.09635416666666666 0.1165972222222222
2 0.07740162037037038 0.48935763888888884 0.12783564814814813 0.2505902777777777
6 0.5061631944444445 0.58875 0.20063657407407404 0.2787847222222222
5 0.03608217592592593 0.7425694444444445 0.024594907407407406 0.20076388888888896
5 0.29800347222222223 0.08578125 0.13663194444444446 0.15114583333333334