4 0.8765104166666667 0.28553819444444445 0.24260416666666665 0.5498958333333334
6 0.8955729166666668 0.08151041666666667 0.20489583333333314 0.14809027777777778
4 0.7535937500000001 0.6198090277777778 0.18447916666666675 0.21628472222222223
4 0.44296875 0.5518229166666666 0.22729166666666673 0.46062499999999995
4 0.22588541666666667 0.35616319444444444 0.23343749999999996 0.36559027777777775
5 0.35666666666666663 0.061388888888888896 0.2491666666666667 0.12277777777777779
4 0.30322916666666666 0.8810069444444444 0.19541666666666674 0.2165277777777778
5 0.17760416666666665 0.8697569444444444 0.12791666666666668 0.2103472222222223
4 0.54171875 0.919392361111111 0.21052083333333335 0.13885416666666686
4 0.7131770833333333 0.9101215277777779 0.22218750000000007 0.15003472222222242
4 0.8753125 0.8183680555555556 0.12458333333333335 0.3241666666666667