0 0.7845659722222222 0.47103587962962956 0.4308680555555554 0.33177083333333324
4 0.07252314814814814 0.8853009259259259 0.12074074074074075 0.1387731481481481
5 0.9327777777777777 0.7017939814814815 0.11894675925925924 0.12309027777777785
5 0.8725057870370371 0.2419560185185185 0.2549884259259258 0.17673611111111107
6 0.15033564814814815 0.6502604166666666 0.28738425925925926 0.4244791666666668
6 0.2799710648148148 0.9057581018518519 0.42906249999999996 0.18454861111111107
6 0.6861342592592592 0.9376157407407408 0.46048611111111126 0.09201388888888858
4 0.9053298611111111 0.8013020833333332 0.1814699074074074 0.3377893518518519
5 0.2523668981481481 0.20992476851851852 0.4795949074074074 0.41984953703703703
6 0.38578703703703704 0.6087094907407408 0.26371527777777776 0.1971643518518519
4 0.1478877314814815 0.6433159722222223 0.2828125 0.43211805555555555