4 0.736545138888889 0.5180671296296296 0.10812500000000007 0.12957175925925918
5 0.5980729166666666 0.29212962962962963 0.11796296296296305 0.16886574074074073
5 0.9783333333333333 0.569068287037037 0.043333333333333356 0.15677083333333322
5 0.6761805555555556 0.25929976851851855 0.08821759259259246 0.13678240740740738
0 0.46263310185185186 0.29066550925925927 0.12974537037037043 0.24565972222222224
5 0.7969270833333333 0.38482638888888887 0.09751157407407404 0.13549768518518518
6 0.2970891203703704 0.6140277777777777 0.2607407407407408 0.36498842592592595
0 0.3361226851851852 0.2803298611111111 0.2025347222222223 0.2353356481481482
5 0.7964872685185185 0.21035300925925923 0.09454861111111121 0.13853009259259252
5 0.6247974537037037 0.08320601851851853 0.10300925925925916 0.15126157407407406
2 0.10914351851851851 0.6109895833333333 0.16136574074074073 0.19355324074074076