5 0.24470486111111112 0.5991145833333332 0.16215277777777776 0.20614583333333342
5 0.5936342592592593 0.5122974537037037 0.1802083333333334 0.23009259259259257
5 0.6464409722222222 0.7300231481481482 0.10086805555555553 0.152824074074074
5 0.8184027777777778 0.01938078703703704 0.1444444444444443 0.03876157407407408
5 0.1654224537037037 0.7591030092592593 0.1410300925925926 0.18366898148148145
4 0.12256944444444444 0.4411921296296296 0.16481481481481483 0.1937384259259259
5 0.24904513888888888 0.966550925925926 0.08466435185185181 0.05245370370370352
5 0.27465277777777775 0.7597685185185186 0.07170138888888893 0.08172453703703705
0 0.35072337962962963 0.5390046296296296 0.08107638888888893 0.08200231481481488
4 0.7395833333333334 0.5329456018518519 0.12048611111111107 0.17681712962962964
5 0.4997395833333333 0.7296875 0.1372685185185185 0.20853009259259245