6 0.25703125 0.72578125 0.4515625 0.1859375
3 0.7125 0.95859375 0.10625 0.0828125
4 0.790625 0.9703125 0.1 0.059375
6 0.71015625 0.84921875 0.13984375 0.0734375
6 0.8046875 0.921875 0.203125 0.0734375
6 0.98203125 0.97109375 0.0359375 0.05703125
6 0.78984375 0.7953125 0.20859375 0.090625
6 0.26328125 0.90859375 0.11875 0.06796875
6 0.36328125 0.8765625 0.1796875 0.10390625
4 0.0546875 0.9265625 0.109375 0.0890625
4 0.20546875 0.9734375 0.0984375 0.053125
4 0.0515625 0.7734375 0.103125 0.1515625
5 0.34921875 0.5609375 0.19921875 0.14375
2 0.6390625 0.54609375 0.1890625 0.0515625
2 0.78359375 0.446875 0.15 0.0625
2 0.5921875 0.47734375 0.23984375 0.05
5 0.4640625 0.6359375 0.1203125 0.09296875
6 0.703125 0.3046875 0.59375 0.23125