5 0.5406134259259259 0.20017361111111112 0.8500231481481482 0.3983333333333333
6 0.4291550925925926 0.7972337962962963 0.3688773148148147 0.1557986111111111
4 0.5974594907407408 0.8070775462962964 0.2481365740740742 0.17677083333333315
4 0.6438773148148148 0.5901504629629629 0.2816435185185185 0.13016203703703705
6 0.7411400462962964 0.5080266203703704 0.3572106481481482 0.1416550925925925
5 0.4846469907407407 0.405306712962963 0.3942245370370371 0.13255787037037034
6 0.01894386574074074 0.47053819444444445 0.03788773148148148 0.052013888888888894
6 0.06904224537037038 0.3326099537037037 0.13808449074074075 0.11516203703703702
6 0.20379050925925926 0.38056134259259256 0.15167824074074074 0.06359953703703702
5 0.1296238425925926 0.4995891203703703 0.19214120370370372 0.06077546296296284
5 0.13928819444444446 0.4488599537037038 0.14335648148148145 0.08384259259259252
5 0.19865162037037037 0.5399594907407408 0.17116898148148146 0.16839120370370378
5 0.43250578703703707 0.5065219907407407 0.11366898148148152 0.08362268518518512
5 0.39618634259259256 0.6492766203703704 0.13737268518518525 0.058807870370370455
0 0.1599363425925926 0.7741377314814815 0.15526620370370373 0.1026736111111111
0 0.09712962962962964 0.7494444444444445 0.12538194444444445 0.038414351851851866
5 0.13276620370370368 0.680150462962963 0.25875 0.1706018518518519
0 0.038052662037037034 0.6543923611111111 0.07610532407407407 0.055324074074074046
5 0.04123263888888888 0.873119212962963 0.08246527777777776 0.10561342592592596
0 0.47630787037037037 0.9429513888888887 0.1300462962962964 0.06812499999999985
5 0.7045023148148147 0.924861111111111 0.32208333333333333 0.150277777777778
5 0.8530613425925926 0.6104571759259259 0.16103009259259266 0.09334490740740745
6 0.6186921296296296 0.3523726851851852 0.18675925925925937 0.1075925925925926
6 0.8724652777777777 0.44725694444444447 0.21796296296296305 0.16717592592592592
6 0.5376446759259259 0.031336805555555555 0.1122106481481481 0.055497685185185185
6 0.13743634259259258 0.07760995370370369 0.1405555555555556 0.09006944444444445
4 0.2897800925925926 0.18424768518518517 0.17162037037037034 0.11685185185185185
0 0.19785300925925925 0.25390625 0.14287037037037037 0.07446759259259261
4 0.0800462962962963 0.03888888888888889 0.1367824074074074 0.0775462962962963