4 0.8475405092592592 0.9261863425925926 0.10665509259259238 0.0983680555555555
0 0.2113425925925926 0.5727893518518519 0.13848379629629629 0.19920138888888878
0 0.26828703703703705 0.9105729166666666 0.09334490740740745 0.11826388888888886
5 0.3885416666666667 0.5292997685185185 0.09021990740740735 0.11817129629629619
2 0.7300925925925926 0.1150144675925926 0.1833333333333334 0.2300289351851852
5 0.28972800925925923 0.2263136574074074 0.1486689814814815 0.17921296296296294
0 0.269068287037037 0.030376157407407407 0.10873842592592595 0.060752314814814815
2 0.33741319444444445 0.09926793981481481 0.11672453703703703 0.19853587962962962
0 0.28052662037037035 0.685457175925926 0.16400462962962958 0.21400462962962977
0 0.061111111111111116 0.8423090277777778 0.12222222222222223 0.19350694444444444
0 0.02115162037037037 0.6904340277777777 0.04230324074074074 0.12538194444444456
4 0.5703414351851852 0.53015625 0.24930555555555553 0.3679282407407408
2 0.6556423611111111 0.8187152777777778 0.09571759259259274 0.1401851851851852
2 0.6394965277777778 0.8964525462962964 0.1999421296296296 0.17292824074074103
4 0.7877604166666667 0.8967418981481481 0.12771990740740743 0.16142361111111114
2 0.8561921296296295 0.6083101851851852 0.2591435185185187 0.5071296296296296
2 0.523263888888889 0.1788136574074074 0.12534722222222214 0.1816435185185185
4 0.609201388888889 0.2184085648148148 0.09953703703703702 0.15902777777777777
3 0.4566261574074074 0.608443287037037 0.05682870370370381 0.10157407407407408
1 0.4183159722222222 0.799994212962963 0.13813657407407404 0.1476851851851851