6 0.40859375 0.81015625 0.8171875 0.3796875
6 0.878125 0.8734375 0.24375 0.253125
6 0.72734375 0.65390625 0.1953125 0.07578125
6 0.53046875 0.62578125 0.15 0.08125
6 0.2859375 0.54375 0.11953125 0.06953125
3 0.31953125 0.56796875 0.090625 0.0375
0 0.428125 0.540625 0.08046875 0.0359375
4 0.56875 0.56640625 0.084375 0.06640625
3 0.24296875 0.46015625 0.0515625 0.09921875
6 0.25546875 0.33125 0.30859375 0.11171875
5 0.04921875 0.2265625 0.0984375 0.10234375
4 0.4640625 0.09453125 0.22265625 0.1515625
4 0.278125 0.04609375 0.19375 0.09140625
6 0.284375 0.19375 0.121875 0.0546875
6 0.3796875 0.271875 0.1203125 0.0265625
6 0.48359375 0.3796875 0.1515625 0.06484375
4 0.278125 0.421875 0.13203125 0.13515625
4 0.05703125 0.58671875 0.1140625 0.13984375
4 0.109375 0.43671875 0.07890625 0.06171875