3 0.81328125 0.14296875 0.11171875 0.15546875
3 0.5171875 0.03515625 0.11015625 0.06953125
3 0.71953125 0.0890625 0.04765625 0.05078125
3 0.89921875 0.1484375 0.05625 0.0578125
3 0.69921875 0.3359375 0.07421875 0.09609375
3 0.16328125 0.33515625 0.025 0.03203125
3 0.16640625 0.27265625 0.0171875 0.03203125
3 0.12421875 0.2765625 0.01875 0.025
3 0.0875 0.25703125 0.034375 0.015625
3 0.20390625 0.32421875 0.03671875 0.02265625
3 0.21953125 0.39921875 0.02421875 0.02890625
3 0.21796875 0.3625 0.021875 0.02109375
3 0.15625 0.3609375 0.0234375 0.01875
3 0.16796875 0.38125 0.0265625 0.02421875
3 0.19609375 0.40390625 0.028125 0.02734375
3 0.18046875 0.428125 0.0328125 0.028125
3 0.2140625 0.43046875 0.0171875 0.028125
3 0.1828125 0.45625 0.028125 0.01796875
3 0.178125 0.51328125 0.03046875 0.03046875
3 0.184375 0.5484375 0.03125 0.02734375
3 0.22890625 0.5390625 0.0265625 0.0390625
3 0.240625 0.55390625 0.021875 0.034375
3 0.16328125 0.590625 0.03984375 0.05
3 0.22421875 0.62890625 0.0359375 0.0359375
3 0.18828125 0.625 0.03046875 0.0359375
3 0.15078125 0.66171875 0.02890625 0.04375
3 0.17734375 0.67109375 0.02109375 0.03046875
3 0.1828125 0.703125 0.0328125 0.0328125
3 0.18984375 0.73046875 0.04140625 0.02265625
3 0.1796875 0.7578125 0.05703125 0.0421875
3 0.16640625 0.79453125 0.0375 0.03203125
3 0.2015625 0.81484375 0.04140625 0.0328125
3 0.16640625 0.82421875 0.02578125 0.03203125
3 0.22109375 0.684375 0.0390625 0.046875
3 0.528125 0.859375 0.07421875 0.16640625
3 0.68359375 0.91640625 0.09921875 0.15625
3 0.59453125 0.79375 0.0578125 0.1109375
3 0.459375 0.728125 0.04921875 0.04609375
3 0.44609375 0.78984375 0.04765625 0.075
3 0.35390625 0.81953125 0.09453125 0.0609375
3 0.3546875 0.74921875 0.08515625 0.06796875
3 0.73125 0.7453125 0.13984375 0.165625
3 0.75390625 0.61875 0.04609375 0.0375
3 0.94140625 0.6609375 0.0796875 0.08125
3 0.9640625 0.7640625 0.02421875 0.03671875
3 0.9390625 0.7578125 0.0234375 0.02734375
3 0.89296875 0.7140625 0.025 0.0484375
3 0.88046875 0.74765625 0.02109375 0.0296875
3 0.8484375 0.740625 0.03359375 0.0265625
3 0.84921875 0.69296875 0.03203125 0.04296875
3 0.83984375 0.64375 0.03984375 0.0453125
3 0.8234375 0.58984375 0.04453125 0.03984375
3 0.640625 0.628125 0.05 0.0546875
3 0.69609375 0.49375 0.11328125 0.1390625
3 0.57578125 0.48515625 0.0546875 0.05
3 0.546875 0.390625 0.10234375 0.07890625
3 0.8171875 0.33515625 0.0390625 0.0390625
3 0.77109375 0.33359375 0.04296875 0.04765625
3 0.79453125 0.3640625 0.0265625 0.02421875
3 0.76171875 0.3640625 0.0203125 0.03125
3 0.79296875 0.403125 0.0234375 0.02734375
3 0.76796875 0.4390625 0.046875 0.02734375
3 0.428125 0.12109375 0.13125 0.075
3 0.75546875 0.0453125 0.0390625 0.034375
3 0.6703125 0.04296875 0.046875 0.040625
3 0.915625 0.075 0.0703125 0.0421875
3 0.98671875 0.0859375 0.0265625 0.0375
3 0.9109375 0.91484375 0.05546875 0.06953125
3 0.97421875 0.9390625 0.0515625 0.0625
3 0.96640625 0.8734375 0.05078125 0.040625
3 0.95703125 0.8328125 0.0546875 0.053125
3 0.8890625 0.81328125 0.075 0.0515625
6 0.32734375 0.9265625 0.14296875 0.12734375
6 0.4953125 0.58203125 0.1515625 0.06328125
6 0.44140625 0.5140625 0.13203125 0.10546875
6 0.3109375 0.52265625 0.1171875 0.071875
6 0.3515625 0.39765625 0.12109375 0.08671875
6 0.4890625 0.4375 0.11640625 0.0703125
3 0.65859375 0.4125 0.06875 0.053125
3 0.63828125 0.3796875 0.034375 0.03984375
3 0.61640625 0.33125 0.0234375 0.0390625
2 0.94765625 0.278125 0.1046875 0.075
2 0.9375 0.334375 0.05625 0.028125
3 0.89375 0.3921875 0.06640625 0.0375
3 0.86640625 0.34296875 0.078125 0.053125
3 0.946875 0.4875 0.10546875 0.11171875
3 0.93046875 0.59453125 0.03046875 0.0359375
3 0.8046875 0.56171875 0.02734375 0.03515625
3 0.89453125 0.63125 0.04140625 0.02734375
3 0.63515625 0.26171875 0.0375 0.0421875
3 0.6046875 0.23359375 0.0265625 0.03046875
3 0.571875 0.23359375 0.0203125 0.02265625
3 0.55234375 0.209375 0.03515625 0.025
3 0.48125 0.196875 0.0390625 0.03203125
3 0.36328125 0.17890625 0.0515625 0.04453125
3 0.42421875 0.2375 0.0328125 0.0359375
3 0.34140625 0.28671875 0.034375 0.028125
3 0.359375 0.33046875 0.0453125 0.03125
3 0.66953125 0.1328125 0.0390625 0.034375
3 0.6 0.1375 0.02421875 0.021875
3 0.60625 0.17734375 0.021875 0.0296875
3 0.43203125 0.040625 0.096875 0.08046875