6 0.7436805555555555 0.942679398148148 0.11190972222222229 0.06726851851851876
4 0.8426851851851852 0.2702662037037037 0.25180555555555556 0.3364699074074074
6 0.9012673611111112 0.5865162037037037 0.18561342592592603 0.402662037037037
5 0.11498842592592592 0.9902662037037036 0.10023148148148149 0.01710648148148124
4 0.6622048611111111 0.27372106481481484 0.1720833333333333 0.22750000000000004
2 0.04656828703703704 0.4992708333333333 0.09313657407407408 0.28583333333333344
5 0.06305555555555556 0.7832870370370371 0.12611111111111112 0.2440393518518519
6 0.5578587962962963 0.6212847222222222 0.19856481481481475 0.32787037037037037
4 0.4263715277777777 0.48107638888888893 0.1810995370370371 0.3088657407407407
0 0.3788252314814815 0.9488657407407407 0.0935300925925926 0.09199074074074076
4 0.27853009259259254 0.4957638888888889 0.09906249999999997 0.2545370370370371
5 0.20249421296296294 0.7249652777777778 0.10828703703703706 0.13907407407407407
5 0.20621527777777776 0.8428530092592592 0.09771990740740737 0.1639120370370371
5 0.3800578703703704 0.707494212962963 0.11959490740740737 0.16423611111111108
5 0.4149537037037037 0.7772743055555555 0.09920138888888896 0.2639120370370371
5 0.12626736111111111 0.8088888888888889 0.10803240740740741 0.33277777777777795
0 0.15050925925925926 0.49063078703703694 0.05439814814814814 0.08672453703703695
0 0.18646412037037038 0.43620370370370376 0.0422685185185185 0.11153935185185179
6 0.6614467592592593 0.2721701388888889 0.175462962962963 0.24473379629629627