3 0.3453125 0.10625 0.1953125 0.2125
3 0.70625 0.25859375 0.225 0.22890625
3 0.91328125 0.37109375 0.1734375 0.203125
3 0.9109375 0.540625 0.178125 0.1453125
3 0.7921875 0.5578125 0.04921875 0.0484375
3 0.7453125 0.71640625 0.09921875 0.11328125
3 0.915625 0.71640625 0.16796875 0.1078125
3 0.9328125 0.83671875 0.134375 0.1078125
3 0.6 0.871875 0.35390625 0.25546875
3 0.25390625 0.6984375 0.1265625 0.0625
3 0.3015625 0.56796875 0.1015625 0.11796875
3 0.06640625 0.475 0.13203125 0.1453125
3 0.08828125 0.3 0.06875 0.065625
3 0.04921875 0.15859375 0.04296875 0.040625
3 0.03203125 0.04296875 0.0640625 0.0734375
3 0.97734375 0.05546875 0.0453125 0.0609375
3 0.48515625 0.64140625 0.0578125 0.05078125
3 0.43828125 0.025 0.175 0.05
3 0.18828125 0.846875 0.05234375 0.08046875
3 0.32578125 0.8125 0.05859375 0.0390625
3 0.28828125 0.88984375 0.05546875 0.046875
3 0.321875 0.2515625 0.15703125 0.08828125
3 0.24140625 0.090625 0.08359375 0.06171875
3 0.290625 0.3765625 0.0453125 0.046875
3 0.31328125 0.32109375 0.05234375 0.03984375
3 0.340625 0.42109375 0.0484375 0.040625
3 0.6458333328125 0.5173611109375 0.6636904765625 0.531001984375 0.6610449734375 0.5329861109375 0.6617063484375 0.5334821421875 0.666335978125 0.533730159375 0.671296296875 0.5376984125 0.684523809375 0.5424107140625 0.7017195765625 0.5419146828125 0.7099867718749999 0.5389384921875 0.7132936515625 0.5359623015625 0.7169312171875 0.534722221875 0.7255290999999999 0.5265376984375 0.728174603125 0.5200892859375 0.7321428578125 0.518353175 0.7361111109375 0.51884920625 0.7374338625 0.5173611109375 0.7364417984375 0.514880953125 0.734788359375 0.51512896875 0.728174603125 0.5049603171875 0.728174603125 0.5009920640625001 0.7298280421875 0.4920634921875 0.73776455 0.48239087343750003 0.7374338625 0.47842261875 0.7394179890625 0.474950396875 0.7394179890625 0.4702380953125 0.734126984375 0.46031746093750003 0.721560846875 0.4484126984375 0.71825396875 0.4375 0.7166005296875 0.4365079359375 0.6861772484374999 0.45758928593750003 0.6382275125 0.49578372968749995 0.6339285718750001 0.5022321421875 0.6375661375 0.5039682546875001 0.6415343921875001 0.5076884921875 0.6458333328125 0.5173611109375
3 0.584375 0.40078125 0.06171875 0.0421875
3 0.62265625 0.2625 0.02265625 0.034375
3 0.6375 0.24140625 0.02265625 0.02421875
3 0.9265625 0.14921875 0.0328125 0.04453125
3 0.9484375 0.0875 0.03203125 0.04453125
3 0.60703125 0.08359375 0.03203125 0.05078125