5 0.7931539351851852 0.2855150462962963 0.15317129629629633 0.2183101851851852
5 0.1909375 0.06281250000000001 0.130625 0.12562500000000001
5 0.8539236111111113 0.9404976851851853 0.16016203703703696 0.10743055555555543
5 0.2819212962962963 0.22368055555555558 0.11519675925925928 0.15396990740740737
5 0.4141087962962963 0.5179976851851852 0.12337962962962959 0.20402777777777778
6 0.7051157407407407 0.5697453703703703 0.23553240740740727 0.368912037037037
6 0.9200462962962963 0.767361111111111 0.09976851851851834 0.18041666666666673
6 0.8774710648148147 0.5036284722222222 0.12351851851851876 0.2227777777777778
6 0.7726620370370372 0.7317361111111111 0.15329861111111107 0.23549768518518518
2 0.3669618055555556 0.02921296296296296 0.05670138888888889 0.05842592592592592
2 0.2535763888888889 0.5699652777777778 0.1686921296296296 0.20436342592592602
0 0.08209490740740741 0.3259375 0.16418981481481482 0.2668287037037037
6 0.5555902777777778 0.29586805555555556 0.17862268518518523 0.27943287037037035
2 0.5548726851851852 0.49820601851851853 0.09348379629629626 0.1756828703703704
1 0.43015625 0.04071180555555556 0.06468749999999997 0.08142361111111111
4 0.91765625 0.7736284722222223 0.10460648148148124 0.2007638888888888