4 0.1632986111111111 0.1955150462962963 0.3202777777777778 0.39042824074074073
4 0.5791840277777778 0.9113888888888889 0.28163194444444456 0.17722222222222223
6 0.69765625 0.22141203703703702 0.29899305555555566 0.3682523148148148
6 0.6219965277777778 0.1296064814814815 0.17725694444444445 0.2290393518518518
4 0.597829861111111 0.6029976851851852 0.13065972222222227 0.16432870370370373
4 0.670625 0.4250520833333333 0.14118055555555564 0.22538194444444457
2 0.8585243055555555 0.33089699074074075 0.09454861111111086 0.12475694444444443
0 0.7871875 0.4056712962962963 0.11753472222222232 0.15008101851851857
4 0.7590277777777777 0.722650462962963 0.20309027777777774 0.24815972222222218
4 0.9064062500000001 0.20339699074074075 0.18149305555555556 0.2540856481481481
4 0.06972222222222221 0.5519386574074074 0.13944444444444443 0.3476273148148149
4 0.36550347222222224 0.5534317129629629 0.11364583333333336 0.13284722222222226
4 0.3074826388888889 0.6979803240740741 0.18197916666666672 0.3352893518518519
1 0.7023090277777777 0.22226273148148148 0.2608680555555555 0.35363425925925923