0 0.6435995370370371 0.5218981481481482 0.11390046296296283 0.20082175925925938
5 0.19960648148148147 0.5022048611111111 0.08983796296296295 0.15846064814814814
5 0.1505150462962963 0.8268055555555556 0.14164351851851853 0.2807060185185186
5 0.05122106481481481 0.4518923611111111 0.09341435185185185 0.2944097222222222
0 0.9375925925925926 0.8100347222222222 0.12481481481481467 0.31662037037037044
5 0.9516145833333333 0.428125 0.09677083333333343 0.1960648148148149
0 0.2843865740740741 0.8452546296296296 0.15773148148148142 0.30949074074074084
4 0.38440972222222225 0.5324768518518519 0.20643518518518517 0.43585648148148143
2 0.5332175925925926 0.8728472222222223 0.09756944444444446 0.25430555555555545
2 0.7803819444444444 0.5799363425925926 0.18915509259259267 0.4294791666666667
0 0.5716145833333334 0.6721296296296296 0.0737268518518519 0.12553240740740748
3 0.5618692129629629 0.9634317129629629 0.07289351851851862 0.06928240740740747