6 0.0383275462962963 0.316255787037037 0.05189814814814815 0.06554398148148141
4 0.10510995370370371 0.7758043981481482 0.21021990740740742 0.44839120370370367
5 0.2967476851851852 0.2769965277777778 0.08046296296296296 0.18659722222222222
5 0.6073321759259259 0.1133912037037037 0.0908449074074074 0.1681712962962963
5 0.47926504629629624 0.16042245370370373 0.095173611111111 0.2088888888888889
5 0.3783159722222222 0.2950520833333333 0.06938657407407404 0.18158564814814815
5 0.04799189814814815 0.14842592592592593 0.07695601851851852 0.12092592592592592
6 0.05108796296296296 0.38700810185185186 0.05364583333333332 0.07184027777777784
3 0.5373206018518518 0.206712962962963 0.051435185185185264 0.04991898148148142
4 0.7185532407407408 0.9156278935185185 0.1772916666666667 0.16874421296296305
1 0.35085648148148146 0.9315162037037037 0.06063657407407401 0.09702546296296291
5 0.21107060185185186 0.974357638888889 0.0407754629629629 0.051284722222222
0 0.4495081018518518 0.8929918981481482 0.11140046296296298 0.21401620370370367
0 0.885943287037037 0.8441550925925926 0.046481481481481526 0.09348379629629626
4 0.8334780092592592 0.9714496527777777 0.04270833333333357 0.0571006944444445
0 0.8403298611111112 0.8529687499999999 0.051898148148148235 0.06554398148148159
0 0.9561689814814816 0.8227777777777778 0.04340277777777786 0.0949537037037036
0 0.2261400462962963 0.5751678240740741 0.07787037037037034 0.09909722222222221
0 0.1530960648148148 0.348587962962963 0.04895833333333335 0.07170138888888893
0 0.11528935185185185 0.2786574074074074 0.049826388888888885 0.04831018518518526
3 0.6867303240740741 0.28385995370370376 0.026203703703703774 0.0413657407407408
3 0.6546006944444445 0.2070601851851852 0.03194444444444446 0.02436342592592595
3 0.5706018518518519 0.2710358796296296 0.033645833333333285 0.029097222222222198
3 0.5984143518518519 0.22963541666666668 0.025509259259259308 0.01792824074074071
3 0.4128298611111111 0.18582175925925926 0.0318518518518518 0.021238425925925952
3 0.23528935185185187 0.13442708333333334 0.033506944444444464 0.024409722222222197
3 0.15288773148148146 0.25005787037037036 0.030567129629629618 0.030567129629629618
0 0.7034085648148147 0.6182407407407408 0.046840277777777925 0.052905092592592594
3 0.5377256944444444 0.35138310185185184 0.03673611111111104 0.08070601851851852
3 0.20104745370370375 0.04974537037037037 0.07864583333333339 0.07258101851851853
3 0.18324074074074076 0.14930555555555555 0.04583333333333335 0.07160879629629631
5 0.0059953703703703705 0.07518518518518519 0.011990740740740741 0.11599537037037037
5 0.5421296296296296 0.2819212962962963 0.03618055555555557 0.06195601851851853
6 0.10248842592592593 0.7851793981481482 0.20497685185185185 0.4296412037037037