5 0.35480324074074077 0.7588252314814815 0.18015046296296297 0.2487268518518519
4 0.1035648148148148 0.5605613425925926 0.19574074074074072 0.3523726851851851
5 0.7816145833333333 0.42248263888888893 0.1610879629629629 0.332349537037037
4 0.05485532407407408 0.17146990740740742 0.10771990740740742 0.20856481481481484
4 0.264994212962963 0.3361979166666667 0.23501157407407405 0.36788194444444444
5 0.7989525462962963 0.8506510416666666 0.2840856481481481 0.2986979166666668
5 0.9393402777777778 0.8088252314814814 0.12131944444444435 0.21267361111111108
5 0.9486979166666668 0.7037326388888889 0.10260416666666643 0.2166087962962962
5 0.6325636574074075 0.4809895833333334 0.17576388888888878 0.2688657407407408
2 0.5552430555555555 0.6905092592592592 0.09240740740740741 0.12366898148148149
4 0.5379340277777778 0.5235532407407407 0.12973379629629633 0.21875
4 0.2228645833333333 0.6547743055555555 0.21225694444444443 0.30769675925925916
5 0.8694849537037037 0.6615451388888889 0.13300925925925924 0.12361111111111107
2 0.09803819444444445 0.5564525462962963 0.18501157407407406 0.36603009259259256