1 0.7345949074074074 0.1084548611111111 0.0882407407407408 0.10388888888888888
5 0.06933449074074075 0.3492881944444445 0.1386689814814815 0.1701736111111111
0 0.9672106481481482 0.3563715277777778 0.06217592592592602 0.16989583333333336
4 0.1095023148148148 0.79921875 0.2190046296296296 0.4015625
5 0.5239583333333333 0.16395833333333334 0.10649305555555558 0.24840277777777775
5 0.6580960648148148 0.6239756944444445 0.1269907407407409 0.2743055555555555
0 0.8789641203703702 0.24225694444444446 0.09185185185185177 0.1696527777777778
5 0.40023148148148147 0.09203125000000001 0.10266203703703702 0.15295138888888887
3 0.7730902777777777 0.2922569444444444 0.10251157407407412 0.13263888888888892
5 0.3476215277777778 0.33664930555555556 0.12341435185185183 0.21322916666666664
5 0.6348437499999999 0.07041666666666667 0.10682870370370381 0.08284722222222222
5 0.9213194444444444 0.8544965277777777 0.13106481481481466 0.19170138888888885
5 0.671880787037037 0.9623263888888889 0.10857638888888896 0.07534722222222215
5 0.12603587962962964 0.18222222222222223 0.07938657407407405 0.1737847222222222
5 0.2986574074074074 0.19458333333333333 0.08871527777777777 0.1679513888888889
5 0.2700983796296296 0.6739409722222222 0.2218055555555555 0.21135416666666665