3 0.31524305555555554 0.36076388888888894 0.07409722222222222 0.07606481481481478
3 0.37643518518518515 0.053993055555555544 0.12162037037037035 0.09863425925925925
3 0.42083912037037036 0.20848958333333334 0.15190972222222215 0.11938657407407405
3 0.38219907407407405 0.3539467592592592 0.07836805555555557 0.06207175925925927
3 0.4678703703703704 0.29352430555555553 0.0706018518518519 0.06351851851851853
3 0.6151793981481481 0.28399305555555554 0.07225694444444439 0.0666666666666667
3 0.6680324074074073 0.19653356481481482 0.10553240740740755 0.08277777777777776
3 0.6460648148148149 0.40392939814814816 0.05635416666666657 0.05706018518518512
3 0.6610416666666666 0.4877083333333333 0.0565393518518519 0.06331018518518512
3 0.7371064814814815 0.313912037037037 0.0889930555555555 0.1043981481481481
3 0.6265972222222222 0.5902777777777778 0.048958333333333215 0.07100694444444447
3 0.5524537037037037 0.6180729166666666 0.1094444444444445 0.10938657407407408
3 0.45431134259259254 0.6002199074074074 0.13871527777777787 0.0957638888888889
3 0.7810243055555556 0.9733506944444444 0.05346064814814806 0.053298611111111074
3 0.7223668981481481 0.9970023148148147 0.08640046296296297 0.005995370370370523
3 0.9833391203703703 0.45588541666666665 0.03332175925925931 0.0741087962962963