2 0.010850694444444444 0.8950115740740742 0.021701388888888888 0.08810185185185163
2 0.2500347222222222 0.8460763888888888 0.5000694444444445 0.30743055555555543
4 0.1412152777777778 0.3736284722222222 0.2824305555555556 0.2292361111111111
3 0.418125 0.3030787037037037 0.06746527777777764 0.08378472222222219
3 0.4560416666666667 0.2486284722222222 0.043645833333333425 0.06624999999999996
3 0.5057986111111111 0.2939699074074074 0.05784722222222225 0.07270833333333329
3 0.3158680555555556 0.546701388888889 0.07229166666666664 0.09010416666666679
3 0.6384201388888889 0.23030671296296296 0.14555555555555558 0.08337962962962964
3 0.5026909722222221 0.08236689814814815 0.06281250000000008 0.08527777777777779
3 0.41619791666666667 0.10864004629629628 0.0628124999999999 0.08527777777777779
2 0.882638888888889 0.20560185185185187 0.22861111111111115 0.16583333333333333
6 0.61953125 0.6585706018518518 0.3162847222222222 0.17494212962962957
6 0.6096354166666667 0.8930150462962964 0.3230902777777779 0.20003472222222207
2 0.6896006944444444 0.5278877314814815 0.10152777777777774 0.07023148148148142
6 0.9170833333333335 0.553414351851852 0.14381944444444414 0.1458333333333332
0 0.38180555555555556 0.21536458333333336 0.43145833333333333 0.2266319444444444
5 0.9337152777777777 0.08613425925925926 0.1304166666666667 0.10502314814814814
2 0.45531249999999995 0.5274537037037037 0.31000000000000016 0.1732870370370371