6 0.35149305555555554 0.0631712962962963 0.1282638888888889 0.1263425925925926
6 0.2453125 0.09488136574074074 0.1365972222222222 0.18976273148148148
3 0.9564236111111111 0.4303182870370371 0.04743055555555564 0.08540509259259252
3 0.9327430555555555 0.5423668981481482 0.071597222222222 0.06813657407407411
3 0.8518576388888889 0.5565104166666667 0.06684027777777786 0.0662962962962963
3 0.8899479166666666 0.2604976851851852 0.11968749999999986 0.13332175925925932
3 0.9006597222222222 0.35258680555555555 0.081388888888889 0.07806712962962958
3 0.2658333333333333 0.64578125 0.0688194444444445 0.07576388888888878
3 0.20451388888888888 0.833304398148148 0.06868055555555559 0.07263888888888914
3 0.2750520833333333 0.8415914351851853 0.08322916666666665 0.08440972222222243
3 0.3656770833333333 0.13494791666666667 0.09677083333333333 0.10858796296296296
3 0.40531249999999996 0.24246527777777777 0.15489583333333332 0.15410879629629629
3 0.48128472222222224 0.046941550925925925 0.10756944444444443 0.09388310185185185
3 0.4575520833333334 0.1365162037037037 0.12177083333333343 0.11006944444444447
3 0.5904340277777778 0.5829108796296296 0.10020833333333332 0.0807407407407407
3 0.4223263888888889 0.9115625000000002 0.09888888888888889 0.12118055555555571
3 0.5727430555555555 0.7179803240740741 0.12156249999999993 0.1755092592592593
3 0.7724305555555555 0.22226851851851853 0.11750000000000008 0.11916666666666664
3 0.6386458333333334 0.49745949074074075 0.07621527777777785 0.06685185185185176
3 0.6409027777777778 0.6570601851851852 0.08850694444444436 0.1330324074074074
3 0.4459375 0.7309490740740741 0.08538194444444436 0.13284722222222226
3 0.5111284722222222 0.7192939814814815 0.0870486111111111 0.10021990740740741
3 0.5989756944444444 0.3907233796296296 0.08760416666666657 0.11271990740740741
3 0.6347569444444444 0.3044502314814815 0.0874305555555555 0.07375000000000007
3 0.2587326388888889 0.36725115740740744 0.07065972222222214 0.08210648148148145
3 0.2207986111111111 0.29157986111111106 0.07312500000000002 0.10251157407407412