3 0.92421875 0.12049768518518518 0.0625 0.045775462962962976
3 0.9265625 0.16266782407407407 0.053125 0.05195601851851852
3 0.9078125 0.21749421296296295 0.0390625 0.0315393518518519
3 0.871875 0.17322916666666668 0.040625 0.044050925925925896
3 0.8140625 0.15334490740740742 0.0703125 0.056770833333333305
3 0.81484375 0.07755787037037036 0.075 0.07399305555555555
3 0.76328125 0.28809606481481487 0.05625 0.07385416666666664
3 0.69921875 0.25107060185185187 0.05625 0.05666666666666664
3 0.72421875 0.0005150462962962964 0.0390625 0.0010300925925925929
3 0.68046875 0.0022511574074074074 0.0453125 0.004502314814814815
3 0.69765625 0.09326967592592592 0.0515625 0.05194444444444444
3 0.42265625 0.03614872685185185 0.115625 0.0722974537037037
3 0.16171875 0.23005208333333332 0.1671875 0.14498842592592592
3 0.0296875 0.1091550925925926 0.053125 0.11914351851851852
3 0.165625 0.3753356481481481 0.0921875 0.07412037037037038
3 0.0703125 0.3401041666666667 0.0890625 0.13815972222222223
3 0.171875 0.592476851851852 0.34375 0.2775462962962962
3 0.30234375 0.7727604166666666 0.071875 0.07084490740740748
3 0.390625 0.6158564814814815 0.075 0.08961805555555565
3 0.37578125 0.5190914351851852 0.0734375 0.06304398148148156
3 0.36328125 0.44730902777777776 0.065625 0.053611111111111144
3 0.4890625 0.8354398148148148 0.128125 0.09469907407407412
2 0.8078125 0.36042245370370374 0.146875 0.16983796296296294
2 0.95703125 0.6046296296296296 0.0859375 0.15532407407407406
3 0.4296875 0.22962962962962963 0.059375 0.0723148148148148