3 0.4864583333333334 0.10765625000000001 0.30503472222222217 0.21531250000000002
3 0.3123784722222222 0.24479166666666669 0.23249999999999993 0.2538541666666667
3 0.20819444444444443 0.09307291666666667 0.20548611111111112 0.18614583333333334
3 0.04694444444444444 0.5602083333333333 0.09388888888888888 0.15770833333333342
3 0.06352430555555555 0.6971875 0.1270486111111111 0.17125000000000004
3 0.3986805555555556 0.6690104166666667 0.2630902777777777 0.20604166666666668
3 0.2624305555555556 0.7552083333333334 0.34729166666666667 0.3129166666666666
3 0.5616145833333334 0.8411979166666667 0.4589930555555556 0.26739583333333317
3 0.6423090277777778 0.46270833333333333 0.20666666666666664 0.16333333333333327
3 0.8310590277777777 0.3519791666666666 0.3155208333333334 0.33416666666666667
3 0.81609375 0.82890625 0.18357638888888914 0.23968750000000014
3 0.5022222222222222 0.58265625 0.203125 0.15375000000000014