5 0.6331249999999999 0.8947743055555556 0.11298611111111115 0.15628472222222242
5 0.7480034722222222 0.8552256944444444 0.13354166666666673 0.1977430555555557
2 0.16092013888888887 0.15097222222222223 0.1403125 0.17465277777777777
1 0.4451388888888889 0.19183159722222223 0.25913194444444443 0.38366319444444447
4 0.8895572916666665 0.8186284722222222 0.22088541666666686 0.23861111111111127
4 0.8081423611111112 0.4463020833333333 0.3837152777777778 0.6002430555555556
4 0.625625 0.47944444444444445 0.14447916666666671 0.2684027777777779
4 0.656892361111111 0.09022569444444445 0.2231597222222222 0.1804513888888889
1 0.8514583333333334 0.12230902777777777 0.26541666666666686 0.24461805555555555
5 0.5180208333333333 0.8411805555555555 0.14347222222222236 0.2808333333333334
6 0.1945138888888889 0.46651041666666665 0.338125 0.5202777777777777
5 0.4869097222222223 0.9161458333333332 0.13381944444444435 0.1338194444444447