4 0.9087065972222221 0.8097858796296297 0.18258680555555565 0.2838078703703701
6 0.8211863425925927 0.1718113425925926 0.15234953703703696 0.24503472222222228
0 0.38892361111111107 0.6089236111111112 0.10164351851851858 0.16596064814814823
0 0.3250405092592593 0.9087847222222223 0.09483796296296294 0.1468865740740739
4 0.4763310185185185 0.8125231481481482 0.0705324074074074 0.16902777777777764
4 0.5460243055555555 0.49749421296296303 0.08335648148148138 0.18061342592592594
4 0.8668576388888889 0.496724537037037 0.2662847222222222 0.40340277777777783
6 0.7811342592592593 0.906261574074074 0.10636574074074065 0.11472222222222221
0 0.29796296296296293 0.23258680555555555 0.11763888888888889 0.17927083333333335
4 0.4814409722222222 0.5360532407407408 0.08881944444444442 0.15437499999999993
4 0.6678472222222223 0.05794849537037037 0.1105555555555556 0.11589699074074074
6 0.9368113425925927 0.09844907407407408 0.12637731481481468 0.19689814814814816