4 0.75703125 0.8734375 0.45625 0.25234375
4 0.0921875 0.30234375 0.184375 0.2234375
6 0.771875 0.3515625 0.30390625 0.20859375
6 0.871875 0.440625 0.25625 0.12109375
4 0.40703125 0.359375 0.13828125 0.08984375
4 0.58203125 0.33203125 0.19453125 0.08828125
2 0.703125 0.18046875 0.10390625 0.06484375
0 0.621875 0.2296875 0.12578125 0.08125
4 0.32890625 0.18515625 0.20546875 0.14296875
4 0.86796875 0.11953125 0.26328125 0.2171875
4 0.34453125 0.91015625 0.3015625 0.1796875
4 0.40703125 0.5828125 0.109375 0.08125
4 0.26484375 0.60390625 0.29609375 0.103125
1 0.771875 0.346875 0.29921875 0.17578125