6 0.5257986111111111 0.7755902777777777 0.9210416666666665 0.43844907407407413
6 0.8501562500000001 0.1826099537037037 0.28093749999999995 0.3652199074074074
6 0.6770486111111111 0.10324074074074074 0.3177777777777777 0.2064814814814815
6 0.7182291666666666 0.007928240740740741 0.3916666666666668 0.015856481481481482
0 0.4324826388888889 0.5860648148148149 0.4383333333333333 0.2740856481481481
0 0.7874131944444445 0.4136689814814815 0.20128472222222235 0.13988425925925937
6 0.10276909722222223 0.685474537037037 0.20553819444444446 0.2078125
5 0.08918402777777777 0.972332175925926 0.14468750000000002 0.05070601851851819
5 0.09032986111111112 0.8505497685185185 0.17739583333333334 0.18840277777777778
6 0.8696006944444445 0.6124363425925926 0.23517361111111085 0.1902662037037036
6 0.3759895833333333 0.42478587962962966 0.3016319444444445 0.23165509259259257