4 0.08911458333333333 0.8271643518518518 0.17822916666666666 0.1800462962962964
4 0.37907986111111114 0.952488425925926 0.3626736111111112 0.09502314814814809
2 0.06848958333333334 0.33330439814814816 0.13697916666666668 0.15098379629629627
0 0.8600520833333334 0.8923148148148148 0.214340277777778 0.21537037037037052
0 0.8007986111111111 0.9656076388888888 0.1602777777777778 0.06878472222222243
1 0.528125 0.7010243055555556 0.07722222222222222 0.05444444444444443
2 0.37621527777777775 0.7703530092592592 0.1108680555555555 0.075138888888889
4 0.12856770833333334 0.6358622685185186 0.25713541666666667 0.15076388888888878
5 0.21050347222222224 0.35712962962962963 0.1531944444444444 0.08076388888888886
5 0.03982638888888888 0.42708912037037033 0.07965277777777777 0.07917824074074069
4 0.05001736111111112 0.12097800925925925 0.10003472222222223 0.17320601851851852
4 0.21671875 0.07629050925925926 0.13934027777777783 0.08461805555555554
4 0.23682291666666666 0.15267939814814815 0.16736111111111115 0.11900462962962965
0 0.8720486111111111 0.47074652777777776 0.22701388888888907 0.198900462962963
5 0.8281770833333333 0.5942592592592593 0.16552083333333342 0.11266203703703717
4 0.0565625 0.9510185185185186 0.113125 0.09796296296296277
5 0.17631944444444445 0.9324016203703703 0.20187500000000003 0.12416666666666672
5 0.83203125 0.3312962962962963 0.1930555555555557 0.13611111111111107
5 0.40289930555555553 0.46957754629629633 0.18871527777777786 0.14364583333333342