5 0.91875 0.5171875 0.16171875 0.084375
5 0.9 0.63046875 0.19921875 0.096875
2 0.13515625 0.1921875 0.1484375 0.1078125
1 0.21484375 0.4515625 0.33984375 0.1890625
4 0.88984375 0.7796875 0.2203125 0.2015625
4 0.51796875 0.78984375 0.51484375 0.35703125
4 0.51640625 0.575 0.2390625 0.0984375
4 0.11484375 0.6703125 0.22890625 0.17890625
1 0.16015625 0.87265625 0.31953125 0.25390625
5 0.840625 0.41796875 0.2578125 0.09375
6 0.4359375 0.1734375 0.45234375 0.2453125
5 0.92421875 0.3765625 0.1515625 0.10546875