3 0.06094907407407407 0.50390625 0.12189814814814814 0.1046875
3 0.3425173611111111 0.58125 0.10524305555555555 0.13125
3 0.2358622685185185 0.69453125 0.08826388888888888 0.075
3 0.2132523148148148 0.96484375 0.23645833333333338 0.0703125
3 0.04447337962962963 0.953125 0.08894675925925925 0.09375
3 0.030706018518518518 0.79375 0.061412037037037036 0.159375
3 0.6791261574074074 0.49296875 0.22413194444444445 0.1640625
3 0.6447164351851852 0.659375 0.11391203703703709 0.0875
3 0.4806828703703704 0.53828125 0.18815972222222221 0.103125
3 0.874357638888889 0.07265625 0.226284722222222 0.1453125
3 0.8659201388888889 0.53671875 0.10771990740740733 0.11875
3 0.8230555555555557 0.6703125 0.17259259259259246 0.134375
3 0.9328993055555556 0.5859375 0.07797453703703709 0.0875
3 0.5415277777777778 0.946875 0.1241782407407408 0.1046875
3 0.6738599537037037 0.80546875 0.11030092592592596 0.078125
3 0.6822858796296296 0.959375 0.0832523148148148 0.06875
3 0.24422453703703706 0.60859375 0.07576388888888896 0.075
6 0.4133912037037037 0.08828125 0.22946759259259258 0.1765625