4 0.153125 0.44730324074074074 0.2828125 0.5349074074074075
4 0.83984375 0.8508101851851851 0.190625 0.2389120370370371
5 0.234375 0.1568576388888889 0.14375 0.2073148148148148
5 0.9359375 0.5899421296296297 0.128125 0.2759490740740741
0 0.85546875 0.14053819444444443 0.275 0.244224537037037
1 0.796875 0.43081597222222223 0.1546875 0.21208333333333335
0 0.77890625 0.595011574074074 0.1296875 0.17596064814814802
5 0.696875 0.7995254629629629 0.1265625 0.1259375000000002
0 0.6515625 0.974079861111111 0.09375 0.042881944444444285
0 0.5703125 0.942650462962963 0.15625 0.10740740740740726
6 0.45078125 0.9224421296296296 0.0828125 0.14748842592592623
1 0.43359375 0.5444444444444445 0.165625 0.33560185185185176
1 0.53125 0.5874710648148149 0.1125 0.16802083333333329
1 0.25078125 0.7997048611111112 0.1984375 0.2827199074074073
5 0.03515625 0.8927083333333332 0.0703125 0.11458333333333356
2 0.08828125 0.14678819444444444 0.1296875 0.2935763888888889
4 0.08671875 0.14210069444444445 0.1265625 0.2842013888888889
0 0.5109375 0.034380787037037036 0.18125 0.06876157407407407
0 0.61953125 0.7860358796296296 0.184375 0.32949074074074075