6 0.974392361111111 0.4327256944444445 0.024594907407407617 0.07424768518518512
4 0.835300925925926 0.8326388888888889 0.24467592592592596 0.33472222222222214
5 0.7265335648148148 0.34453125 0.10920138888888893 0.21001157407407406
5 0.42375578703703703 0.11270254629629631 0.11788194444444447 0.19160879629629632
5 0.5524594907407407 0.1863136574074074 0.1257523148148149 0.23559027777777777
5 0.6348090277777778 0.3497395833333333 0.09641203703703702 0.20173611111111117
5 0.9811342592592591 0.25069444444444444 0.026851851851851904 0.13518518518518513
6 0.9598668981481481 0.5080729166666667 0.04832175925925952 0.08292824074074083
3 0.48139467592592594 0.22514467592592596 0.06151620370370381 0.06001157407407405
4 0.16160300925925924 0.9173900462962964 0.1984953703703704 0.13530092592592596
1 0.5504629629629629 0.9891493055555556 0.06875 0.02170138888888893
0 0.4526331018518519 0.9281539351851851 0.13246527777777786 0.14369212962962977
0 0.009577546296296294 0.8438657407407408 0.019155092592592588 0.10648148148148166
0 0.03773148148148148 0.8611689814814815 0.0652777777777778 0.07731481481481488
0 0.746267361111111 0.6777488425925926 0.09623842592592595 0.1127893518518519
0 0.8666377314814815 0.44829282407407406 0.060821759259259166 0.08339120370370381
0 0.920775462962963 0.38067129629629626 0.058333333333333216 0.05833333333333339
3 0.3072048611111111 0.2812789351851852 0.032928240740740744 0.04646990740740744
3 0.3554398148148148 0.20405092592592594 0.03703703703703702 0.03101851851851851
3 0.4336805555555555 0.2883101851851852 0.038715277777777855 0.03420138888888893
3 0.41128472222222223 0.23819444444444446 0.03049768518518512 0.022974537037037022
3 0.6174479166666667 0.22705439814814818 0.038425925925925954 0.026388888888888927
3 0.8177951388888889 0.20396412037037037 0.03859953703703702 0.031076388888888928
3 0.8846064814814814 0.3433449074074074 0.03726851851851833 0.03726851851851851
0 0.22757523148148148 0.6358506944444444 0.055324074074074046 0.06134259259259256
3 0.45454282407407404 0.3798321759259259 0.04861111111111107 0.09074074074074075
3 0.8702546296296297 0.11828703703703705 0.09380787037037024 0.08929398148148149
3 0.8716145833333334 0.22942708333333334 0.056076388888888926 0.08165509259259256
5 0.4635706018518519 0.30506365740740743 0.04629629629629619 0.07037037037037042
6 0.835763888888889 0.8412905092592592 0.2393518518518519 0.3174189814814817