6 0.146875 0.31777199074074075 0.29375 0.6355439814814815
6 0.32092013888888893 0.26721643518518523 0.20083333333333328 0.37987268518518513
6 0.2460763888888889 0.7973292824074074 0.27444444444444444 0.4053414351851853
6 0.07121527777777778 0.6609895833333332 0.14243055555555556 0.27644675925925916
6 0.2888020833333333 0.49655092592592587 0.1364583333333334 0.12399305555555565
6 0.42062499999999997 0.4023726851851852 0.07659722222222225 0.1801273148148148
6 0.3638888888888889 0.8891724537037037 0.3260416666666667 0.22165509259259258
5 0.7397569444444445 0.6217303240740741 0.15031250000000007 0.47078703703703706
5 0.7008680555555555 0.9113831018518518 0.190625 0.1772337962962965
5 0.9090277777777779 0.9258593749999999 0.09010416666666643 0.14828125000000014
5 0.9230902777777779 0.3375925925925926 0.152708333333333 0.5597685185185186
6 0.56703125 0.08578125 0.10493055555555557 0.11612268518518518
6 0.42302083333333335 0.06656828703703703 0.2289583333333333 0.10072916666666668
5 0.43902777777777774 0.7635300925925925 0.08864583333333335 0.13554398148148153
4 0.8461458333333333 0.3422164351851852 0.11197916666666678 0.23964120370370362
1 0.7492361111111111 0.37321180555555555 0.0890625 0.14491898148148152