4 0.09578703703703703 0.28821180555555553 0.19157407407407406 0.4107986111111111
5 0.6521759259259259 0.7658101851851852 0.1562384259259261 0.21052083333333335
5 0.7725231481481482 0.7620138888888889 0.17531250000000007 0.25440972222222236
5 0.730011574074074 0.9109259259259259 0.11336805555555554 0.11802083333333328
5 0.587818287037037 0.9085792824074075 0.14356481481481484 0.1828414351851851
6 0.37408564814814815 0.9682986111111112 0.16298611111111114 0.06340277777777778
6 0.3887731481481481 0.8857407407407407 0.10879629629629628 0.1336111111111112
0 0.15252893518518518 0.5027025462962963 0.30505787037037035 0.2616550925925926
1 0.47196180555555556 0.0972511574074074 0.19357638888888892 0.1889236111111111
6 0.553587962962963 0.6799189814814814 0.13880787037037035 0.17758101851851862
6 0.7105092592592592 0.5904513888888889 0.09296296296296305 0.10537037037037038
4 0.6671122685185186 0.12057291666666667 0.2657754629629629 0.23320601851851852
1 0.9287731481481483 0.34127314814814813 0.08192129629629648 0.0912268518518518
2 0.8796122685185186 0.6495196759259259 0.08517361111111121 0.10843749999999996
4 0.8902199074074074 0.7996064814814815 0.20981481481481482 0.27185185185185184
1 0.2343460648148148 0.11111689814814815 0.26844907407407403 0.17229166666666665