4 0.6380324074074074 0.3992303240740741 0.22437500000000005 0.4757291666666667
3 0.6153125 0.6503298611111111 0.10181712962962966 0.16796296296296304
2 0.19531828703703705 0.9507986111111112 0.05995370370370372 0.06583333333333315
2 0.23412615740740744 0.5869733796296297 0.07052083333333332 0.060231481481481455
2 0.04071180555555556 0.6918981481481481 0.08142361111111111 0.06796296296296304
2 0.6781134259259259 0.8077141203703704 0.1346643518518519 0.24931712962962962
4 0.8676273148148148 0.4144039351851852 0.24030092592592603 0.3240856481481481
4 0.34152777777777776 0.4812268518518518 0.18692129629629636 0.36918981481481483
6 0.14211805555555557 0.6975520833333333 0.20943287037037037 0.3549537037037037
4 0.14707175925925925 0.19060185185185186 0.2902314814814815 0.37842592592592594
4 0.5909548611111111 0.12204282407407407 0.12075231481481481 0.17219907407407406