4 0.12489583333333334 0.5186284722222222 0.2497916666666667 0.5814930555555555
4 0.12418402777777778 0.21003472222222222 0.13869212962962965 0.16704861111111108
4 0.22586805555555553 0.9271527777777777 0.15405092592592595 0.1318055555555553
2 0.2976388888888889 0.8325868055555554 0.06376157407407401 0.17309027777777786
0 0.3367476851851852 0.6137326388888888 0.07247685185185179 0.0844444444444445
4 0.9054918981481481 0.9055381944444445 0.08341435185185198 0.08493055555555529
5 0.9727662037037037 0.1527951388888889 0.04440972222222221 0.301875
5 0.5083738425925926 0.7451215277777777 0.12570601851851854 0.3117361111111112
5 0.4127604166666667 0.7899826388888889 0.06385416666666668 0.18559027777777787
5 0.7775405092592592 0.36062500000000003 0.06987268518518519 0.1546180555555555
5 0.6018749999999999 0.7745486111111111 0.10780092592592591 0.21409722222222208