3 0.33182870370370365 0.5067708333333334 0.14403935185185182 0.1867476851851851
3 0.2570601851851852 0.19053819444444448 0.07853009259259255 0.05879629629629628
3 0.23206018518518517 0.23446180555555554 0.08605324074074075 0.0515625
3 0.04049479166666666 0.615017361111111 0.08098958333333332 0.09207175925925917
3 0.04861111111111111 0.414699074074074 0.09722222222222222 0.1893518518518519
3 0.16218171296296297 0.8379918981481481 0.07274305555555553 0.07083333333333357
3 0.2576099537037037 0.9329861111111111 0.07476851851851851 0.08344907407407405
3 0.253443287037037 0.7930555555555555 0.061400462962962976 0.059085648148148096
3 0.39580439814814816 0.9250868055555556 0.06273148148148149 0.05295138888888893
3 0.5004050925925926 0.7303530092592593 0.08802083333333321 0.06261574074074065
3 0.6380208333333334 0.9274016203703702 0.10607638888888893 0.04525462962962976
3 0.7990162037037037 0.8508101851851851 0.07598379629629637 0.07418981481481453
3 0.7307291666666667 0.2964699074074074 0.07228009259259274 0.058333333333333307
3 0.7131655092592593 0.7706886574074074 0.07262731481481488 0.06770833333333322
3 0.6309027777777778 0.5936921296296296 0.04386574074074083 0.0484375
3 0.5215277777777778 0.517650462962963 0.0645833333333334 0.10295138888888893
3 0.49730902777777775 0.22494212962962962 0.07650462962962959 0.0882523148148148
3 0.4759837962962963 0.31689814814814815 0.05671296296296298 0.05873842592592595
3 0.4395833333333333 0.3530960648148148 0.05688657407407405 0.06342592592592596
3 0.3953414351851852 0.3275462962962963 0.059837962962962975 0.05896990740740744
3 0.35810185185185184 0.3443287037037037 0.05596064814814809 0.08049768518518512
3 0.3243344907407407 0.26736111111111105 0.10491898148148149 0.0981481481481481
3 0.3698206018518519 0.17517361111111113 0.13211805555555553 0.11730324074074075
3 0.5711516203703704 0.16649305555555555 0.13298611111111108 0.09866898148148148
3 0.8940104166666668 0.0261574074074074 0.17135416666666642 0.0523148148148148
3 0.7730613425925925 0.14218749999999997 0.15121527777777785 0.12806712962962963
3 0.9658275462962962 0.04564525462962962 0.042071759259259524 0.09129050925925924
3 0.9010416666666666 0.11556712962962963 0.1393518518518519 0.10225694444444447
3 0.8305266203703704 0.27349537037037036 0.07262731481481488 0.0677083333333333
3 0.6606770833333333 0.3787905092592593 0.08657407407407405 0.19184027777777768
3 0.91328125 0.4372106481481481 0.14496527777777785 0.2538194444444445
3 0.8192418981481481 0.6202546296296296 0.17881944444444428 0.32644675925925914
2 0.7463831018518519 0.6100694444444444 0.12748842592592596 0.20266203703703703
3 0.4497974537037037 0.9397858796296298 0.07054398148148149 0.05353009259259238
3 0.5976851851851851 0.6491319444444444 0.04027777777777786 0.03570601851851851
3 0.6435185185185185 0.6527488425925926 0.049421296296296366 0.030150462962962976
3 0.6057291666666667 0.38987268518518514 0.04820601851851851 0.039409722222222235
3 0.5950231481481482 0.4896122685185185 0.0625 0.04670138888888893
3 0.8577835648148149 0.8838541666666666 0.05 0.045775462962962976
3 0.78671875 0.909375 0.07181712962962976 0.04583333333333321
3 0.7344618055555555 0.8898726851851851 0.05572916666666679 0.07424768518518547
3 0.6502025462962963 0.8929976851851851 0.053125 0.04600694444444429
3 0.3784722222222222 0.9513020833333332 0.07164351851851851 0.04114583333333357
3 0.26064814814814813 0.6616319444444445 0.09780092592592596 0.11631944444444446
3 0.5862268518518519 0.32743055555555556 0.05190972222222214 0.05526620370370363
3 0.5362847222222222 0.43475115740740744 0.05138888888888893 0.04120370370370381
3 0.6089988425925925 0.09123263888888888 0.12494212962962976 0.09184027777777777
3 0.93828125 0.24603587962962958 0.0565393518518519 0.054050925925925954