6 0.48495949074074074 0.41612847222222216 0.3123263888888889 0.2498495370370371
5 0.1654398148148148 0.8466203703703703 0.13508101851851856 0.15031250000000007
5 0.18252314814814813 0.5040335648148149 0.13700231481481487 0.13016203703703705
5 0.6762094907407408 0.8045659722222223 0.27875000000000016 0.18268518518518526
5 0.22223958333333335 0.9448611111111112 0.1334143518518518 0.11027777777777778
6 0.7130960648148148 0.9591782407407408 0.31107638888888883 0.08164351851851848
6 0.284068287037037 0.15414351851851854 0.568136574074074 0.3082870370370371
6 0.5436226851851852 0.2626215277777778 0.3102083333333333 0.2403935185185185
6 0.8832465277777779 0.48986111111111114 0.23350694444444428 0.29273148148148154
2 0.6751851851851851 0.6689930555555555 0.12402777777777771 0.09521990740740734
6 0.3627372685185185 0.6668113425925927 0.3596990740740741 0.3395370370370371
2 0.8296759259259259 0.7525520833333333 0.14579861111111114 0.0683101851851852
6 0.9452662037037036 0.7214814814814815 0.10946759259259267 0.09199074074074076
5 0.9911863425925926 0.9601851851851851 0.01762731481481481 0.04583333333333357
5 0.6602662037037037 0.9166724537037038 0.20124999999999993 0.13660879629629646
5 0.18505787037037036 0.7308101851851851 0.13809027777777777 0.09594907407407405
4 0.5559432870370371 0.27338541666666666 0.35984953703703704 0.26321759259259253
4 0.2788310185185185 0.1577662037037037 0.557662037037037 0.3155324074074074