5 0.6436516203703704 0.9266232638888889 0.10155092592592592 0.1467534722222222
0 0.3250115740740741 0.4819097222222222 0.1118981481481482 0.19298611111111122
5 0.09830439814814815 0.02404513888888889 0.06223379629629631 0.04510416666666667
4 0.61171875 0.32979166666666665 0.22645833333333326 0.3704166666666667
4 0.8288310185185186 0.20032986111111112 0.19812499999999994 0.2573611111111111
4 0.9303703703703704 0.289375 0.13925925925925925 0.2375694444444445
6 0.9578240740740741 0.48368055555555556 0.08435185185185183 0.2927083333333334
6 0.8380092592592593 0.5627951388888889 0.2821527777777778 0.35291666666666666
4 0.6797627314814815 0.6763888888888889 0.20874999999999985 0.29975694444444445
4 0.5400752314814815 0.7576041666666666 0.20686342592592588 0.28878472222222235
2 0.33065393518518515 0.6459895833333333 0.11046296296296294 0.14454861111111103
5 0.06506365740740741 0.3777604166666667 0.11799768518518519 0.3461458333333334
5 0.10183449074074073 0.8282812500000001 0.16172453703703704 0.24093750000000008
5 0.0490162037037037 0.6530034722222222 0.06414351851851853 0.16225694444444444
5 0.09653356481481482 0.649375 0.06827546296296298 0.143611111111111
5 0.11783564814814815 0.4460763888888889 0.06634259259259259 0.13107638888888892
5 0.20349537037037035 0.5440104166666666 0.1519212962962963 0.173576388888889
5 0.19071180555555553 0.4024131944444445 0.09185185185185185 0.14881944444444456
5 0.32296874999999997 0.07041666666666666 0.14906249999999996 0.12979166666666667
5 0.402824074074074 0.42039930555555555 0.10321759259259267 0.21621527777777771
5 0.28161458333333333 0.4138020833333334 0.10099537037037036 0.1412152777777777
4 0.5239293981481481 0.8914930555555556 0.14265046296296297 0.21701388888888892
0 0.2762789351851852 0.9188194444444445 0.06578703703703707 0.11232638888888893