5 0.8514525462962963 0.4559895833333334 0.11950231481481488 0.10947916666666657
5 0.43081597222222223 0.44026041666666665 0.11155092592592589 0.09020833333333336
5 0.5593171296296295 0.16593750000000002 0.21387731481481467 0.20010416666666667
4 0.24162037037037037 0.2375 0.48317129629629624 0.475
5 0.46986689814814814 0.03536458333333333 0.3428587962962963 0.07072916666666666
0 0.7831655092592593 0.31203125000000004 0.2749305555555555 0.2197916666666667
4 0.6873090277777777 0.24494791666666665 0.1474652777777777 0.08947916666666664
5 0.47635995370370365 0.36296875 0.10369212962962955 0.08343749999999997
5 0.5314641203703704 0.4155729166666666 0.08468750000000007 0.047812500000000036
3 0.3074189814814815 0.665 0.042476851851851814 0.041874999999999926
4 0.6831597222222221 0.5289583333333333 0.11013888888888879 0.11041666666666679
4 0.9340335648148148 0.7386979166666666 0.13193287037037038 0.10760416666666668
5 0.8737962962962964 0.6233333333333333 0.09891203703703724 0.07062500000000008
5 0.7479629629629629 0.6246875 0.09258101851851848 0.059270833333333425
2 0.1856597222222222 0.68875 0.18687500000000004 0.13895833333333343
5 0.4403935185185185 0.7835416666666667 0.09112268518518522 0.0732291666666665
5 0.3712962962962963 0.8467708333333335 0.10824074074074072 0.06499999999999986
5 0.543425925925926 0.7641666666666667 0.11134259259259256 0.06208333333333336
5 0.6366956018518518 0.79859375 0.11144675925925931 0.07614583333333336
5 0.6001562500000001 0.7197395833333333 0.12233796296296298 0.07062500000000008
5 0.5137847222222222 0.666875 0.11138888888888872 0.06833333333333336
5 0.7353414351851851 0.7146354166666666 0.13165509259259273 0.06343750000000004
4 0.27987268518518515 0.4284375000000001 0.13641203703703705 0.07312499999999993
5 0.3899363425925926 0.7251562500000001 0.10046296296296298 0.06916666666666664
0 0.3056423611111111 0.7417187500000001 0.07535879629629631 0.05343750000000007