5 0.6646354166666667 0.030842013888888888 0.1267824074074074 0.061684027777777775
5 0.554681712962963 0.10444444444444445 0.1718865740740741 0.2088888888888889
1 0.860017361111111 0.16156828703703704 0.09085648148148166 0.11437499999999998
5 0.5543287037037037 0.6825983796296298 0.18993055555555555 0.31487268518518513
5 0.5186805555555555 0.33827546296296296 0.0798379629629629 0.13863425925925926
5 0.20633680555555559 0.6300405092592593 0.23916666666666667 0.25239583333333326
5 0.19355902777777778 0.32017361111111114 0.16523148148148148 0.16082175925925926
4 0.3947743055555556 0.15644097222222222 0.06896990740740741 0.0866087962962963
0 0.9576504629629629 0.3138194444444445 0.053402777777778 0.21803240740740745
0 0.9581712962962964 0.17365740740740743 0.05546296296296305 0.09515046296296296
4 0.05770833333333334 0.6973032407407407 0.11541666666666668 0.45539351851851856
0 0.8579976851851852 0.36643518518518514 0.09159722222222229 0.126875
5 0.7688020833333333 0.46592013888888884 0.06898148148148149 0.1130787037037038
4 0.7138425925925926 0.4606134259259259 0.09664351851851852 0.10693287037037039
5 0.6550752314814815 0.44074074074074077 0.08414351851851869 0.10619212962962958
5 0.6346180555555556 0.3524247685185185 0.09821759259259259 0.13349537037037038
4 0.6287094907407408 0.20252314814814815 0.20104166666666679 0.2921759259259259
5 0.8751678240740741 0.0898263888888889 0.11474537037037039 0.09710648148148149
5 0.4431192129629629 0.36532986111111115 0.12259259259259245 0.17697916666666663
5 0.4635416666666667 0.21776041666666668 0.08461805555555557 0.140474537037037
5 0.32274305555555555 0.30784722222222227 0.08396990740740744 0.1295370370370371
5 0.3215972222222222 0.19581018518518517 0.09934027777777779 0.1787152777777778
0 0.1539814814814815 0.8698090277777778 0.08083333333333335 0.10288194444444443