3 0.91328125 0.13359375 0.1734375 0.20234375
3 0.73203125 0.1234375 0.1828125 0.1734375
3 0.44921875 0.0640625 0.0734375 0.053125
3 0.39296875 0.1421875 0.046875 0.08046875
3 0.4640625 0.1484375 0.08359375 0.10703125
3 0.27890625 0.14375 0.0546875 0.0609375
3 0.22734375 0.3171875 0.20703125 0.1796875
3 0.1390625 0.2265625 0.11796875 0.11171875
3 0.15703125 0.13515625 0.07421875 0.05703125
3 0.12890625 0.08046875 0.08046875 0.05078125
3 0.59140625 0.39296875 0.35234375 0.36328125
3 0.48046875 0.2859375 0.04921875 0.10390625
3 0.56328125 0.13359375 0.10859375 0.13515625
3 0.76328125 0.8390625 0.17265625 0.18671875
3 0.63359375 0.95625 0.11015625 0.08125
3 0.1984375 0.84140625 0.2578125 0.2484375
3 0.11171875 0.634375 0.21015625 0.28515625
3 0.371875 0.7125 0.10234375 0.159375
3 0.46796875 0.63203125 0.05859375 0.11015625
3 0.79375 0.46015625 0.109375 0.0859375
3 0.809375 0.61953125 0.07421875 0.1171875
3 0.18984375 0.4328125 0.1609375 0.090625
3 0.940625 0.3 0.11875 0.11484375