6 0.31199652777777775 0.25578703703703703 0.1379513888888889 0.12349537037037042
6 0.3996180555555555 0.16020833333333334 0.1058680555555556 0.10289351851851851
3 0.021284722222222222 0.15173611111111113 0.042569444444444444 0.11527777777777777
3 0.04279513888888889 0.1059548611111111 0.08559027777777778 0.0662152777777778
3 0.18894097222222223 0.07918981481481482 0.10708333333333338 0.09517361111111108
3 0.82734375 0.035054976851851855 0.10253472222222229 0.07010995370370371
3 0.7337847222222222 0.07495370370370372 0.084513888888889 0.07825231481481483
3 0.5807638888888889 0.1518113425925926 0.09503472222222235 0.06952546296296296
3 0.6376388888888889 0.16947916666666668 0.12378472222222214 0.08525462962962962
3 0.6495486111111111 0.21708333333333335 0.11013888888888897 0.09379629629629634
3 0.9012326388888889 0.21697337962962965 0.0860069444444445 0.07678240740740741
3 0.8004513888888889 0.18788194444444445 0.058958333333333356 0.06427083333333332
3 0.7145833333333333 0.2615393518518519 0.07124999999999986 0.06032407407407412
3 0.751736111111111 0.302193287037037 0.05440972222222236 0.0671180555555555
3 0.9250347222222223 0.2950405092592593 0.09854166666666657 0.11336805555555554
3 0.7631423611111112 0.44878472222222215 0.08340277777777771 0.05325231481481474
3 0.949861111111111 0.6831655092592592 0.03694444444444471 0.05984953703703706
3 0.7863715277777777 0.5572743055555556 0.13746527777777776 0.11255787037037042
3 0.724392361111111 0.5141956018518519 0.0638541666666665 0.06923611111111114
3 0.6872048611111111 0.43925925925925924 0.05107638888888886 0.06224537037037035
6 0.5256944444444445 0.26883680555555556 0.053576388888888896 0.0483680555555555
3 0.5310590277777777 0.3059201388888889 0.07225694444444457 0.0479166666666667
3 0.5539930555555556 0.33339120370370373 0.06614583333333321 0.0506712962962963
3 0.5971180555555555 0.4851157407407408 0.07739583333333329 0.09341435185185176
3 0.5310243055555556 0.6222743055555556 0.07413194444444446 0.09010416666666679
3 0.7180729166666666 0.6563831018518519 0.05440972222222218 0.0671180555555555
3 0.6479340277777779 0.8319618055555555 0.06222222222222236 0.06758101851851847
3 0.6467881944444445 0.7525520833333333 0.044756944444444356 0.06031250000000003
3 0.6473090277777778 0.6356423611111112 0.06263888888888883 0.07695601851851848
3 0.56484375 0.8431192129629629 0.0714236111111111 0.09929398148148146
3 0.5358506944444444 0.9344444444444445 0.052569444444444356 0.06077546296296319
3 0.45024305555555555 0.9496469907407408 0.06750000000000007 0.046076388888888785
3 0.378125 0.8892476851851852 0.06475694444444446 0.08954861111111115
3 0.4710243055555556 0.8151736111111111 0.14979166666666668 0.14445601851851855
3 0.38904513888888886 0.6961400462962963 0.10746527777777785 0.1388310185185185
3 0.43440972222222224 0.5695601851851853 0.07840277777777764 0.08100694444444442
3 0.28010416666666665 0.39481481481481484 0.12895833333333329 0.1665972222222222
3 0.4317708333333334 0.3484259259259259 0.10076388888888879 0.0932407407407407
3 0.42848958333333337 0.26446759259259256 0.09059027777777776 0.10978009259259255
3 0.013472222222222222 0.2817013888888889 0.026944444444444444 0.09284722222222222
3 0.009427083333333332 0.3716840277777778 0.018854166666666665 0.11913194444444439
3 0.18196180555555555 0.8673668981481482 0.1232986111111111 0.1444444444444443
3 0.057152777777777775 0.8880092592592593 0.07784722222222222 0.1386342592592591
3 0.053845486111111104 0.678275462962963 0.10769097222222221 0.13663194444444446
3 0.019861111111111114 0.5661168981481481 0.03972222222222223 0.11464120370370381