6 0.80234375 0.31885416666666666 0.3953125 0.6377083333333333
6 0.9855787037037036 0.7881597222222222 0.02884259259259281 0.24425925925925931
2 0.4176851851851852 0.8230497685185185 0.149861111111111 0.3150347222222223
5 0.28272569444444445 0.9592650462962963 0.12181712962962958 0.07899305555555572
6 0.5527314814814815 0.044398148148148145 0.18983796296296304 0.08879629629629629
5 0.03774305555555556 0.13571759259259258 0.06604166666666667 0.11293981481481481
5 0.1466435185185185 0.20603587962962963 0.2815740740740741 0.3238194444444444
4 0.3748784722222222 0.14025462962962965 0.18116898148148142 0.23717592592592593
6 0.5284201388888888 0.14615162037037038 0.20386574074074063 0.224849537037037
6 0.5779571759259259 0.7710590277777778 0.16297453703703688 0.246412037037037
4 0.5764930555555555 0.8914351851851852 0.11865740740740734 0.21016203703703695