4 0.7681539351851852 0.7990104166666667 0.3810879629629628 0.28531249999999986
4 0.531892361111111 0.9151562500000001 0.18910879629629634 0.11843750000000028
4 0.39657986111111104 0.8818229166666667 0.16273148148148148 0.11979166666666678
4 0.27471064814814816 0.90328125 0.15326388888888892 0.11760416666666665
6 0.5633159722222223 0.571875 0.3671064814814814 0.2594791666666666
6 0.3147916666666667 0.6002083333333333 0.26791666666666664 0.21395833333333342
4 0.3167418981481481 0.3286979166666667 0.19674768518518526 0.14229166666666665
4 0.42774305555555553 0.36208333333333337 0.14710648148148148 0.11875
6 0.2184085648148148 0.469375 0.23986111111111114 0.16072916666666667
0 0.7257581018518519 0.21593749999999998 0.25263888888888886 0.16624999999999995
5 0.5067824074074074 0.13406250000000003 0.31819444444444456 0.22197916666666667