3 0.9263773148148149 0.5091608796296296 0.1472453703703703 0.1871180555555556
3 0.9567592592592593 0.08598958333333333 0.08648148148148138 0.08971064814814814
3 0.4496469907407407 0.07050347222222222 0.26804398148148145 0.13633101851851853
3 0.10990740740740741 0.3351157407407407 0.1952662037037037 0.210775462962963
3 0.12978587962962962 0.4524247685185186 0.23947916666666663 0.22672453703703715
3 0.3275347222222222 0.6679050925925927 0.09137731481481488 0.07878472222222221
3 0.23175925925925928 0.7570196759259259 0.09974537037037035 0.09759259259259245
3 0.11907407407407407 0.7499363425925927 0.1159259259259259 0.11645833333333329
3 0.04388888888888889 0.743130787037037 0.04740740740740741 0.12376157407407415
3 0.0569386574074074 0.8408622685185186 0.06730324074074075 0.10984953703703723
3 0.07429398148148149 0.8730150462962964 0.09997685185185186 0.10540509259259281
3 0.23161458333333335 0.9366666666666668 0.10263888888888886 0.08980324074074061
3 0.29541087962962964 0.03186921296296296 0.08769675925925924 0.06001157407407408