3 0.7927025462962962 0.65796875 0.12137731481481495 0.11864583333333342
5 0.25036458333333333 0.6069270833333333 0.2588541666666666 0.15739583333333335
3 0.6099131944444445 0.6997395833333334 0.10009259259259266 0.09854166666666657
5 0.5949131944444443 0.051145833333333335 0.1945486111111112 0.10229166666666667
5 0.6488946759259259 0.27828125000000004 0.22334490740740734 0.13322916666666665
5 0.053292824074074076 0.84046875 0.10658564814814815 0.20656250000000007
4 0.10942708333333333 0.11869791666666667 0.19364583333333335 0.23739583333333333
5 0.8711921296296297 0.3304166666666667 0.22472222222222235 0.15979166666666664
5 0.7521701388888888 0.46369791666666665 0.24793981481481478 0.12708333333333321
0 0.5263483796296297 0.8999479166666667 0.18150462962962965 0.10708333333333328
5 0.8511574074074074 0.05614583333333334 0.13686342592592596 0.08697916666666665
5 0.67359375 0.10223958333333334 0.1450810185185185 0.0953125
5 0.19995370370370372 0.24281250000000001 0.22964120370370367 0.2846875