4 0.5617997685185185 0.5787673611111112 0.3792592592592593 0.5093055555555555
0 0.37406828703703704 0.6800868055555556 0.10614583333333334 0.1870486111111111
3 0.3826157407407408 0.8927430555555557 0.04589120370370363 0.06437499999999971
5 0.13913483796296294 0.3314583333333333 0.2782696759259259 0.48260416666666667
5 0.7985011574074073 0.5234895833333333 0.2894328703703703 0.4398611111111112
2 0.9167824074074072 0.5498958333333334 0.12476851851851833 0.31722222222222224
1 0.7014872685185185 0.20428819444444443 0.1503587962962964 0.1968055555555556
1 0.8381481481481481 0.13203125 0.1454629629629629 0.1404861111111111
6 0.972644675925926 0.17560763888888892 0.04915509259259245 0.1720486111111111
6 0.9620254629629631 0.2887152777777778 0.05465277777777757 0.1333333333333334
2 0.22072916666666664 0.8487326388888888 0.13633101851851848 0.27565972222222224