5 0.7796875 0.59453125 0.17265625 0.0703125
5 0.59375 0.40390625 0.23515625 0.084375
5 0.8234375 0.1765625 0.221875 0.0734375
4 0.30234375 0.765625 0.43046875 0.203125
4 0.33984375 0.49140625 0.36640625 0.08828125
5 0.540625 0.50703125 0.1796875 0.125
5 0.57265625 0.7046875 0.1671875 0.07890625
6 0.81640625 0.815625 0.08671875 0.06953125
5 0.6609375 0.85234375 0.115625 0.0375
5 0.71328125 0.76875 0.121875 0.06328125
5 0.27890625 0.89375 0.35390625 0.14765625
0 0.06328125 0.41015625 0.12265625 0.075