1 0.38875000000000004 0.4092824074074074 0.15927083333333325 0.2115277777777777
1 0.23635416666666664 0.25531249999999994 0.11666666666666661 0.13440972222222225
1 0.14317708333333332 0.3978240740740741 0.096875 0.11850694444444443
4 0.03651041666666667 0.3866203703703704 0.07302083333333334 0.19824074074074077
4 0.024791666666666667 0.5412268518518518 0.04958333333333333 0.1324537037037036
4 0.05348958333333333 0.7331076388888889 0.10697916666666667 0.3162152777777777
6 0.07255208333333334 0.8975752314814816 0.14510416666666667 0.14827546296296318
0 0.23588541666666668 0.7667476851851852 0.26125 0.4534259259259258
2 0.7416666666666666 0.8211400462962963 0.3385416666666668 0.35771990740740733
0 0.6602604166666668 0.8410706018518518 0.07937499999999993 0.09015046296296277
0 0.5434374999999999 0.9464467592592593 0.07020833333333343 0.10710648148148146
0 0.7169270833333334 0.5893171296296297 0.14593750000000014 0.24567129629629642