4 0.6212962962962963 0.6830902777777778 0.12847222222222215 0.47430555555555554
3 0.6615046296296296 0.4212326388888889 0.0714930555555556 0.1625
2 0.31144675925925924 0.030347222222222227 0.05054398148148147 0.060694444444444454
2 0.25936921296296295 0.4109895833333333 0.0628703703703704 0.052777777777777854
2 0.0823900462962963 0.26421875 0.08787037037037038 0.053888888888888875
2 0.7633564814814815 0.27222222222222225 0.0861574074074074 0.24437499999999995
4 0.8585011574074073 0.7123784722222222 0.18657407407407406 0.30506944444444456
4 0.34275462962962966 0.5408333333333333 0.11362268518518519 0.3674305555555556
6 0.19473958333333335 0.27953125 0.14158564814814817 0.3468055555555556
4 0.08557002314814814 0.8093576388888888 0.17114004629629628 0.3812152777777776
4 0.5046817129629629 0.9272569444444445 0.0913657407407408 0.10402777777777779