6 0.7605208333333333 0.5601273148148148 0.47895833333333326 0.8270833333333334
6 0.9158854166666668 0.16436342592592593 0.16822916666666643 0.27618055555555554
6 0.7440104166666666 0.2593229166666667 0.13937500000000008 0.2221064814814815
6 0.6785937499999999 0.4539988425925926 0.13177083333333323 0.1781134259259259
6 0.5498958333333334 0.6872337962962962 0.10916666666666668 0.14268518518518505
3 0.5808333333333333 0.6574074074074074 0.06604166666666664 0.10307870370370367
0 0.573125 0.5417824074074075 0.062291666666666676 0.09354166666666668
4 0.625 0.4026851851851852 0.09427083333333339 0.10609953703703709
3 0.4568229166666667 0.7140104166666668 0.11760416666666665 0.08239583333333336
6 0.32723958333333336 0.6752604166666667 0.21166666666666673 0.3488657407407407
5 0.18223958333333332 0.8638715277777778 0.13479166666666664 0.13000000000000006
4 0.12734375 0.41673032407407407 0.21593749999999998 0.2727893518518519
4 0.07421875 0.5958738425925926 0.08302083333333332 0.21762731481481482
6 0.19182291666666668 0.6195659722222222 0.09499999999999997 0.1403935185185185
6 0.28979166666666667 0.536875 0.06635416666666663 0.13112268518518527
6 0.4190625 0.4533449074074074 0.11427083333333332 0.17253472222222221
4 0.42421875 0.6717997685185185 0.18145833333333333 0.17601851851851863
4 0.55015625 0.9145659722222224 0.1767708333333335 0.12906249999999986
4 0.40843749999999995 0.8466550925925926 0.0875 0.09796296296296311