5 0.8742418981481481 0.3732581018518519 0.12582175925925937 0.11741898148148149
5 0.4613599537037037 0.5516377314814814 0.1209837962962963 0.09686342592592592
5 0.6611979166666666 0.7739988425925926 0.23119212962962976 0.21503472222222228
4 0.3010821759259259 0.7872048611111111 0.5701041666666666 0.4231597222222222
5 0.6131481481481481 0.9350231481481481 0.35048611111111116 0.08377314814814803
0 0.8456597222222222 0.541863425925926 0.2954050925925927 0.23866898148148152
4 0.7683564814814815 0.6458333333333334 0.15692129629629611 0.0987268518518519
5 0.5265219907407408 0.6107349537037037 0.11000000000000014 0.0900462962962962
5 0.5676736111111111 0.5375347222222222 0.08943287037037032 0.0546180555555555
3 0.2775694444444444 0.3768634259259259 0.045636574074074066 0.04609953703703704
4 0.6868692129629629 0.36579282407407404 0.11802083333333328 0.11857638888888893
4 0.8781423611111112 0.05755208333333332 0.13670138888888914 0.11017361111111112
5 0.8505497685185185 0.19799189814814816 0.10520833333333321 0.0757407407407407
5 0.7252430555555556 0.24587962962962964 0.09886574074074073 0.06291666666666665
2 0.15009837962962963 0.40065393518518516 0.2010648148148148 0.15412037037037046
5 0.37722222222222224 0.20769675925925926 0.09585648148148156 0.07837962962962966
5 0.2915798611111111 0.17230902777777776 0.11609953703703706 0.07005787037037034
5 0.48515046296296294 0.18648148148148147 0.1160763888888889 0.06693287037037035
5 0.568449074074074 0.11656249999999999 0.11774305555555564 0.08107638888888893
5 0.5537094907407407 0.20869791666666665 0.1286342592592593 0.07539351851851847
5 0.48200810185185183 0.29441550925925924 0.11614583333333321 0.07630787037037035
5 0.6883854166666666 0.16110532407407407 0.13953703703703707 0.07127314814814811
4 0.3140219907407408 0.6217534722222222 0.14429398148148148 0.08089120370370377
5 0.34229166666666666 0.28447916666666667 0.10833333333333331 0.07590277777777779
0 0.25469328703703703 0.30229745370370364 0.08321759259259257 0.058981481481481524