4 0.6626273148148147 0.79515625 0.3173842592592592 0.3482060185185187
5 0.46332754629629636 0.8124305555555555 0.15249999999999986 0.17763888888888885
5 0.39557870370370374 0.4854861111111111 0.2812037037037037 0.4350462962962963
5 0.9422743055555556 0.4125 0.1047569444444445 0.22164351851851852
6 0.39414930555555555 0.1226388888888889 0.2148263888888889 0.2452777777777778
4 0.9132175925925926 0.6351215277777778 0.12290509259259252 0.1821296296296296
4 0.8559606481481481 0.8117997685185184 0.15792824074074083 0.22791666666666685
6 0.69890625 0.10053819444444445 0.22824074074074083 0.2010763888888889
6 0.5449652777777778 0.20187500000000003 0.19729166666666664 0.2505439814814815
5 0.15972800925925926 0.5462962962962963 0.1875462962962963 0.2249884259259259
2 0.2870138888888889 0.7534085648148148 0.16126157407407407 0.24216435185185184
4 0.16886574074074073 0.09561921296296297 0.20601851851851852 0.19123842592592594
5 0.1122974537037037 0.37582175925925926 0.10569444444444445 0.1795486111111111
5 0.13130787037037037 0.7259490740740742 0.09928240740740742 0.1682407407407407
2 0.31475115740740744 0.30372106481481487 0.11879629629629633 0.2209143518518518
5 0.29224537037037035 0.09160590277777778 0.10284722222222217 0.18321180555555555