4 0.940625 0.19016203703703702 0.11875 0.2200231481481482
5 0.90546875 0.09748263888888889 0.1890625 0.19496527777777778
4 0.90859375 0.8749421296296296 0.1390625 0.18796296296296297
4 0.25234375 0.4515914351851852 0.265625 0.647337962962963
5 0.090625 0.015046296296296297 0.11875 0.030092592592592594
5 0.96640625 0.40873842592592596 0.0671875 0.18530092592592595
4 0.81015625 0.19499421296296296 0.1828125 0.35052083333333334
4 0.728125 0.051591435185185185 0.1515625 0.10318287037037037
4 0.60390625 0.05137442129629629 0.090625 0.10274884259259258
4 0.53984375 0.430005787037037 0.125 0.3702546296296296
3 0.5859375 0.14392361111111113 0.0328125 0.06059027777777777
4 0.39609375 0.1158275462962963 0.1390625 0.2316550925925926
6 0.06640625 0.2811342592592593 0.1328125 0.4846064814814815
0 0.89453125 0.43952546296296297 0.1328125 0.17679398148148148
4 0.93671875 0.622337962962963 0.121875 0.24513888888888893