6 0.16475694444444444 0.35015625000000006 0.2944675925925926 0.3595833333333333
6 0.055972222222222215 0.20489583333333333 0.10666666666666666 0.23166666666666663
6 0.2771585648148148 0.7490625 0.2737847222222222 0.34572916666666664
6 0.5405613425925926 0.6917708333333333 0.2261226851851852 0.31604166666666667
6 0.402511574074074 0.3745833333333333 0.15584490740740745 0.2598958333333333
0 0.5636979166666667 0.2621354166666666 0.17966435185185184 0.32697916666666665
4 0.7125173611111111 0.6533333333333333 0.23761574074074082 0.3355208333333334
0 0.8424131944444444 0.87953125 0.07511574074074048 0.11416666666666657
1 0.8781539351851851 0.82265625 0.09796296296296277 0.1484375
4 0.7155324074074074 0.3603645833333333 0.12118055555555554 0.19520833333333343
4 0.8123437499999999 0.2857291666666667 0.18259259259259258 0.2679166666666667
4 0.978449074074074 0.6335416666666667 0.043101851851852044 0.25375000000000014
4 0.4489293981481481 0.07281249999999999 0.1416087962962962 0.09520833333333334
6 0.5825925925925926 0.9261458333333333 0.10645833333333332 0.11937500000000015
6 0.63984375 0.9702604166666667 0.10429398148148153 0.05947916666666657
6 0.9697598379629628 0.9371354166666667 0.06048032407407433 0.08666666666666671
6 0.97 0.8276041666666666 0.060000000000000143 0.09833333333333343