3 0.1546875 0.16015625 0.0609375 0.0609375
3 0.259375 0.19765625 0.134375 0.09921875
3 0.415625 0.07734375 0.18046875 0.146875
3 0.73203125 0.19609375 0.53515625 0.3921875
3 0.28359375 0.53828125 0.14375 0.08359375
6 0.54921875 0.88203125 0.38671875 0.2359375
6 0.55546875 0.70234375 0.15859375 0.1
6 0.89296875 0.74140625 0.2140625 0.1328125
3 0.57109375 0.57734375 0.075 0.06015625
3 0.94296875 0.5921875 0.05546875 0.065625
3 0.69140625 0.6171875 0.0421875 0.0546875
3 0.71171875 0.5390625 0.04765625 0.0921875
3 0.12578125 0.77890625 0.0625 0.0515625
3 0.765625 0.71484375 0.08359375 0.06171875
4 0.14140625 0.434375 0.2828125 0.2953125
3 0.4109375 0.44140625 0.071875 0.05234375
3 0.39765625 0.29765625 0.08828125 0.10234375