6 0.08033564814814816 0.93515625 0.14777777777777779 0.1296875
6 0.19733796296296297 0.39187500000000003 0.13452546296296294 0.24010416666666662
5 0.5047048611111111 0.9664583333333333 0.10228009259259263 0.06708333333333343
0 0.8967476851851852 0.5066145833333333 0.20650462962962948 0.5544791666666666
2 0.14522569444444444 0.10338541666666665 0.28107638888888886 0.20614583333333333
0 0.7052662037037036 0.5467708333333332 0.11396990740740734 0.20593749999999994
6 0.0764525462962963 0.41192708333333333 0.14982638888888888 0.40822916666666664
2 0.1374189814814815 0.7361458333333333 0.2670833333333333 0.42541666666666667
4 0.45594328703703707 0.7269270833333332 0.08101851851851852 0.18499999999999997
0 0.6030439814814815 0.8726041666666667 0.10112268518518519 0.15822916666666664
0 0.5173090277777778 0.7888020833333333 0.09172453703703702 0.15447916666666667
0 0.7105092592592592 0.5166666666666666 0.11685185185185176 0.17333333333333342
2 0.7572511574074074 0.8180729166666666 0.04902777777777771 0.08291666666666657
0 0.771244212962963 0.9940104166666668 0.059826388888888894 0.01197916666666643
2 0.9018171296296297 0.8122395833333332 0.1963657407407407 0.32572916666666674
4 0.36034722222222226 0.260625 0.13740740740740742 0.20749999999999993