1 0.89296875 0.2828125 0.0921875 0.08046875
5 0.615625 0.90390625 0.15078125 0.13359375
0 0.67578125 0.04140625 0.15546875 0.0765625
4 0.18828125 0.8734375 0.3765625 0.2515625
5 0.825 0.47890625 0.2265625 0.09140625
5 0.4015625 0.33515625 0.25078125 0.109375
0 0.778125 0.1421875 0.15234375 0.08046875
5 0.90703125 0.59765625 0.1859375 0.0921875
3 0.72265625 0.23984375 0.11875 0.09140625
5 0.6484375 0.63828125 0.19140625 0.109375
5 0.934375 0.37890625 0.096875 0.09609375
5 0.20390625 0.06796875 0.17109375 0.1359375
5 0.0578125 0.30859375 0.115625 0.09765625
5 0.77734375 0.853125 0.1578125 0.06796875
5 0.77890625 0.68984375 0.1515625 0.0765625
5 0.325 0.69765625 0.1828125 0.20234375