6 0.9372627314814814 0.8845138888888888 0.12547453703703723 0.19423611111111114
6 0.831388888888889 0.30069444444444443 0.14807870370370396 0.2342361111111111
5 0.5351388888888888 0.8986805555555556 0.11699074074074076 0.18361111111111122
0 0.13163194444444443 0.3467534722222222 0.2536342592592592 0.5408680555555556
2 0.8674189814814814 0.059027777777777776 0.265162037037037 0.11805555555555555
0 0.33060185185185187 0.40413194444444445 0.1273842592592592 0.20100694444444436
6 0.9311921296296297 0.33253472222222225 0.13761574074074048 0.3970138888888889
2 0.8746412037037036 0.6464930555555556 0.2507175925925928 0.4124305555555555
4 0.580462962962963 0.6074479166666666 0.09189814814814809 0.18149305555555556
0 0.43635416666666665 0.7365972222222222 0.11045138888888886 0.1522569444444443
0 0.5195949074074073 0.6627777777777778 0.09951388888888886 0.15201388888888873
0 0.32415509259259256 0.3745486111111111 0.1270023148148148 0.1682291666666666
2 0.2820949074074074 0.6680555555555555 0.05472222222222225 0.08079861111111111
0 0.27166666666666667 0.8881076388888889 0.06530092592592585 0.10131944444444443
2 0.1376909722222222 0.6470138888888889 0.2168634259259259 0.31534722222222217
4 0.6679050925925927 0.15569444444444444 0.14935185185185168 0.2030555555555556