4 0.16557291666666668 0.8343576388888888 0.19068287037037032 0.22155092592592568
5 0.2496875 0.903431712962963 0.20606481481481484 0.18896990740740732
4 0.0739525462962963 0.1739236111111111 0.14709490740740744 0.24277777777777781
4 0.7784664351851852 0.4564872685185185 0.30456018518518524 0.6200694444444445
5 0.9842997685185185 0.8620254629629629 0.03140046296296291 0.10680555555555564
5 0.09068287037037036 0.639351851851852 0.14667824074074073 0.1865277777777777
4 0.3168923611111111 0.7992997685185185 0.19936342592592587 0.3388541666666667
4 0.4295775462962963 0.9281134259259259 0.15878472222222229 0.13358796296296305
4 0.5443460648148148 0.9162557870370371 0.10112268518518519 0.15304398148148124
4 0.5164872685185186 0.5306886574074074 0.14791666666666678 0.3537152777777777
3 0.5356944444444445 0.8030902777777778 0.033240740740740723 0.05829861111111114
4 0.72171875 0.8120543981481481 0.15506944444444457 0.26476851851851857
6 0.9521296296296295 0.5773206018518519 0.0957407407407409 0.4561458333333334
0 0.18486689814814813 0.5910763888888889 0.1403240740740741 0.17237268518518523
4 0.0875925925925926 0.433125 0.1705324074074074 0.24312500000000004