3 0.025937500000000002 0.07526041666666666 0.051875000000000004 0.06614583333333332
3 0.31572916666666667 0.043020833333333335 0.058854166666666693 0.042812499999999996
3 0.20354166666666665 0.06614583333333332 0.06145833333333339 0.05854166666666667
3 0.11656249999999999 0.02895833333333333 0.036354166666666646 0.03197916666666667
3 0.08036458333333334 0.018697916666666668 0.02895833333333333 0.014374999999999999
3 0.038125000000000006 0.016666666666666666 0.052500000000000005 0.017499999999999998
3 0.291875 0.09479166666666668 0.059687500000000074 0.05531250000000001
3 0.3491666666666667 0.1535416666666667 0.07937500000000001 0.09395833333333332
3 0.43703125 0.07151041666666666 0.05999999999999996 0.08333333333333334
3 0.4055208333333333 0.03802083333333334 0.08729166666666668 0.026041666666666675
3 0.5378645833333333 0.14807291666666667 0.07218750000000007 0.05614583333333334
3 0.6169270833333333 0.06859375 0.057083333333333285 0.039583333333333325
3 0.67390625 0.19088541666666664 0.053749999999999964 0.036249999999999984
3 0.8456250000000001 0.07520833333333334 0.05552083333333328 0.03947916666666666
3 0.7569270833333333 0.25213541666666667 0.07041666666666657 0.05291666666666668
3 0.19557291666666665 0.39755208333333336 0.10583333333333336 0.11750000000000008
3 0.11578124999999999 0.4644270833333334 0.08375000000000003 0.11291666666666664
3 0.023489583333333335 0.40098958333333334 0.04333333333333333 0.043333333333333356
3 0.023671875000000002 0.54765625 0.047343750000000004 0.053125
3 0.11489583333333334 0.5836458333333333 0.05125000000000002 0.04541666666666657
3 0.3019791666666667 0.6494791666666667 0.07041666666666666 0.05291666666666668
3 0.23921874999999998 0.61390625 0.0557291666666667 0.06593750000000007
3 0.33270833333333333 0.5416666666666667 0.07125000000000004 0.06541666666666668
3 0.2703125 0.500625 0.07000000000000002 0.09333333333333335
3 0.3896354166666667 0.4646354166666667 0.08718749999999993 0.09447916666666671
3 0.38354166666666667 0.39125 0.0614583333333333 0.058541666666666714
3 0.5083333333333334 0.4497916666666667 0.07020833333333343 0.07312499999999993
3 0.71671875 0.6786979166666667 0.11677083333333335 0.14156250000000004
3 0.5248437499999999 0.6965104166666667 0.1095833333333335 0.10374999999999997
3 0.8942708333333332 0.7580208333333334 0.12979166666666658 0.17354166666666657
3 0.37953125 0.8633854166666666 0.060833333333333336 0.04916666666666671
3 0.28531249999999997 0.8641666666666665 0.048541666666666664 0.07479166666666685
3 0.22427083333333336 0.8969791666666665 0.05999999999999996 0.08333333333333356
3 0.17380208333333333 0.7594270833333333 0.06281250000000002 0.07885416666666671
3 0.030442708333333336 0.6886979166666667 0.06088541666666667 0.08645833333333322
3 0.0024218750000000013 0.6296354166666667 0.004843750000000003 0.09187499999999993
3 0.7640104166666667 0.4990104166666667 0.13666666666666671 0.06666666666666679
3 0.6165625 0.49781250000000005 0.07489583333333343 0.050104166666666575
3 0.7699479166666666 0.4452604166666667 0.07604166666666679 0.06729166666666657
3 0.6291666666666667 0.931015625 0.18677083333333327 0.13796874999999992
3 0.8781770833333333 0.42265625 0.09041666666666685 0.0729166666666666
3 0.7830729166666666 0.34255208333333337 0.07958333333333342 0.09708333333333333
3 0.7864583333333333 0.2682291666666667 0.06666666666666661 0.09000000000000004
3 0.5440625000000001 0.23166666666666663 0.08093749999999993 0.07072916666666665
3 0.34854166666666664 0.25708333333333333 0.09708333333333333 0.07958333333333334
3 0.02630208333333333 0.25145833333333334 0.05260416666666666 0.06541666666666668
3 0.04739583333333334 0.1365625 0.076875 0.05645833333333332
3 0.00640625 0.48973958333333334 0.0128125 0.05135416666666668