5 0.9295023148148148 0.13244791666666667 0.09663194444444442 0.1520486111111111
5 0.3528645833333333 0.8822916666666666 0.15561342592592595 0.23541666666666677
4 0.7861747685185186 0.40522569444444445 0.16802083333333329 0.2426388888888889
4 0.9176041666666667 0.3229340277777778 0.14435185185185198 0.2343055555555556
5 0.6922511574074074 0.6728472222222222 0.1522222222222222 0.28913194444444434
5 0.4607986111111111 0.12046875000000001 0.1440277777777778 0.22336805555555556
4 0.22730324074074076 0.5077256944444445 0.25954861111111116 0.3805208333333333
5 0.1974537037037037 0.8254340277777779 0.23541666666666666 0.3491319444444443
4 0.8914988425925927 0.6499131944444445 0.10335648148148166 0.22090277777777773
5 0.8073148148148148 0.6152083333333334 0.12112268518518512 0.1354166666666668
5 0.9538425925925924 0.5246527777777777 0.0659259259259258 0.11701388888888893
5 0.840625 0.8629861111111111 0.10791666666666658 0.2694097222222222
5 0.5785243055555556 0.9155642361111112 0.17251157407407405 0.16887152777777778
4 0.4770023148148148 0.6289756944444445 0.1758912037037037 0.2974652777777777
4 0.59640625 0.47762152777777783 0.12608796296296293 0.35569444444444437
4 0.17015046296296296 0.14519097222222221 0.3403009259259259 0.26850694444444445