0 0.7640625 0.23006944444444444 0.321875 0.2250810185185185
5 0.8359375 0.8100405092592593 0.2375 0.23320601851851847
5 0.80390625 0.9450520833333332 0.2015625 0.10989583333333357
5 0.23984375 0.7824594907407407 0.1328125 0.11134259259259274
5 0.24453125 0.6684664351851852 0.1515625 0.1522453703703704
0 0.74453125 0.36259259259259263 0.1453125 0.1084027777777778
5 0.303125 0.2646469907407408 0.1140625 0.07981481481481474
0 0.328125 0.37907986111111114 0.1 0.0717939814814815
5 0.259375 0.43978009259259265 0.1359375 0.1035763888888889
2 0.41484375 0.6702083333333333 0.2921875 0.24182870370370377
6 0.59375 0.7923900462962964 0.265625 0.1726851851851851
4 0.67890625 0.7272453703703704 0.196875 0.12322916666666668
6 0.60625 0.9473611111111111 0.2375 0.10527777777777772
6 0.05625 0.7117708333333332 0.1125 0.11104166666666657
0 0.48671875 0.3572106481481481 0.109375 0.08755787037037041
4 0.5140625 0.43964699074074076 0.1046875 0.08280092592592592
4 0.54765625 0.4940509259259259 0.1359375 0.0926388888888889
2 0.56875 0.18889467592592593 0.2171875 0.19853009259259258
4 0.33203125 0.10570023148148149 0.1078125 0.0859722222222222
0 0.36640625 0.17730324074074075 0.1125 0.07354166666666666
6 0.20546875 0.5811689814814814 0.1390625 0.09268518518518505