5 0.84453125 0.44921875 0.10625 0.0890625
5 0.440625 0.534375 0.10234375 0.06953125
5 0.59375 0.78046875 0.1921875 0.1625
4 0.24765625 0.78515625 0.4953125 0.4265625
5 0.525 0.95703125 0.328125 0.0859375
0 0.79453125 0.60078125 0.2515625 0.171875
4 0.709375 0.68203125 0.13671875 0.06484375
5 0.4921875 0.60234375 0.09453125 0.065625
5 0.53984375 0.5421875 0.0796875 0.034375
3 0.296875 0.33671875 0.03828125 0.03515625
4 0.67421875 0.40703125 0.09765625 0.09140625
4 0.9171875 0.15703125 0.16484375 0.0796875
5 0.8484375 0.2828125 0.090625 0.05390625
5 0.7265625 0.30234375 0.0859375 0.0421875
2 0.17578125 0.33359375 0.171875 0.1078125
5 0.4125 0.19921875 0.0828125 0.0578125
5 0.33828125 0.14921875 0.10234375 0.0453125
5 0.5140625 0.20078125 0.103125 0.04140625
5 0.6 0.15234375 0.103125 0.05703125
5 0.5734375 0.234375 0.11484375 0.04765625
5 0.4953125 0.30078125 0.10390625 0.04921875
5 0.7046875 0.21640625 0.1265625 0.04140625
4 0.29609375 0.57109375 0.1296875 0.0484375
5 0.36875 0.2640625 0.09296875 0.0515625
0 0.2859375 0.2625 0.07109375 0.040625