5 0.83515625 0.78359375 0.1734375 0.1390625
5 0.37265625 0.7265625 0.17265625 0.0921875
5 0.43203125 0.14140625 0.2015625 0.1640625
5 0.60234375 0.02890625 0.1078125 0.0578125
4 0.8125 0.94765625 0.175 0.1046875
6 0.615625 0.76484375 0.2953125 0.17421875
4 0.084375 0.925 0.16875 0.15
4 0.17265625 0.50546875 0.34453125 0.2515625
4 0.35390625 0.55703125 0.18359375 0.0828125
6 0.78671875 0.41171875 0.2625 0.08203125
5 0.39609375 0.296875 0.2125 0.1109375
5 0.91015625 0.17109375 0.1796875 0.1203125
5 0.8609375 0.240625 0.278125 0.078125
0 0.62578125 0.30546875 0.15078125 0.096875
5 0.44609375 0.35078125 0.3140625 0.06015625
6 0.81796875 0.51015625 0.15234375 0.06875