4 0.8824363425925925 0.6492013888888889 0.2351273148148149 0.2020833333333334
5 0.8708043981481481 0.82390625 0.1761226851851852 0.15545138888888915
5 0.5818113425925926 0.8268576388888889 0.24811342592592583 0.1726736111111112
5 0.4105671296296296 0.8027430555555556 0.15229166666666671 0.10180555555555557
5 0.48202546296296295 0.3262847222222222 0.09746527777777772 0.0818402777777778
5 0.5037210648148148 0.4080034722222222 0.09275462962962955 0.07861111111111115
5 0.6327951388888888 0.4335243055555556 0.12094907407407404 0.08861111111111111
4 0.46652199074074074 0.5532465277777778 0.11946759259259263 0.09951388888888886
4 0.8549016203703704 0.4697048611111111 0.11160879629629647 0.09309027777777779
4 0.7249479166666667 0.7472395833333334 0.23247685185185177 0.17076388888888872
4 0.6635069444444445 0.9851736111111112 0.32530092592592597 0.029652777777777573
5 0.8465972222222222 0.9303819444444444 0.1648148148148149 0.10520833333333321