6 0.18828125 0.32109375 0.171875 0.1234375
2 0.33671875 0.26484375 0.11796875 0.053125
2 0.3375 0.0984375 0.11171875 0.1078125
6 0.196875 0.4921875 0.3265625 0.0875
6 0.32890625 0.48984375 0.21640625 0.16640625
6 0.35703125 0.7453125 0.221875 0.13984375
6 0.24609375 0.7421875 0.140625 0.10625
6 0.1375 0.859375 0.253125 0.28125
2 0.80703125 0.328125 0.08125 0.0515625
6 0.89765625 0.40546875 0.18203125 0.08125
6 0.73671875 0.63359375 0.41796875 0.22734375
6 0.4140625 0.60546875 0.196875 0.1234375
6 0.63828125 0.86640625 0.240625 0.23203125
6 0.86171875 0.49375 0.2765625 0.134375