5 0.21424189814814815 0.5298900462962963 0.4284837962962963 0.8972800925925926
6 0.7797048611111111 0.5142303240740741 0.21028935185185188 0.388738425925926
4 0.7556539351851852 0.3433217592592593 0.21009259259259264 0.2700694444444444
4 0.5328356481481482 0.3427141203703704 0.1699305555555556 0.29921296296296296
6 0.43159143518518517 0.2631886574074074 0.19293981481481487 0.37690972222222224
5 0.3836863425925926 0.5413888888888889 0.1887615740740741 0.41104166666666675
6 0.543425925925926 0.9848061342592593 0.058668981481481454 0.030387731481481238
6 0.3970486111111111 0.9464525462962964 0.1331018518518518 0.1070949074074072
6 0.4162152777777777 0.8261053240740741 0.08668981481481489 0.16062499999999993
5 0.5476099537037037 0.875920138888889 0.08724537037037053 0.19812500000000027
5 0.4967824074074074 0.8764120370370371 0.10376157407407405 0.15370370370370381
5 0.5729976851851852 0.7982696759259259 0.19177083333333336 0.1926157407407409
5 0.4934722222222222 0.5721006944444444 0.10021990740740741 0.12541666666666665
5 0.6411516203703703 0.5781944444444445 0.07710648148148139 0.1460763888888888
0 0.8116145833333335 0.7879687499999999 0.12430555555555571 0.1703819444444445
0 0.7996701388888889 0.8553703703703703 0.05656250000000007 0.1293981481481481
5 0.7256944444444444 0.8351157407407408 0.2071527777777778 0.2824074074074073
0 0.7202141203703704 0.9411631944444444 0.06857638888888892 0.0972337962962964
5 0.9317534722222222 0.9114756944444444 0.11306712962962955 0.14950231481481496
0 0.9129976851851851 0.43592013888888886 0.0848032407407409 0.13866898148148152
5 0.8577025462962963 0.21022569444444444 0.2127199074074074 0.34202546296296293
5 0.5109722222222223 0.12969907407407408 0.11656249999999986 0.17466435185185186
6 0.30497685185185186 0.4184664351851851 0.1325810185185185 0.20203703703703707
6 0.34578125000000004 0.14458912037037036 0.19878472222222215 0.2445023148148148
6 0.021249999999999998 0.5645775462962963 0.042499999999999996 0.11665509259259252
6 0.13063078703703704 0.940630787037037 0.10964120370370374 0.1187384259259261
4 0.2057638888888889 0.782355324074074 0.1386226851851852 0.18829861111111104
0 0.29375 0.8596296296296296 0.09438657407407405 0.15321759259259266
4 0.10355902777777777 0.9745196759259258 0.09299768518518521 0.05096064814814838