3 0.8320833333333333 0.4773553240740741 0.15947916666666656 0.1476273148148149
3 0.6723611111111112 0.38990740740740737 0.10687500000000014 0.09998842592592591
3 0.8940972222222221 0.4280150462962963 0.14368055555555587 0.1395833333333334
3 0.7760590277777778 0.8194791666666668 0.16034722222222228 0.1866898148148149
3 0.8644444444444446 0.8134837962962962 0.14083333333333314 0.15203703703703725
3 0.8504340277777779 0.670769675925926 0.09406249999999972 0.08574074074074076
3 0.8120486111111112 0.7111689814814814 0.07392361111111115 0.09325231481481477
3 0.9786458333333334 0.594675925925926 0.01701388888888893 0.06273148148148149
3 0.9565104166666668 0.3255613425925926 0.03559027777777786 0.055196759259259306
3 0.9119270833333333 0.3285648148148148 0.08465277777777765 0.08403935185185185
3 0.6211805555555555 0.33833912037037034 0.12465277777777786 0.12680555555555556
3 0.6034895833333334 0.15038194444444444 0.08642361111111115 0.09343750000000002
3 0.5967708333333334 0.2770023148148148 0.07347222222222224 0.07293981481481478
3 0.5594791666666666 0.37361689814814814 0.10138888888888893 0.13427083333333334
3 0.6709548611111111 0.7694907407407408 0.09753472222222222 0.10141203703703709
3 0.5492708333333333 0.6572685185185185 0.07729166666666672 0.10423611111111111
3 0.19932291666666666 0.4492418981481482 0.08684027777777778 0.11218749999999993
3 0.07916666666666668 0.3385590277777778 0.07510416666666667 0.07608796296296294
3 0.3602430555555555 0.1664814814814815 0.19402777777777783 0.22623842592592594
3 0.21984374999999998 0.8261574074074074 0.09343750000000002 0.12790509259259258
3 0.11289930555555557 0.9292708333333334 0.10774305555555555 0.1390509259259261
0 0.04262152777777778 0.2384027777777778 0.08524305555555556 0.13569444444444442
3 0.3108854166666667 0.9817881944444444 0.1130902777777778 0.028229166666666573
3 0.21392361111111108 0.9519849537037036 0.13166666666666665 0.09098379629629605