6 0.596111111111111 0.5427777777777777 0.6525347222222223 0.572337962962963
2 0.20317708333333334 0.7374305555555556 0.2072337962962963 0.13892361111111118
6 0.567679398148148 0.26687500000000003 0.17748842592592595 0.13023148148148156
6 0.2819039351851852 0.13103587962962965 0.46119212962962963 0.2589236111111111
6 0.6098784722222221 0.0555787037037037 0.27399305555555564 0.08310185185185186
4 0.16789930555555554 0.34171874999999996 0.3357986111111111 0.22406249999999997
2 0.3901273148148149 0.6062210648148149 0.13947916666666665 0.06037037037037045
5 0.22814236111111114 0.8456944444444444 0.4194212962962963 0.3086111111111112
4 0.7479224537037037 0.9356423611111111 0.24932870370370352 0.12767361111111128
5 0.9056192129629629 0.5339756944444444 0.18221064814814839 0.13505787037037037
4 0.8807465277777778 0.19957175925925924 0.17098379629629612 0.09567129629629627
6 0.8232349537037038 0.05174189814814815 0.20040509259259237 0.06061342592592591