5 0.240625 0.47578125 0.1421875 0.05859375
5 0.5265625 0.596875 0.15078125 0.0765625
5 0.19765625 0.1515625 0.06875 0.0671875
0 0.9109375 0.434375 0.15390625 0.075
5 0.7671875 0.73359375 0.23828125 0.1171875
5 0.07890625 0.3578125 0.15703125 0.16015625
5 0.6828125 0.4234375 0.2265625 0.11484375
5 0.13671875 0.665625 0.2734375 0.1734375
5 0.48046875 0.11953125 0.1203125 0.075
5 0.909375 0.19375 0.18046875 0.08359375
6 0.89375 0.8703125 0.2125 0.17421875
6 0.93046875 0.97421875 0.1390625 0.0515625
5 0.56640625 0.32734375 0.27109375 0.25234375
5 0.11015625 0.17109375 0.08515625 0.04609375
5 0.2296875 0.2125 0.1625 0.03359375
5 0.11171875 0.0640625 0.0953125 0.0546875
2 0.19453125 0.065625 0.0703125 0.040625
4 0.21171875 0.02265625 0.07421875 0.03046875
5 0.48046875 0.04140625 0.1125 0.06171875
5 0.66328125 0.04453125 0.13515625 0.07734375
5 0.5578125 0.01484375 0.13984375 0.0296875
5 0.86875 0.0953125 0.22421875 0.16953125
5 0.69296875 0.1421875 0.10859375 0.09140625
5 0.5640625 0.15078125 0.1453125 0.08046875
5 0.7859375 0.28203125 0.10078125 0.08671875
5 0.94453125 0.33671875 0.1078125 0.0671875
5 0.81875 0.33515625 0.15 0.090625
4 0.69296875 0.621875 0.196875 0.1359375
2 0.7703125 0.4703125 0.1 0.06953125
5 0.38515625 0.16953125 0.0359375 0.05078125