6 0.1765625 0.95859375 0.2 0.08125
1 0.54453125 0.4578125 0.25546875 0.19609375
0 0.06328125 0.70625 0.12578125 0.15078125
4 0.1921875 0.68828125 0.1765625 0.13359375
4 0.5859375 0.94453125 0.315625 0.1109375
4 0.840625 0.5640625 0.31875 0.159375
4 0.4015625 0.4203125 0.19921875 0.10546875
2 0.659375 0.2828125 0.078125 0.0546875
5 0.82109375 0.22578125 0.3578125 0.2078125
5 0.06328125 0.16875 0.1265625 0.125
5 0.778125 0.0484375 0.21640625 0.096875
1 0.703125 0.4015625 0.11875 0.09296875
6 0.5484375 0.45078125 0.234375 0.17734375