4 0.9055902777777778 0.20725694444444445 0.1792476851851852 0.15552083333333327
4 0.6169097222222222 0.06300347222222222 0.34006944444444437 0.12600694444444444
2 0.9265625 0.6755555555555556 0.146875 0.12993055555555558
0 0.12699074074074074 0.1604861111111111 0.2530324074074074 0.20402777777777778
5 0.22050925925925924 0.021666666666666667 0.11277777777777782 0.04
0 0.21704282407407405 0.08112847222222222 0.14590277777777771 0.08291666666666667
1 0.47603009259259255 0.33947916666666667 0.07063657407407398 0.0453125
2 0.6200752314814815 0.2706423611111111 0.10043981481481482 0.06159722222222221
4 0.8692737268518519 0.3908854166666667 0.2614525462962963 0.12145833333333336
5 0.7776620370370371 0.6586111111111111 0.13951388888888908 0.06402777777777775
5 0.9521296296296295 0.5859201388888888 0.0957407407407409 0.06628472222222222
4 0.9436689814814816 0.8830034722222223 0.11266203703703681 0.16670138888888886
4 0.7718344907407408 0.9267534722222223 0.12706018518518505 0.07000000000000028
4 0.7525405092592592 0.853732638888889 0.15072916666666672 0.10177083333333314
0 0.12611111111111112 0.5691666666666666 0.24500000000000002 0.17416666666666672
5 0.19086226851851854 0.4497395833333333 0.15068287037037037 0.09552083333333332
4 0.9318113425925926 0.06566840277777777 0.11361111111111129 0.13133680555555555
5 0.8111111111111111 0.11090277777777777 0.18354166666666671 0.1025
5 0.18646412037037036 0.6998784722222222 0.17268518518518516 0.11319444444444446
5 0.5940624999999999 0.556423611111111 0.1696412037037037 0.12406250000000014