3 0.9147916666666667 0.25609375 0.05947916666666657 0.1114583333333333
3 0.7767534722222222 0.27666666666666667 0.08381944444444436 0.1333333333333334
3 0.7160069444444445 0.39171875 0.09888888888888889 0.121875
3 0.691579861111111 0.25375000000000003 0.07437499999999986 0.06104166666666666
3 0.5682638888888889 0.18989583333333332 0.09961805555555543 0.10322916666666666
3 0.6031076388888889 0.30505208333333333 0.08166666666666664 0.08489583333333339
3 0.4448437500000001 0.19890625 0.097013888888889 0.0796875
3 0.5171180555555555 0.1065625 0.10270833333333336 0.13770833333333332
3 0.30354166666666665 0.25765625000000003 0.17375000000000007 0.26395833333333335
3 0.13121527777777778 0.85578125 0.08118055555555555 0.07395833333333357
3 0.1954340277777778 0.8036458333333332 0.09065972222222225 0.11197916666666644
3 0.3664236111111111 0.7975520833333334 0.4061111111111111 0.40489583333333334
3 0.6923263888888889 0.8892708333333333 0.11374999999999993 0.10572916666666679
3 0.6396701388888889 0.7517708333333333 0.10048611111111114 0.08770833333333332
3 0.7305208333333333 0.9760156249999999 0.10236111111111121 0.047968750000000074
3 0.6269444444444444 0.9658072916666667 0.08888888888888893 0.06838541666666664
3 0.1272222222222222 0.9411197916666666 0.07885416666666667 0.11776041666666685
3 0.7459548611111111 0.5465104166666667 0.22513888888888883 0.36864583333333345