3 0.3 0.96015625 0.06953125 0.0671875
3 0.91796875 0.95390625 0.0921875 0.0921875
3 0.75625 0.69765625 0.1125 0.090625
3 0.45546875 0.68515625 0.07265625 0.08671875
3 0.3203125 0.48671875 0.0359375 0.0671875
0 0.565625 0.93203125 0.11484375 0.1359375
2 0.38828125 0.25625 0.14609375 0.0828125
3 0.0828125 0.67109375 0.046875 0.06328125
3 0.06953125 0.76875 0.0625 0.0609375
3 0.12265625 0.97421875 0.07109375 0.04375
2 0.6515625 0.853125 0.15234375 0.19140625
2 0.2140625 0.37421875 0.19296875 0.06328125
3 0.16484375 0.66875 0.0578125 0.0703125
3 0.2359375 0.67890625 0.075 0.10234375