3 0.08943287037037037 0.6405902777777778 0.11608796296296295 0.2218055555555555
3 0.18016782407407406 0.7898958333333332 0.13827546296296295 0.09612268518518512
3 0.27697337962962965 0.7389525462962963 0.09655092592592593 0.10268518518518518
3 0.3794212962962963 0.6647800925925926 0.06280092592592598 0.05957175925925924
3 0.37441550925925926 0.7777141203703704 0.05370370370370372 0.0639814814814816
3 0.4180497685185186 0.5138483796296296 0.12578703703703695 0.12226851851851847
3 0.7148842592592592 0.6404050925925926 0.41939814814814813 0.23391203703703703
3 0.8866261574074074 0.8669791666666666 0.1586921296296296 0.12480324074074076
3 0.15734375 0.08888888888888889 0.2365625 0.17546296296296296
3 0.25109375 0.40751736111111114 0.222974537037037 0.209375
3 0.9394270833333334 0.331568287037037 0.12114583333333329 0.2179976851851851
3 0.9227430555555556 0.12092592592592592 0.13754629629629633 0.11013888888888887
3 0.8330729166666668 0.09487268518518518 0.12825231481481508 0.0849074074074074
3 0.7346932870370371 0.11925347222222223 0.11072916666666668 0.15769675925925924
3 0.6538773148148148 0.26893518518518517 0.11135416666666664 0.11560185185185183
3 0.7324189814814815 0.38356481481481486 0.10775462962962976 0.08118055555555559
3 0.8297280092592592 0.3279571759259259 0.14593750000000014 0.17277777777777778
3 0.7584837962962963 0.5075578703703704 0.09994212962962976 0.08094907407407419
3 0.6018923611111111 0.14183449074074073 0.09019675925925927 0.07442129629629628