3 0.45865162037037044 0.739380787037037 0.1309606481481481 0.1737962962962964
3 0.3175 0.7758506944444444 0.1290162037037037 0.12221064814814805
3 0.25744791666666667 0.26340277777777776 0.09119212962962955 0.0779050925925926
3 0.18686342592592592 0.22772569444444443 0.05975694444444444 0.052442129629629616
3 0.6823668981481481 0.7735706018518519 0.07877314814814813 0.08865740740740727
3 0.6264120370370371 0.708767361111111 0.05363425925925931 0.06953703703703695
3 0.9279745370370371 0.7042997685185185 0.1400115740740741 0.13018518518518504
3 0.8036168981481481 0.37094907407407407 0.07084490740740748 0.0729166666666667
3 0.7410185185185185 0.14763310185185186 0.07553240740740748 0.07298611111111111
3 0.33566550925925925 0.1692650462962963 0.06606481481481481 0.0603472222222222
1 0.4378819444444445 0.888923611111111 0.08387731481481478 0.14497685185185177
3 0.3911053240740741 0.2700173611111111 0.08476851851851848 0.05437500000000002
3 0.6211863425925925 0.3197395833333333 0.06604166666666664 0.057222222222222285
3 0.2883101851851852 0.0019502314814814816 0.04849537037037042 0.003900462962962963
3 0.35635416666666664 0.011608796296296296 0.05020833333333332 0.023217592592592592
3 0.7241319444444445 0.0830324074074074 0.04250000000000007 0.04281250000000001
3 0.7298379629629629 0.009502314814814816 0.04387731481481474 0.01783564814814815
3 0.2030555555555556 0.30405671296296294 0.07541666666666665 0.057361111111111106
3 0.5522858796296296 0.19496527777777778 0.07856481481481481 0.06053240740740744