3 0.3486979166666667 0.3466666666666667 0.2740162037037036 0.3163194444444445
3 0.06795717592592593 0.11939814814814813 0.12402777777777778 0.19387731481481482
3 0.16967013888888888 0.032094907407407405 0.14559027777777778 0.06418981481481481
3 0.3974479166666667 0.6837037037037037 0.23856481481481479 0.32516203703703717
3 0.44245370370370374 0.9183738425925926 0.13328703703703687 0.13156250000000008
3 0.16144097222222223 0.8818807870370371 0.24186342592592594 0.2081134259259258
3 0.8583796296296295 0.9481770833333334 0.09006944444444472 0.0809606481481481
3 0.9670254629629629 0.879068287037037 0.06594907407407433 0.1123495370370371
3 0.8094791666666665 0.9098090277777778 0.06129629629629605 0.0680439814814818
3 0.19413773148148147 0.39664930555555555 0.12789351851851852 0.08776620370370374
2 0.9204340277777778 0.07814814814814815 0.15913194444444442 0.1562962962962963