3 0.15208333333333335 0.8036168981481481 0.05196759259259256 0.09890046296296298
3 0.21412037037037038 0.837818287037037 0.0494791666666667 0.07378472222222214
3 0.25992476851851853 0.7703125 0.08101851851851852 0.1259837962962962
3 0.38897569444444446 0.6575520833333334 0.09508101851851851 0.08495370370370381
3 0.4951388888888889 0.8524016203703703 0.15734953703703702 0.1254050925925924
3 0.4760127314814815 0.6725694444444444 0.09739583333333339 0.06331018518518512
3 0.45879629629629626 0.9678819444444444 0.13773148148148148 0.06423611111111108
3 0.7971643518518519 0.9293113425925927 0.12042824074074066 0.09618055555555571
3 0.8891782407407408 0.8052372685185185 0.11128472222222215 0.14380787037037024
3 0.7916666666666667 0.6756944444444445 0.06944444444444446 0.0659143518518519
3 0.8079861111111111 0.5904224537037036 0.055613425925925955 0.07112268518518512
3 0.7690393518518518 0.4644386574074074 0.04866898148148149 0.09398148148148149
3 0.6897569444444445 0.42740162037037044 0.1203125 0.13512731481481488
3 0.579050925925926 0.4254340277777778 0.1484375 0.09513888888888893