4 0.41611111111111115 0.5206250000000001 0.35086805555555556 0.49121527777777774
4 0.40555555555555556 0.10769097222222224 0.30798611111111107 0.19302083333333334
6 0.8182465277777778 0.7046875 0.36350694444444437 0.48576388888888894
6 0.9375 0.2304861111111111 0.125 0.3831944444444444
4 0.8306423611111111 0.11098958333333334 0.21753472222222214 0.1578125
4 0.6587152777777778 0.08463541666666667 0.18305555555555558 0.11885416666666666
6 0.7250347222222222 0.38387152777777783 0.15999999999999998 0.23166666666666663
6 0.5479340277777778 0.8375868055555555 0.1617013888888888 0.16468750000000015
5 0.24333333333333335 0.8015104166666667 0.22722222222222221 0.39697916666666655
6 0.23145833333333332 0.36583333333333334 0.15020833333333333 0.2920486111111112
5 0.15857638888888886 0.1645486111111111 0.13170138888888888 0.2615972222222222
5 0.06102430555555555 0.44324652777777784 0.09343749999999999 0.24274305555555564
6 0.538125 0.9367013888888888 0.228263888888889 0.12659722222222242