4 0.43125 0.31015625 0.1640625 0.11640625
6 0.4078125 0.8609375 0.39453125 0.24609375
5 0.57109375 0.0515625 0.15546875 0.103125
5 0.69140625 0.82578125 0.1984375 0.15546875
4 0.1796875 0.77421875 0.19765625 0.1203125
5 0.18046875 0.11015625 0.2609375 0.2
5 0.2203125 0.303125 0.2765625 0.1703125
5 0.70234375 0.2359375 0.35234375 0.0796875
5 0.82265625 0.15546875 0.2625 0.12890625
5 0.81484375 0.046875 0.27421875 0.08515625
6 0.10859375 0.60859375 0.2171875 0.1359375
4 0.096875 0.50078125 0.19375 0.1234375
5 0.2796875 0.58359375 0.171875 0.11171875
6 0.68359375 0.52265625 0.15 0.06484375
6 0.609375 0.4484375 0.30546875 0.103125
6 0.6578125 0.95234375 0.234375 0.0953125
4 0.90078125 0.51640625 0.1984375 0.103125
5 0.05859375 0.39921875 0.1171875 0.11171875
5 0.44140625 0.1359375 0.1421875 0.0703125
4 0.84296875 0.32734375 0.203125 0.09453125
0 0.43359375 0.31796875 0.17578125 0.13125