3 0.07767361111111111 0.7636053240740741 0.10006944444444446 0.28346064814814814
3 0.19449652777777776 0.3872511574074074 0.3738541666666667 0.4338773148148148
3 0.16868055555555556 0.034832175925925926 0.10611111111111109 0.06795138888888888
3 0.32678819444444446 0.09535879629629629 0.3098263888888889 0.1881712962962963
3 0.6114930555555557 0.4036168981481481 0.17243055555555564 0.15435185185185177
3 0.48322916666666665 0.1535300925925926 0.13944444444444457 0.11505787037037037
3 0.47060763888888885 0.3088541666666667 0.09743055555555565 0.08350694444444447
3 0.3396354166666667 0.3492766203703703 0.38041666666666674 0.3355208333333334
3 0.3625 0.9515914351851851 0.12017361111111118 0.06805555555555572
3 0.21012152777777776 0.914537037037037 0.19600694444444447 0.087361111111111
3 0.5564583333333333 0.9553414351851852 0.2572222222222223 0.08931712962962948
3 0.6744618055555556 0.7836458333333334 0.201701388888889 0.21548611111111118
3 0.6978993055555556 0.9243981481481482 0.11666666666666678 0.09458333333333328
3 0.8388368055555555 0.7918923611111112 0.2399652777777778 0.232951388888889
3 0.8938715277777778 0.9724710648148148 0.11677083333333335 0.05505787037037031
3 0.8628125000000001 0.22428819444444442 0.27131944444444434 0.2003819444444444
3 0.626875 0.11710648148148148 0.30999999999999994 0.22722222222222227
3 0.7575694444444444 0.3164467592592593 0.27281249999999985 0.19883101851851848
3 0.27508680555555554 0.6541666666666666 0.10996527777777772 0.11952546296296304
3 0.12378472222222221 0.14930555555555555 0.12104166666666667 0.1227314814814815