5 0.77421875 0.4654224537037036 0.1578125 0.08895833333333343
5 0.5142071759259259 0.6301851851851852 0.16944444444444445 0.10803240740740741
5 0.7469039351851852 0.1282638888888889 0.08576388888888893 0.0821412037037037
0 0.09811921296296297 0.521087962962963 0.16163194444444445 0.10780092592592591
5 0.30135995370370366 0.8041493055555555 0.26684027777777775 0.1671064814814816
5 0.9062210648148149 0.32105902777777773 0.1835069444444443 0.19273148148148156
5 0.31964699074074077 0.4761458333333334 0.25428240740740743 0.16517361111111112
5 0.8804398148148149 0.6414351851851852 0.23912037037037023 0.22951388888888893
5 0.4569733796296296 0.1384027777777778 0.1380208333333332 0.10241898148148146
5 0.075 0.2761400462962963 0.13391203703703702 0.11790509259259263
6 0.20925925925925926 0.9258796296296297 0.23680555555555555 0.14824074074074076
5 0.41530671296296295 0.36192129629629627 0.3299768518518519 0.3125694444444445
5 0.8400462962962962 0.13570601851851852 0.09600694444444428 0.06371527777777777
5 0.7290798611111111 0.19484953703703703 0.1726273148148149 0.06754629629629631
5 0.8155671296296297 0.043674768518518516 0.10613425925925953 0.042164351851851856
2 0.7320891203703704 0.04432291666666667 0.07980324074074083 0.04762731481481482
5 0.43995949074074076 0.05829861111111111 0.12800925925925916 0.0849537037037037
5 0.25691550925925927 0.08877314814814816 0.15376157407407404 0.10600694444444445
5 0.35668402777777775 0.04334490740740741 0.14890046296296297 0.05903935185185185
5 0.09846643518518519 0.17226273148148147 0.1921875 0.21640046296296295
5 0.2482638888888889 0.19230902777777778 0.1307291666666667 0.11624999999999996
5 0.3789930555555555 0.18213541666666666 0.16649305555555555 0.11262731481481483
5 0.18535879629629629 0.3480844907407407 0.12112268518518521 0.10972222222222232
5 0.056365740740740744 0.4262037037037037 0.084375 0.08678240740740736
5 0.16333912037037038 0.4067418981481481 0.1715856481481482 0.12370370370370373
4 0.3513888888888889 0.6799884259259259 0.23142361111111107 0.18010416666666665
2 0.24076967592592596 0.5378009259259259 0.11736111111111107 0.09244212962962965
5 0.5629050925925926 0.17509837962962962 0.04907407407407405 0.06076388888888893