2 0.7988368055555555 0.6055208333333333 0.17076388888888888 0.2668749999999999
2 0.6909201388888888 0.5609375 0.12062500000000007 0.19031249999999994
2 0.16425347222222225 0.4884375 0.22600694444444444 0.28302083333333333
6 0.3113194444444445 0.30973958333333335 0.10673611111111114 0.15822916666666664
2 0.33166666666666667 0.62734375 0.2733680555555556 0.3671875
6 0.12862847222222223 0.7384375000000001 0.20225694444444448 0.3094791666666666
6 0.23414930555555555 0.8915625 0.3893402777777778 0.21687499999999993
0 0.5917708333333334 0.3455729166666667 0.2131597222222222 0.3444791666666666
6 0.4298784722222223 0.19067708333333333 0.23319444444444457 0.3395833333333333
6 0.2307638888888889 0.10963541666666668 0.158125 0.1928125
6 0.09364583333333334 0.24927083333333333 0.17729166666666668 0.2735416666666667
6 0.57359375 0.9497916666666667 0.19170138888888885 0.10041666666666664
6 0.7771354166666666 0.93515625 0.09819444444444443 0.1296875