4 0.8159722222222221 0.7003240740740739 0.3167476851851852 0.3685995370370371
5 0.20798032407407407 0.9139872685185185 0.10090277777777779 0.11275462962962948
5 0.31797453703703704 0.3940625 0.21863425925925917 0.3697453703703705
5 0.7826446759259259 0.3006539351851852 0.13620370370370374 0.19250000000000006
4 0.15404513888888888 0.29234375 0.13714120370370372 0.15047453703703706
5 0.616550925925926 0.27089120370370373 0.28848379629629617 0.33440972222222226
5 0.14884837962962963 0.06020254629629629 0.13355324074074076 0.11133101851851852
1 0.42380208333333336 0.6494386574074074 0.21824074074074068 0.24194444444444443
4 0.8963831018518519 0.4185706018518519 0.19216435185185182 0.4603125
4 0.622355324074074 0.4913136574074074 0.18388888888888885 0.2105555555555556
4 0.6223784722222222 0.7325868055555556 0.3421064814814816 0.4369212962962964
4 0.49827546296296293 0.853761574074074 0.5690046296296296 0.2924768518518519
4 0.49012731481481475 0.12568287037037038 0.14162037037037045 0.20680555555555555
4 0.12644097222222223 0.5376678240740741 0.15908564814814818 0.27315972222222235
2 0.04758391203703703 0.46035300925925926 0.09516782407407406 0.13034722222222223
2 0.04915509259259259 0.2811631944444445 0.09831018518518518 0.25494212962962964
6 0.46695023148148146 0.4064872685185185 0.2357870370370371 0.30986111111111114
5 0.061067708333333325 0.7918344907407407 0.12213541666666665 0.17652777777777792