4 0.6484375 0.38984375 0.32265625 0.2171875
5 0.06953125 0.7453125 0.1390625 0.071875
5 0.09296875 0.6546875 0.1859375 0.12421875
5 0.65625 0.0828125 0.246875 0.165625
5 0.446875 0.6453125 0.1640625 0.08046875
6 0.91953125 0.9328125 0.1578125 0.134375
4 0.73515625 0.9515625 0.1234375 0.096875
6 0.64765625 0.9203125 0.05546875 0.08671875
6 0.5765625 0.81640625 0.16640625 0.08046875
6 0.650132275 0.7849702375 0.653769840625 0.7862103171875 0.6600529093749999 0.7958829359374999 0.66865079375 0.8008432546875 0.671296296875 0.8048115078125001 0.6792328046875 0.812251984375 0.6927910046875 0.815476190625 0.700396825 0.8162202375 0.70601851875 0.8191964281249999 0.7245370375 0.8241567453125 0.7374338625 0.824652778125 0.749338625 0.8206845234375001 0.7605820109375 0.814980159375 0.7635582015625 0.815228175 0.7671957671875 0.8137400796875 0.771494709375 0.8134920640625 0.7757936515625 0.8115079359375 0.78075396875 0.8080357140625001 0.7857142859375 0.7991071421875 0.7870370375 0.7824900796875001 0.7791005296875 0.753472221875 0.7919973546875 0.6944444437499999 0.7949735453125 0.6894841265625 0.7926587296875 0.6837797625 0.7880290999999999 0.681795634375 0.7827380953125 0.68154761875 0.762896825 0.688244046875 0.7519841265625 0.693204365625 0.728835978125 0.7073412703125 0.7245370375 0.7118055562500001 0.71891534375 0.7137896828125 0.700396825 0.72470238125 0.6960978843750001 0.7261904765625 0.6924603171875 0.7294146828125 0.688161375 0.7306547625 0.68121693125 0.7353670640625001 0.672288359375 0.7388392859375 0.659391534375 0.749751984375 0.64351851875 0.75967261875 0.6335978843750001 0.7673611109375 0.6362433859375 0.775049603125 0.646164021875 0.781001984375 0.650132275 0.7849702375
6 0.54375 0.54296875 0.2359375 0.14453125
5 0.06640625 0.45 0.13203125 0.14921875
6 0.3890625 0.17890625 0.22890625 0.128125
5 0.89453125 0.1234375 0.13671875 0.07578125
6 0.734375 0.94453125 0.13828125 0.1109375