0 0.6826851851851852 0.2964583333333334 0.34989583333333324 0.20541666666666672
5 0.43857638888888884 0.12135416666666668 0.23305555555555557 0.1509375
6 0.27041666666666664 0.7514062499999999 0.27795138888888893 0.25197916666666664
5 0.5794733796296296 0.6327604166666667 0.1459143518518518 0.12489583333333343
4 0.7886255787037036 0.6503645833333334 0.42274884259259266 0.3811458333333334
4 0.6360474537037037 0.8462500000000001 0.31829861111111113 0.25
5 0.2584664351851852 0.01890625 0.19818287037037036 0.0378125
2 0.5025752314814815 0.2880729166666667 0.12311342592592603 0.1078125
2 0.19961226851851852 0.1521875 0.0565509259259259 0.06135416666666664
5 0.533587962962963 0.4805208333333334 0.07853009259259255 0.09083333333333332
6 0.9578732638888889 0.8199479166666667 0.08425347222222221 0.15375000000000014
5 0.37137731481481484 0.5227083333333333 0.1438888888888889 0.1169791666666665
5 0.5271122685185186 0.7021354166666667 0.18841435185185187 0.2117708333333333
0 0.7542534722222223 0.040625 0.43038194444444444 0.08125