3 0.6249305555555555 0.24312499999999998 0.08341435185185198 0.08677083333333338
3 0.5474710648148149 0.22234375 0.03644675925925931 0.07114583333333328
3 0.5779340277777777 0.22359374999999998 0.025393518518518475 0.05479166666666666
3 0.6062326388888889 0.14348958333333334 0.05833333333333339 0.07416666666666667
3 0.51875 0.13999999999999999 0.05682870370370363 0.081875
3 0.506712962962963 0.20166666666666666 0.028449074074073977 0.045624999999999985
3 0.5938888888888889 0.058333333333333334 0.029942129629629655 0.03635416666666667
3 0.7133969907407407 0.06317708333333334 0.11268518518518515 0.032500000000000015
3 0.7217013888888889 0.13010416666666666 0.0712268518518517 0.128125
3 0.7855092592592593 0.1 0.049085648148147955 0.09072916666666667
3 0.8169733796296296 0.13098958333333333 0.04278935185185162 0.08406250000000001
3 0.7936458333333333 0.2496875 0.05849537037037038 0.09604166666666672
3 0.8188599537037037 0.49109374999999994 0.06920138888888872 0.06552083333333343
3 0.8588888888888888 0.4133333333333334 0.05658564814814824 0.04906249999999997
3 0.8610300925925927 0.3861458333333333 0.031481481481481666 0.033333333333333395
3 0.867025462962963 0.4576041666666667 0.059664351851851906 0.043020833333333286
3 0.7169733796296296 0.44057291666666665 0.07078703703703706 0.06875
3 0.5697337962962964 0.3815625 0.04568287037037031 0.053020833333333336
3 0.5002488425925926 0.5940104166666667 0.028379629629629654 0.036250000000000074
3 0.5326793981481481 0.5446354166666667 0.029942129629629655 0.036354166666666646
3 0.6444097222222223 0.7644791666666666 0.07375000000000007 0.047083333333333324
3 0.8739236111111112 0.6509375000000001 0.055185185185185046 0.07083333333333322
3 0.9742824074074073 0.5328125 0.051435185185185264 0.06145833333333339
3 0.8515451388888888 0.8977604166666666 0.04409722222222214 0.04979166666666686
3 0.8724999999999999 0.9788802083333333 0.04570601851851848 0.04223958333333329
3 0.9593634259259259 0.9827604166666667 0.08032407407407405 0.034479166666666575
3 0.6917881944444444 0.9409895833333334 0.034652777777777644 0.03979166666666671
3 0.7454282407407408 0.989296875 0.03332175925925931 0.02140625000000007
3 0.6535127314814815 0.9392187499999999 0.03793981481481481 0.06187499999999986
3 0.65171875 0.9975781250000001 0.028379629629629477 0.004843749999999858
3 0.7139467592592592 0.9796354166666668 0.034675925925925985 0.04072916666666657
3 0.6612152777777778 0.7140625 0.03314814814814824 0.047499999999999966
3 0.6419502314814814 0.64328125 0.03943287037037031 0.052604166666666605
3 0.5958449074074074 0.6386458333333334 0.04262731481481481 0.06218749999999993
3 0.7666203703703703 0.8179166666666667 0.040868055555555574 0.035520833333333356
3 0.7982928240740741 0.8770312499999999 0.058229166666666644 0.060104166666666715
3 0.8310243055555556 0.7628645833333334 0.04881944444444457 0.05479166666666657
3 0.918425925925926 0.7554166666666667 0.03318287037037067 0.052187500000000143
3 0.984302662037037 0.81375 0.03139467592592595 0.061562500000000145
3 0.9490856481481481 0.7832291666666666 0.04880787037037031 0.05322916666666657
3 0.9319097222222222 0.6782291666666667 0.06909722222222214 0.05145833333333325
3 0.9688136574074073 0.7056770833333333 0.040868055555555574 0.035520833333333356
3 0.8986631944444443 0.5120312499999999 0.10359953703703724 0.07093749999999996
3 0.9394097222222222 0.4257291666666667 0.028402777777778 0.03937500000000007
3 0.9442245370370369 0.33781249999999996 0.039340277777778 0.04010416666666661
4 0.9824652777777778 0.26078124999999996 0.035069444444444285 0.1586458333333333
3 0.9133796296296296 0.17958333333333334 0.04748842592592588 0.0859375
3 0.5896585648148148 0.43598958333333326 0.052013888888888894 0.06437500000000007
3 0.6426041666666666 0.5207291666666667 0.06607638888888889 0.06531249999999993
3 0.7449363425925926 0.7368229166666667 0.04568287037037031 0.05302083333333325
3 0.6997106481481481 0.6401041666666666 0.046030092592592456 0.09989583333333343
3 0.7998842592592592 0.6702083333333333 0.04408564814814806 0.04822916666666668
3 0.770150462962963 0.45114583333333336 0.05038194444444457 0.054895833333333324
3 0.8922800925925927 0.8098958333333333 0.06763888888888872 0.06541666666666686
3 0.9940567129629629 0.3865104166666667 0.011886574074074119 0.054062500000000034
3 0.980318287037037 0.36130208333333336 0.03155092592592581 0.04270833333333339
3 0.9930266203703703 0.6191666666666666 0.013946759259259523 0.021458333333333357
3 0.9940219907407407 0.5841145833333334 0.01195601851851862 0.046354166666666786
3 0.8326967592592591 0.5669791666666667 0.048692129629629474 0.03760416666666657
3 0.8882523148148149 0.5823958333333333 0.018958333333333143 0.02937499999999993
3 0.9991087962962963 0.7920833333333334 0.0017824074074074049 0.03458333333333332
3 0.931111111111111 0.5704166666666668 0.028287037037036812 0.02375000000000007