4 0.13046875 0.87265625 0.26015625 0.2546875
6 0.35234375 0.84453125 0.3015625 0.23046875
6 0.26640625 0.6953125 0.303125 0.20234375
6 0.4890625 0.66015625 0.13515625 0.15546875
2 0.51484375 0.11875 0.16328125 0.1125
2 0.58359375 0.184375 0.0890625 0.07109375
6 0.746875 0.58984375 0.22734375 0.13828125
6 0.60703125 0.79765625 0.19296875 0.125
6 0.43828125 0.47890625 0.42265625 0.23046875
6 0.303125 0.2859375 0.1921875 0.10859375
5 0.80078125 0.0359375 0.2203125 0.07109375
5 0.85 0.1734375 0.19453125 0.09140625
5 0.8359375 0.2859375 0.19765625 0.10703125
5 0.43671875 0.03125 0.31015625 0.0625
5 0.109375 0.11484375 0.21875 0.1453125
0 0.63984375 0.34765625 0.103125 0.0734375