2 0.46299768518518514 0.2359664351851852 0.2841782407407408 0.18530092592592595
2 0.4875810185185185 0.34892939814814816 0.2044675925925926 0.13104166666666667
2 0.45554398148148145 0.8847164351851852 0.3046064814814816 0.2305671296296296
6 0.66953125 0.7488483796296296 0.16916666666666663 0.11490740740740737
2 0.346244212962963 0.7151273148148148 0.3952546296296296 0.29466435185185186
6 0.19280671296296298 0.9028645833333332 0.32664351851851847 0.1906134259259261
6 0.0878298611111111 0.7859375 0.1756597222222222 0.38125
0 0.6897858796296296 0.45983217592592596 0.3664583333333333 0.23023148148148137
6 0.8032696759259259 0.6296296296296295 0.3347569444444446 0.24849537037037023
6 0.8463773148148149 0.8390451388888888 0.17837962962962947 0.16499999999999987
6 0.6915509259259259 0.9380960648148149 0.28599537037037026 0.1238078703703703
6 0.059160879629629626 0.4518113425925926 0.11832175925925925 0.20362268518518523
6 0.09439814814814815 0.2437962962962963 0.1887962962962963 0.10895833333333335