3 0.08703125 0.7321006944444444 0.10177083333333332 0.3798263888888888
3 0.30145833333333333 0.40298611111111116 0.1197916666666666 0.1820833333333333
6 0.2716145833333333 0.15425347222222224 0.4807291666666667 0.30711805555555555
3 0.7352604166666666 0.9690451388888889 0.1690624999999999 0.06190972222222228
3 0.488125 0.986076388888889 0.11958333333333329 0.027847222222222003
3 0.38078124999999996 0.9141493055555555 0.17260416666666673 0.10836805555555565
3 0.7472916666666667 0.47920138888888886 0.13395833333333335 0.11374999999999993
3 0.9619010416666667 0.5850520833333334 0.07619791666666664 0.08840277777777779
3 0.8928645833333334 0.39272569444444444 0.100416666666667 0.07868055555555564
3 0.8133854166666665 0.2887673611111111 0.04718750000000007 0.05253472222222229
3 0.8396354166666666 0.22616319444444444 0.11374999999999993 0.11486111111111112
3 0.6821875000000001 0.28663194444444445 0.06635416666666671 0.05920138888888893
3 0.7575520833333333 0.11824652777777778 0.05395833333333329 0.06048611111111111
3 0.6153125 0.04409722222222222 0.11447916666666665 0.05559027777777779
3 0.5632291666666667 0.22236111111111115 0.06625000000000014 0.05763888888888893
3 0.9372395833333333 0.3445659722222222 0.059375 0.07152777777777777
3 0.21161458333333333 0.42439236111111117 0.09416666666666665 0.07854166666666665
2 0.20052083333333334 0.9015625 0.29104166666666664 0.153125
4 0.5822395833333334 0.8868229166666666 0.20010416666666658 0.22635416666666686