6 0.67890625 0.578125 0.19609375 0.1546875
6 0.371875 0.553125 0.20625 0.16953125
6 0.91640625 0.50546875 0.1671875 0.0609375
0 0.80546875 0.4125 0.23203125 0.13046875
4 0.18828125 0.20859375 0.1578125 0.10078125
3 0.534375 0.16640625 0.04921875 0.05078125
3 0.3984375 0.12734375 0.0375 0.053125
3 0.503125 0.209375 0.04375 0.05703125
3 0.38828125 0.2234375 0.025 0.040625
3 0.43984375 0.3203125 0.03046875 0.05078125
6 0.91875 0.2203125 0.1625 0.09453125
4 0.61015625 0.15546875 0.10390625 0.065625
3 0.45546875 0.0578125 0.03828125 0.040625
0 0.56796875 0.0578125 0.17890625 0.075
6 0.56484375 0.42265625 0.12421875 0.06171875
2 0.759375 0.73046875 0.0640625 0.040625
0 0.5484375 0.6828125 0.2078125 0.134375
2 0.83828125 0.7421875 0.12578125 0.10546875
4 0.1421875 0.3109375 0.1609375 0.09765625
6 0.109375 0.38671875 0.1328125 0.0640625
1 0.728125 0.25 0.05859375 0.0359375
1 0.75390625 0.2828125 0.05859375 0.025