3 0.18455439814814817 0.5651099537037038 0.1044675925925926 0.09215277777777793
3 0.24915509259259258 0.5805555555555555 0.06517361111111111 0.07594907407407411
0 0.3526041666666667 0.5571527777777778 0.2331828703703703 0.4502314814814815
4 0.5869097222222223 0.7692592592592593 0.33469907407407395 0.44861111111111107
4 0.5462615740740742 0.4550868055555556 0.19229166666666658 0.32621527777777787
3 0.47385416666666663 0.3866435185185185 0.06967592592592595 0.06351851851851853
2 0.2437905092592593 0.3627141203703704 0.09771990740740737 0.1639120370370371
2 0.8589756944444444 0.48872685185185183 0.273113425925926 0.4039583333333333
2 0.9254745370370371 0.7978298611111111 0.1290046296296296 0.2721643518518519
4 0.8302372685185185 0.21421296296296294 0.29297453703703696 0.26834490740740735
4 0.4325289351851852 0.0692824074074074 0.16931712962962955 0.1385648148148148
2 0.19397569444444446 0.1400636574074074 0.1720833333333333 0.22750000000000004