4 0.45963541666666663 0.13539930555555554 0.5161458333333332 0.2707986111111111
4 0.2861400462962963 0.8565914351851852 0.23266203703703708 0.20261574074074068
5 0.7454861111111111 0.09030092592592592 0.20106481481481495 0.15412037037037038
5 0.5543981481481481 0.8817592592592594 0.2747685185185185 0.19386574074074048
0 0.9059548611111111 0.641412037037037 0.1880902777777777 0.28027777777777774
1 0.6545196759259259 0.6819618055555555 0.20583333333333337 0.16530092592592602
0 0.5008391203703704 0.7204108796296296 0.16972222222222227 0.14000000000000004
5 0.29367476851851854 0.7131770833333333 0.12592592592592594 0.13148148148148148
0 0.08987268518518518 0.7378125000000001 0.11010416666666667 0.10410879629629619
0 0.0994212962962963 0.6552546296296297 0.16835648148148147 0.16648148148148145
6 0.09463541666666667 0.5367071759259259 0.1803587962962963 0.09994212962962959
1 0.45153356481481477 0.3947164351851852 0.32315972222222217 0.19012731481481487
1 0.43899884259259264 0.4961863425925926 0.16019675925925939 0.1192013888888889
1 0.1695775462962963 0.31398726851851855 0.27178240740740744 0.21245370370370367
5 0.03692708333333333 0.1317303240740741 0.07281249999999999 0.13028935185185184
2 0.7189699074074074 0.014780092592592591 0.2879398148148148 0.029560185185185182
4 0.7220833333333333 0.012934027777777777 0.27229166666666665 0.025868055555555554
0 0.9463020833333333 0.29559606481481476 0.10128472222222236 0.17862268518518523
0 0.28375 0.6394444444444444 0.3170138888888888 0.20386574074074063