3 0.055260416666666666 0.4776736111111111 0.0666087962962963 0.11027777777777778
3 0.3322916666666667 0.5580092592592593 0.1119791666666666 0.14217592592592593
3 0.23075810185185186 0.6807002314814815 0.09311342592592595 0.07944444444444443
3 0.2368287037037037 0.9636400462962964 0.25192129629629634 0.07086805555555528
3 0.08231481481481481 0.9542013888888888 0.04219907407407408 0.09118055555555564
3 0.6820775462962964 0.4582233796296296 0.24024305555555542 0.176863425925926
3 0.6631886574074074 0.6367650462962964 0.12048611111111107 0.0954629629629629
3 0.47517361111111106 0.5089814814814815 0.19942129629629618 0.11224537037037052
3 0.8548553240740742 0.04304398148148148 0.2534606481481482 0.08608796296296296
3 0.8853298611111111 0.5029050925925926 0.11429398148148166 0.12659722222222225
3 0.8544212962962963 0.6456597222222222 0.1839351851851852 0.1448032407407407
3 0.9595833333333333 0.5531712962962964 0.08083333333333335 0.09534722222222207
3 0.5843344907407408 0.9405092592592592 0.13190972222222222 0.10499999999999972
3 0.7102719907407408 0.7908738425925926 0.11843749999999993 0.08606481481481491
3 0.7358043981481481 0.9515567129629631 0.08785879629629641 0.06843750000000029
3 0.230625 0.587662037037037 0.08225694444444445 0.08084490740740727
6 0.35496527777777775 0.06349247685185186 0.23953703703703705 0.12698495370370372