6 0.30703125 0.8625 0.61328125 0.27421875
6 0.26796875 0.68125 0.3375 0.16015625
6 0.77890625 0.7109375 0.38671875 0.22421875
6 0.6515625 0.89140625 0.24453125 0.12890625
6 0.48203125 0.69375 0.1046875 0.11796875
6 0.384375 0.57890625 0.16328125 0.05703125
6 0.875 0.59609375 0.25 0.284375
5 0.5609375 0.26953125 0.42734375 0.10546875
5 0.87890625 0.28203125 0.24140625 0.16015625
5 0.8390625 0.08984375 0.14921875 0.07265625
5 0.26953125 0.0859375 0.5390625 0.17109375
6 0.06484375 0.46796875 0.1296875 0.0890625
6 0.05625 0.60234375 0.1125 0.2046875
5 0.715625 0.5359375 0.11953125 0.071875
4 0.29453125 0.19140625 0.2140625 0.0859375
1 0.33125 0.27890625 0.128125 0.071875