3 0.7168807870370371 0.17703125 0.10971064814814824 0.10385416666666666
3 0.7372974537037038 0.25546875 0.1468055555555555 0.09854166666666667
3 0.7018576388888889 0.4578645833333333 0.1075810185185185 0.09281250000000014
3 0.6798842592592592 0.5295833333333333 0.12531250000000008 0.13447916666666657
3 0.5784780092592593 0.16546875 0.14619212962962963 0.14677083333333335
3 0.5930208333333333 0.3408333333333333 0.12013888888888893 0.12479166666666668
3 0.6082175925925926 0.25854166666666667 0.06967592592592595 0.08250000000000002
3 0.5106539351851852 0.4490104166666667 0.2718055555555555 0.3170833333333333
3 0.5336863425925926 0.65296875 0.11532407407407419 0.1820833333333333
3 0.13490740740740742 0.37958333333333333 0.2295717592592593 0.1632291666666667
3 0.2989293981481482 0.17953125 0.19012731481481476 0.12322916666666668
3 0.5299247685185186 0.9255729166666666 0.11984953703703702 0.14885416666666665
3 0.7132696759259259 0.9846354166666668 0.09591435185185197 0.03072916666666643
3 0.8232118055555556 0.99828125 0.15103009259259254 0.003437500000000071
3 0.7922453703703703 0.9160937499999999 0.16219907407407402 0.16781250000000014
3 0.04234375 0.59140625 0.029108796296296303 0.1109375