4 0.6705208333333333 0.7991840277777778 0.32909722222222226 0.3803819444444446
6 0.20050347222222223 0.6579166666666667 0.3693402777777778 0.6185416666666667
6 0.4525347222222222 0.39894097222222225 0.17684027777777783 0.2209027777777778
4 0.6393055555555556 0.2727951388888889 0.14243055555555556 0.18423611111111118
4 0.4561284722222222 0.21586805555555558 0.12861111111111115 0.15427083333333336
4 0.19645833333333332 0.30296875 0.19465277777777779 0.2353472222222222
4 0.08166666666666667 0.3594791666666667 0.12930555555555556 0.16989583333333336
4 0.9838368055555555 0.14848958333333334 0.032326388888888856 0.17892361111111113
0 0.9563194444444445 0.35701388888888885 0.087361111111111 0.1897222222222222
4 0.36534722222222227 0.09119791666666667 0.10843749999999996 0.15694444444444444
4 0.2969444444444444 0.13572916666666665 0.10784722222222225 0.10854166666666668
4 0.2821701388888889 0.035555555555555556 0.07371527777777782 0.07111111111111111
4 0.8847222222222222 0.2344965277777778 0.10392361111111086 0.12562499999999996