0 0.7205729166666667 0.6096932870370371 0.20503472222222233 0.3435185185185185
5 0.8905381944444445 0.3743634259259259 0.14947916666666677 0.22598379629629628
6 0.25269097222222225 0.17521412037037037 0.25405092592592593 0.2673611111111111
5 0.37980324074074073 0.4892650462962963 0.12436342592592595 0.13990740740740737
4 0.36530671296296297 0.7468287037037037 0.3945023148148149 0.4979629629629631
4 0.16006944444444446 0.5376099537037037 0.26319444444444445 0.3064699074074074
5 0.9855613425925925 0.19868055555555555 0.02887731481481488 0.19245370370370368
2 0.724392361111111 0.4293518518518519 0.10700231481481488 0.11635416666666672
2 0.85390625 0.13281828703703705 0.06006944444444429 0.051979166666666646
5 0.5315972222222223 0.45134837962962965 0.08981481481481488 0.07406249999999996
6 0.19855324074074074 0.8884837962962961 0.16921296296296298 0.13399305555555543
5 0.48506944444444444 0.28703124999999996 0.11811342592592596 0.13986111111111105
5 0.3086226851851852 0.43486111111111114 0.214525462962963 0.1764930555555555
0 0.969994212962963 0.6961168981481481 0.06001157407407405 0.4257060185185185