6 0.8578125 0.82890625 0.284375 0.1984375
6 0.54765625 0.76484375 0.16484375 0.09921875
4 0.1484375 0.36171875 0.290625 0.12734375
5 0.57890625 0.22578125 0.19609375 0.15859375
6 0.1546875 0.66953125 0.13984375 0.0859375
5 0.52890625 0.384375 0.23984375 0.1640625
5 0.875 0.08828125 0.24921875 0.11953125
6 0.365625 0.62265625 0.2984375 0.23203125
6 0.18828125 0.50390625 0.26953125 0.17578125
4 0.5890625 0.63203125 0.1703125 0.1140625
4 0.75625 0.62109375 0.178125 0.11484375
6 0.91484375 0.4734375 0.1703125 0.084375
4 0.79609375 0.3734375 0.1484375 0.0984375
2 0.1140625 0.0484375 0.228125 0.096875
5 0.09375 0.140625 0.18671875 0.08359375
5 0.47734375 0.05390625 0.3125 0.1078125