6 0.7984375 0.45390046296296294 0.1015625 0.12870370370370363
6 0.86953125 0.5669618055555555 0.0875 0.09828703703703709
3 0.95390625 0.10805555555555557 0.0921875 0.09384259259259257
3 0.975 0.16696180555555556 0.05 0.07915509259259261
3 0.98984375 0.3755439814814815 0.0203125 0.09636574074074078
3 0.87734375 0.9880787037037038 0.0828125 0.02384259259259238
3 0.853125 0.9184548611111112 0.065625 0.079965277777778
3 0.8203125 0.7464409722222223 0.05 0.09321759259259252
3 0.7859375 0.7993460648148147 0.0640625 0.12050925925925923
3 0.73203125 0.7981134259259259 0.0765625 0.10553240740740737
3 0.71484375 0.9550347222222222 0.0546875 0.0528356481481481
3 0.66640625 0.8517418981481482 0.0484375 0.06813657407407411
3 0.61328125 0.8763310185185185 0.0609375 0.046909722222222075
3 0.4578125 0.8487384259259259 0.040625 0.08179398148148138
3 0.1515625 0.9758275462962963 0.0421875 0.044375000000000143
3 0.3390625 0.8433622685185185 0.090625 0.1312615740740739
3 0.403125 0.7935590277777778 0.059375 0.05776620370370367
3 0.49140625 0.7770428240740741 0.05625 0.04510416666666668
6 0.71796875 0.6622280092592593 0.0390625 0.05046296296296297
3 0.67890625 0.6578587962962963 0.034375 0.0720949074074074
3 0.64296875 0.6724016203703703 0.0390625 0.06452546296296298
3 0.4734375 0.6768923611111111 0.0828125 0.06679398148148152
3 0.35234375 0.5737384259259259 0.08125 0.06515046296296294
3 0.2578125 0.7500868055555555 0.0609375 0.04690972222222225
3 0.09921875 0.635613425925926 0.059375 0.054641203703703664
3 0.18125 0.6547106481481482 0.05625 0.03572916666666668
3 0.30234375 0.6852083333333333 0.0703125 0.056770833333333215
3 0.1140625 0.5504456018518519 0.0921875 0.05946759259259267
3 0.028125 0.49755208333333334 0.05625 0.04822916666666668
3 0.03046875 0.4054861111111111 0.05625 0.06385416666666668
3 0.125 0.35335648148148147 0.0828125 0.054293981481481526
3 0.17265625 0.4652025462962962 0.121875 0.1391319444444445
3 0.3203125 0.4150462962962963 0.128125 0.09258101851851848
3 0.43671875 0.4929571759259259 0.0703125 0.0723958333333334
3 0.665625 0.3860763888888889 0.1546875 0.11114583333333332
3 0.66484375 0.5485358796296296 0.0796875 0.09475694444444435
3 0.75390625 0.5672164351851852 0.1 0.08174768518518523
3 0.87265625 0.1272800925925926 0.0859375 0.07008101851851851
3 0.78203125 0.08742476851851852 0.1140625 0.08403935185185185
3 0.6890625 0.05604166666666667 0.0921875 0.0360300925925926
3 0.209375 0.16632523148148148 0.128125 0.10976851851851852
3 0.22734375 0.03678819444444444 0.1359375 0.057048611111111105
3 0.446875 0.0778587962962963 0.121875 0.11569444444444443
3 0.57734375 0.06274884259259259 0.109375 0.06973379629629631