3 0.40865740740740736 0.7894328703703704 0.08718749999999993 0.0856481481481481
3 0.4837152777777778 0.7922280092592592 0.043206018518518616 0.06937500000000014
3 0.4556712962962964 0.798113425925926 0.02893518518518512 0.05510416666666664
3 0.44046874999999996 0.8796064814814815 0.062002314814814954 0.07277777777777779
3 0.5223032407407407 0.8651099537037037 0.06211805555555561 0.08059027777777779
3 0.524525462962963 0.8041261574074074 0.03194444444444446 0.04733796296296298
3 0.4651446759259259 0.9628530092592593 0.033506944444444464 0.047361111111111145
3 0.4989467592592593 0.9764178240740741 0.037986111111111144 0.033368055555555644
3 0.5545196759259259 0.9826273148148147 0.045590277777777646 0.019421296296296475
3 0.3544039351851852 0.9777777777777779 0.11457175925925922 0.03606481481481509
3 0.33395833333333336 0.9163483796296298 0.08151620370370374 0.12461805555555543
3 0.27827546296296296 0.9554629629629631 0.05745370370370369 0.08208333333333329
3 0.24594328703703705 0.9356249999999999 0.048101851851851854 0.08350694444444429
3 0.2504571759259259 0.8183449074074074 0.06545138888888893 0.09469907407407412
3 0.19166666666666668 0.5949479166666667 0.07126157407407407 0.06510416666666678
3 0.16630787037037037 0.6765914351851852 0.05855324074074071 0.050856481481481454
3 0.1682638888888889 0.703130787037037 0.03486111111111114 0.03332175925925931
3 0.15165509259259258 0.6369560185185186 0.06158564814814813 0.044652777777777784
3 0.29521990740740744 0.6223263888888889 0.07287037037037036 0.06825231481481478
3 0.4401331018518519 0.6459664351851852 0.05081018518518512 0.0554282407407408
3 0.4760127314814815 0.43054398148148143 0.028657407407407475 0.036354166666666646
3 0.4533622685185185 0.4840162037037037 0.031759259259259306 0.03483796296296297
3 0.3177835648148148 0.2992650462962963 0.07567129629629629 0.04642361111111111
3 0.11848958333333333 0.45537615740740744 0.05883101851851853 0.06960648148148145
3 0.04078125 0.5901504629629629 0.05556712962962963 0.06018518518518512
3 0.10403356481481482 0.21803819444444444 0.046076388888888875 0.0522337962962963
3 0.0739236111111111 0.13721643518518517 0.05081018518518519 0.05542824074074075
3 0.015995370370370368 0.13026041666666668 0.029444444444444447 0.08947916666666664
3 0.24746527777777777 0.14167824074074073 0.03805555555555555 0.03805555555555555
3 0.18878472222222223 0.08394097222222223 0.03851851851851853 0.06930555555555555
3 0.28487268518518516 0.1348726851851852 0.04152777777777779 0.061539351851851845
3 0.23851851851851852 0.06523148148148147 0.041296296296296296 0.045914351851851845
3 0.2760300925925926 0.06545717592592593 0.030243055555555554 0.03793981481481481
3 0.22197916666666667 0.10923611111111112 0.038101851851851797 0.041180555555555554
3 0.3091724537037037 0.35096643518518517 0.033506944444444464 0.047361111111111145
3 0.3374537037037037 0.4138425925925926 0.04295138888888887 0.05218749999999996
3 0.38036458333333334 0.40929976851851857 0.044652777777777784 0.06158564814814813
3 0.1955150462962963 0.2745081018518518 0.04271990740740743 0.03656249999999996
3 0.15806712962962963 0.22583333333333333 0.060254629629629616 0.060254629629629616
3 0.14256944444444444 0.3401504629629629 0.05078703703703704 0.0538657407407408
3 0.06245949074074074 0.3655613425925926 0.036701388888888895 0.05209490740740739
3 0.03013888888888889 0.3465046296296296 0.049201388888888885 0.05228009259259263
3 0.06046875 0.4421701388888889 0.07263888888888888 0.05262731481481477
3 0.02501157407407407 0.4223784722222222 0.03803240740740741 0.03649305555555564
3 0.11503472222222222 0.5913946759259259 0.10418981481481482 0.07340277777777775
3 0.08903356481481481 0.6824247685185185 0.03341435185185184 0.04111111111111114
3 0.09653356481481482 0.766707175925926 0.04278935185185184 0.04125000000000014
4 0.06880787037037037 0.8468229166666668 0.0553935185185185 0.15391203703703696
3 0.14866319444444445 0.9097164351851852 0.05435185185185185 0.08359953703703696
3 0.41521990740740744 0.5994502314814815 0.055613425925925955 0.06331018518518512
3 0.35401041666666666 0.5292476851851852 0.06813657407407411 0.06505787037037045
3 0.22706018518518517 0.34671296296296295 0.047638888888888876 0.05225694444444447
3 0.282974537037037 0.42871527777777774 0.053020833333333336 0.09920138888888878
3 0.18440972222222224 0.4215798611111111 0.04603009259259259 0.049108796296296296
3 0.24287615740740742 0.6231018518518519 0.05391203703703704 0.05391203703703695
3 0.0788136574074074 0.309056712962963 0.06969907407407408 0.06508101851851852
3 0.12500578703703705 0.051284722222222225 0.0676273148148148 0.030682870370370364
3 0.04127893518518518 0.7292361111111111 0.019513888888888897 0.05184027777777782
3 0.0595949074074074 0.7524074074074074 0.03343750000000001 0.04267361111111114
3 0.01302662037037037 0.5100752314814814 0.011238425925925926 0.020474537037037166
3 0.014317129629629628 0.5444386574074074 0.013171296296296297 0.045497685185185155
3 0.1695428240740741 0.5257291666666667 0.050555555555555555 0.03824074074074062
3 0.11559027777777778 0.5234027777777778 0.02226851851851852 0.026886574074073976
3 0.0760474537037037 0.5443055555555556 0.030034722222222233 0.02387731481481481