6 0.8986458333333334 0.06064236111111111 0.19743055555555564 0.09142361111111111
1 0.3946180555555555 0.4892708333333333 0.3243055555555555 0.27951388888888895
0 0.9306597222222223 0.32276041666666666 0.11451388888888872 0.19065972222222224
4 0.8225520833333333 0.3166493055555556 0.22211805555555558 0.19076388888888882
4 0.4839930555555556 0.03677083333333333 0.3476388888888888 0.07354166666666666
4 0.15490451388888887 0.32541666666666663 0.30980902777777775 0.2417361111111111
4 0.5311979166666667 0.5564930555555556 0.2398263888888888 0.16815972222222228
2 0.22680555555555557 0.6511111111111111 0.09871527777777782 0.08079861111111111
5 0.13003472222222223 0.6843055555555555 0.26006944444444446 0.300138888888889
5 0.8059027777777779 0.884236111111111 0.1663194444444443 0.16333333333333327
5 0.08300347222222222 0.8650520833333333 0.16600694444444444 0.14802083333333335
1 0.21555555555555556 0.51828125 0.15250000000000002 0.13309027777777782
6 0.38883680555555555 0.4965451388888889 0.2966319444444444 0.2533333333333333