4 0.25453125 0.8783854166666666 0.5090625 0.24322916666666677
4 0.8491666666666667 0.24369212962962963 0.23635416666666664 0.27216435185185184
6 0.17104166666666668 0.40361689814814816 0.34208333333333335 0.28813657407407406
6 0.10630208333333332 0.5099247685185185 0.21260416666666665 0.17922453703703703
4 0.5372916666666667 0.3519675925925926 0.16729166666666656 0.12465277777777777
4 0.3516666666666667 0.3521412037037037 0.22593750000000004 0.13929398148148148
2 0.20494791666666665 0.21513310185185186 0.12625000000000003 0.09351851851851851
0 0.29640625 0.25298032407407406 0.15250000000000002 0.11319444444444446
4 0.5963020833333333 0.1599247685185185 0.25322916666666656 0.19797453703703702
4 0.095 0.18561921296296297 0.19 0.2587384259259259
4 0.6735416666666667 0.8920138888888889 0.3589583333333334 0.21597222222222215
4 0.5672395833333332 0.5841145833333334 0.13666666666666671 0.10949074074074083
4 0.7177083333333334 0.5826388888888889 0.33604166666666657 0.17766203703703703
1 0.16713541666666668 0.398119212962963 0.33427083333333335 0.25329861111111107