6 0.11913194444444446 0.7711053240740741 0.1810648148148148 0.4577893518518518
6 0.06373842592592593 0.3073321759259259 0.10414351851851852 0.1759606481481482
6 0.4059490740740741 0.2572743055555556 0.13997685185185188 0.20612268518518517
5 0.7135243055555556 0.5971759259259259 0.08630787037037031 0.16244212962962976
5 0.7238599537037037 0.7360532407407407 0.10984953703703706 0.1357986111111112
5 0.8317303240740742 0.8667997685185185 0.11475694444444429 0.17035879629629633
6 0.3132986111111111 0.43516782407407406 0.14153935185185187 0.20621527777777776
5 0.8127893518518519 0.425943287037037 0.1318402777777777 0.19940972222222228
5 0.7222974537037037 0.31297453703703704 0.09781250000000004 0.17402777777777773
5 0.8458217592592593 0.24688078703703703 0.12025462962962977 0.18626157407407407
5 0.9832349537037036 0.5534375 0.033530092592592806 0.22851851851851848