6 0.934375 0.69921875 0.12734375 0.096875
4 0.3 0.82109375 0.28515625 0.20234375
6 0.58828125 0.8953125 0.35 0.209375
5 0.94375 0.1328125 0.11171875 0.08671875
4 0.2890625 0.659375 0.19296875 0.1390625
2 0.44375 0.0640625 0.25 0.128125
5 0.70078125 0.09375 0.21015625 0.10078125
6 0.59296875 0.5484375 0.28203125 0.1546875
4 0.45703125 0.4375 0.265625 0.13984375
4 0.95234375 0.45234375 0.0953125 0.05859375
0 0.89296875 0.371875 0.1125 0.07734375
4 0.45859375 0.30390625 0.2234375 0.07109375
5 0.659375 0.225 0.11796875 0.08671875
5 0.765625 0.221875 0.13984375 0.0765625
5 0.65703125 0.384375 0.140625 0.09609375
5 0.72265625 0.41328125 0.23203125 0.0703125
5 0.72890625 0.1515625 0.29375 0.07265625
0 0.44453125 0.18984375 0.07421875 0.04140625
0 0.3984375 0.22421875 0.09765625 0.0296875
6 0.2875 0.65859375 0.2078125 0.13984375