5 0.8246527777777779 0.6216666666666667 0.14475694444444437 0.13121527777777775
5 0.4384895833333333 0.9338541666666668 0.10336805555555557 0.11312500000000014
1 0.22807291666666668 0.8565798611111111 0.06732638888888891 0.074861111111111
0 0.012881944444444442 0.6275694444444444 0.025763888888888885 0.1667361111111111
5 0.39265625000000004 0.41975694444444445 0.12093749999999996 0.2977083333333333
5 0.4334722222222222 0.7833333333333334 0.12152777777777786 0.20562499999999986
5 0.09421874999999999 0.9180902777777777 0.06677083333333331 0.13260416666666686
5 0.19730902777777778 0.5302430555555555 0.039131944444444455 0.07267361111111104
5 0.15496527777777777 0.6224999999999999 0.03614583333333332 0.07572916666666671
5 0.18796875000000002 0.67015625 0.06072916666666668 0.06690972222222236
5 0.19230902777777778 0.6076215277777777 0.03850694444444445 0.05861111111111121
5 0.1487326388888889 0.7100520833333334 0.04572916666666664 0.08062500000000003
0 0.2149652777777778 0.7124826388888889 0.07677083333333332 0.0766319444444445
5 0.42109375 0.6579513888888888 0.06635416666666671 0.052986111111111
5 0.4143576388888889 0.5987847222222222 0.06885416666666658 0.10923611111111117
5 0.528125 0.6204513888888888 0.07906250000000004 0.1281944444444445
5 0.58296875 0.5981597222222221 0.09097222222222215 0.15031250000000007
5 0.5665451388888889 0.7569618055555555 0.04510416666666668 0.06656249999999986
5 0.584375 0.6894444444444444 0.03770833333333332 0.07576388888888878
5 0.66046875 0.78609375 0.05211805555555564 0.08388888888888886
5 0.7242708333333333 0.7729687500000001 0.051284722222222356 0.06513888888888886
5 0.7640277777777778 0.4052604166666667 0.15972222222222215 0.22208333333333333
0 0.7344270833333333 0.2107986111111111 0.07524305555555558 0.1125
4 0.5151388888888888 0.8775173611111111 0.11291666666666664 0.22260416666666671
5 0.27491319444444445 0.5051041666666667 0.046354166666666606 0.09468750000000004
4 0.32164930555555554 0.5071875 0.06177083333333329 0.09034722222222236