6 0.5670717592592593 0.6448958333333332 0.517361111111111 0.6283333333333333
2 0.723755787037037 0.2672395833333333 0.11956018518518512 0.19812500000000002
6 0.3010127314814815 0.61546875 0.11701388888888893 0.17145833333333335
6 0.13333333333333333 0.33854166666666663 0.2582175925925926 0.4489583333333333
6 0.07650462962962963 0.6558333333333334 0.11435185185185186 0.2679166666666667
4 0.3418981481481481 0.20437499999999997 0.1994212962962963 0.37645833333333334
2 0.6127025462962963 0.44609375 0.05173611111111107 0.134375
5 0.833130787037037 0.27453125 0.28113425925925917 0.4364583333333334
4 0.9500289351851852 0.7922916666666667 0.09994212962962976 0.24104166666666665
5 0.5814236111111111 0.9280729166666667 0.1206018518518519 0.14385416666666656
4 0.25931712962962966 0.9179427083333334 0.08420138888888892 0.16411458333333329
6 0.08961226851851853 0.8624479166666668 0.09751157407407407 0.1919791666666665