1 0.8380729166666667 0.2659201388888889 0.2778819444444444 0.24854166666666666
4 0.11631944444444445 0.7914699074074074 0.17375000000000002 0.25793981481481476
1 0.19369791666666666 0.37322337962962965 0.34482638888888884 0.20995370370370364
1 0.1896701388888889 0.24748842592592593 0.2886111111111111 0.1739583333333333
4 0.6609895833333332 0.38940972222222225 0.24628472222222228 0.16958333333333328
1 0.21230902777777777 0.6164236111111111 0.3837847222222222 0.31409722222222225
4 0.8125694444444445 0.6576157407407408 0.19968749999999993 0.17444444444444435
4 0.9520138888888889 0.40925925925925927 0.09597222222222221 0.16261574074074064
3 0.9784722222222222 0.5606886574074074 0.043055555555555715 0.050381944444444396
4 0.42907986111111107 0.051724537037037034 0.32690972222222214 0.08770833333333332
4 0.2068229166666667 0.10677662037037036 0.2886458333333334 0.20984953703703701
6 0.2131423611111111 0.10852430555555556 0.3012847222222222 0.2133449074074074