6 0.863917824074074 0.22300925925925927 0.18339120370370382 0.10266203703703702
6 0.791695601851852 0.12803819444444445 0.1882523148148149 0.10741898148148148
3 0.5172164351851852 0.9613368055555555 0.08194444444444446 0.062118055555555426
3 0.39791666666666664 0.956857638888889 0.060532407407407354 0.07429398148148145
3 0.3760416666666667 0.8728530092592592 0.06006944444444447 0.06179398148148145
3 0.6826967592592592 0.8362962962962964 0.12094907407407404 0.10329861111111108
3 0.5900752314814814 0.8704629629629629 0.06984953703703703 0.0728703703703701
3 0.22728587962962962 0.2933449074074074 0.06944444444444446 0.06193287037037036
3 0.030960648148148147 0.2775347222222222 0.061921296296296294 0.061863425925925954
3 0.033203125 0.35250000000000004 0.06640625 0.07450231481481477
3 0.7577835648148148 0.26362268518518517 0.09837962962962958 0.084224537037037
3 0.6529513888888889 0.3323263888888889 0.13628472222222215 0.1378819444444445
3 0.8651331018518519 0.3588541666666667 0.09409722222222214 0.09509259259259259
3 0.7659722222222223 0.35876157407407405 0.09461805555555554 0.1091550925925926
3 0.32332175925925927 0.6097164351851851 0.06747685185185182 0.09313657407407412
3 0.012934027777777777 0.5215509259259259 0.025868055555555554 0.07877314814814813
3 0.18365162037037036 0.6281828703703705 0.16597222222222224 0.09615740740740755
3 0.7101851851851853 0.7054918981481482 0.10538194444444446 0.10462962962962959
3 0.4151909722222221 0.6380266203703704 0.05723379629629619 0.06956018518518511
3 0.2535011574074074 0.6818055555555556 0.12905092592592596 0.06906250000000007
3 0.15870949074074076 0.5004976851851852 0.1289351851851852 0.06593750000000007
3 0.17664930555555555 0.5642592592592592 0.0917824074074074 0.07475694444444443
3 0.520775462962963 0.5700925925925926 0.10422453703703702 0.07337962962962959
3 0.6116030092592593 0.5843634259259259 0.06070601851851851 0.07898148148148146
3 0.5113425925925925 0.21339699074074076 0.07563657407407405 0.06046296296296294
3 0.5845486111111111 0.15531250000000002 0.09739583333333321 0.057662037037037005