5 0.33828125 0.13515625 0.1140625 0.078125
5 0.10234375 0.1015625 0.12890625 0.0703125
5 0.20625 0.86953125 0.115625 0.1078125
4 0.09375 0.8796875 0.1875 0.12734375
5 0.16171875 0.02890625 0.1703125 0.0578125
5 0.09296875 0.715625 0.1859375 0.159375
5 0.1734375 0.42734375 0.15546875 0.08046875
6 0.44609375 0.54453125 0.08828125 0.04140625
5 0.20703125 0.34453125 0.10703125 0.05625
5 0.41640625 0.48125 0.1046875 0.04453125
4 0.69921875 0.90078125 0.4046875 0.19140625
4 0.26640625 0.55703125 0.18359375 0.08203125
4 0.17734375 0.50546875 0.14296875 0.09921875
5 0.421875 0.32109375 0.075 0.08359375
5 0.3578125 0.221875 0.13359375 0.11640625
1 0.10234375 0.190625 0.19375 0.11171875
1 0.04453125 0.046875 0.0890625 0.0625
5 0.3953125 0.6421875 0.10078125 0.04921875
5 0.30703125 0.47890625 0.12890625 0.0609375