2 0.5588368055555556 0.9598958333333332 0.3346875000000001 0.08020833333333358
6 0.7631249999999999 0.1482349537037037 0.43937500000000007 0.21475694444444446
2 0.45074652777777774 0.3163483796296297 0.196875 0.15474537037037042
2 0.23137152777777778 0.20839120370370373 0.2764930555555555 0.1590856481481481
6 0.7616319444444445 0.4287326388888889 0.27475694444444443 0.1901041666666666
6 0.37319444444444444 0.1036747685185185 0.39736111111111116 0.18049768518518522
5 0.32562499999999994 0.945949074074074 0.28347222222222224 0.10810185185185191
5 0.2359027777777778 0.9908854166666667 0.25131944444444443 0.01822916666666643
4 0.49085069444444446 0.7896122685185185 0.27083333333333337 0.20694444444444465
4 0.9474305555555557 0.445630787037037 0.07048611111111143 0.11423611111111107
5 0.612638888888889 0.5713252314814815 0.27170138888888895 0.12135416666666661