4 0.8911631944444445 0.48993055555555554 0.21767361111111114 0.40358796296296295
5 0.3888715277777778 0.4975983796296296 0.1522222222222222 0.17581018518518512
5 0.5685243055555556 0.537818287037037 0.1489583333333334 0.23969907407407404
0 0.30248263888888893 0.719994212962963 0.39350694444444445 0.4954282407407408
5 0.08793402777777778 0.8658275462962962 0.14065972222222223 0.1472800925925924
5 0.7427256944444445 0.8418402777777778 0.48086805555555545 0.31631944444444426
6 0.8370659722222221 0.19114583333333332 0.3258680555555557 0.2699074074074074
1 0.5667881944444444 0.284056712962963 0.10729166666666679 0.12106481481481488
1 0.21184027777777778 0.2592013888888889 0.0714236111111111 0.12285879629629629
4 0.20902777777777776 0.483912037037037 0.14722222222222223 0.23182870370370381
0 0.07402777777777778 0.5913194444444445 0.12993055555555555 0.3670138888888889
5 0.08644097222222222 0.34198495370370374 0.16440972222222222 0.30271990740740745
0 0.9397135416666668 0.744386574074074 0.12057291666666643 0.18246527777777785