6 0.3733680555555556 0.5135011574074074 0.2570833333333333 0.39642361111111113
6 0.6744097222222222 0.8329224537037037 0.27687499999999987 0.30332175925925925
6 0.8564236111111111 0.8619270833333333 0.20972222222222214 0.23262731481481466
5 0.03746527777777778 0.7009143518518519 0.05166666666666667 0.35754629629629625
5 0.14263888888888887 0.3678935185185185 0.27784722222222225 0.417337962962963
5 0.3543923611111111 0.8205150462962962 0.2114583333333333 0.3107523148148147
5 0.47781250000000003 0.7457175925925925 0.2534027777777778 0.23079861111111127
5 0.6399305555555556 0.09514756944444444 0.14965277777777786 0.19029513888888888
5 0.6184375 0.31939814814814815 0.154826388888889 0.22163194444444442
4 0.8683159722222221 0.41206018518518517 0.09197916666666686 0.13388888888888886
4 0.7442534722222222 0.42277199074074073 0.12923611111111127 0.19432870370370364