6 0.5153356481481481 0.5944560185185186 0.05619212962962976 0.07888888888888879
3 0.7275983796296297 0.6796701388888888 0.09920138888888878 0.06703703703703709
3 0.7859490740740741 0.6483101851851851 0.06564814814814816 0.054050925925925954
6 0.6025868055555555 0.5493750000000001 0.05481481481481474 0.08199074074074061
1 0.48528935185185185 0.08742476851851852 0.1113773148148148 0.16712962962962963
3 0.17874421296296295 0.5752025462962963 0.0754861111111111 0.062002314814814774
3 0.24736111111111114 0.796255787037037 0.08643518518518523 0.08870370370370377
3 0.2688136574074074 0.6700462962962963 0.08046296296296296 0.09329861111111111
3 0.2769618055555555 0.17417824074074076 0.08643518518518523 0.08870370370370369
3 0.34188078703703706 0.24046296296296293 0.060694444444444426 0.07583333333333328
3 0.4343865740740741 0.7590798611111111 0.08366898148148146 0.06836805555555543
3 0.3640625 0.6279745370370371 0.06611111111111115 0.061863425925925954
3 0.6838888888888889 0.03603009259259259 0.12622685185185176 0.07206018518518519
3 0.19251736111111112 0.01790509259259259 0.15690972222222221 0.03581018518518518
3 0.4466956018518518 0.007401620370370371 0.1496412037037036 0.014803240740740742
0 0.9756481481481482 0.6758738425925925 0.048703703703703735 0.07121527777777778
6 0.45905092592592595 0.62109375 0.04616898148148145 0.06781249999999997
6 0.4175636574074074 0.5411689814814815 0.05500000000000007 0.0851157407407408
2 0.691232638888889 0.8577083333333334 0.053159722222222074 0.0804050925925928
3 0.9420023148148149 0.2996006944444444 0.04938657407407412 0.0694212962962963