4 0.7890104166666667 0.59453125 0.26819444444444435 0.4767361111111111
4 0.008767361111111111 0.9100405092592592 0.017534722222222222 0.16383101851851833
5 0.07205729166666666 0.8492476851851851 0.14411458333333332 0.18373842592592596
4 0.07822916666666666 0.5963541666666666 0.11885416666666666 0.2901041666666668
4 0.5190798611111112 0.10992476851851851 0.1993402777777778 0.18848379629629627
0 0.17819444444444446 0.144212962962963 0.2686111111111111 0.2847222222222222
1 0.14163194444444444 0.48767361111111107 0.1657638888888889 0.2231481481481481
4 0.25612847222222224 0.8537181712962962 0.19722222222222224 0.29256365740740764
1 0.3285590277777778 0.6611400462962964 0.10343749999999999 0.1583912037037038
6 0.37928819444444445 0.9740596064814815 0.10298611111111108 0.051880787037037024
1 0.48760416666666667 0.646701388888889 0.16479166666666673 0.31990740740740725
4 0.6132638888888888 0.8897569444444444 0.1834722222222222 0.22048611111111108
6 0.9305208333333332 0.7358217592592593 0.11368055555555542 0.33831018518518513