5 0.08497974537037037 0.5315798611111111 0.16995949074074074 0.1446527777777778
4 0.5097627314814814 0.6554282407407408 0.265 0.14221064814814816
4 0.15031250000000002 0.7846296296296297 0.30062500000000003 0.29765046296296305
4 0.20086805555555554 0.18722800925925925 0.3047337962962963 0.23515046296296296
4 0.87578125 0.06419560185185184 0.23381944444444436 0.1283912037037037
6 0.6009085648148148 0.15805555555555556 0.18800925925925932 0.07986111111111112
0 0.12106481481481482 0.4184201388888889 0.12724537037037037 0.09968749999999993
4 0.2920949074074074 0.3114525462962963 0.3524421296296296 0.1395833333333333
3 0.38862847222222224 0.562650462962963 0.0659143518518519 0.04295138888888879
4 0.18061342592592594 0.6023090277777777 0.2865509259259259 0.09975694444444443
5 0.9537905092592591 0.9078993055555558 0.07853009259259239 0.05931712962962976
0 0.7826562499999999 0.6072395833333333 0.22431712962962963 0.13199074074074063