4 0.88828125 0.20546875 0.22265625 0.15234375
4 0.51171875 0.3 0.32578125 0.15625
5 0.64140625 0.13125 0.1703125 0.1953125
5 0.93984375 0.7453125 0.11953125 0.06015625
4 0.62109375 0.5140625 0.14609375 0.1171875
4 0.57421875 0.86796875 0.2390625 0.14453125
5 0.80859375 0.9234375 0.11171875 0.07265625
5 0.8359375 0.80625 0.1296875 0.0625
4 0.06953125 0.51484375 0.13828125 0.11328125
0 0.284375 0.20546875 0.11640625 0.0703125
0 0.1296875 0.21171875 0.1171875 0.05390625
0 0.0984375 0.25859375 0.0984375 0.040625
5 0.940625 0.5875 0.11875 0.1
5 0.96875 0.86484375 0.0625 0.0734375
4 0.44296875 0.70859375 0.328125 0.1109375
5 0.07578125 0.77265625 0.1515625 0.128125
1 0.26796875 0.60234375 0.1921875 0.12734375
4 0.3296875 0.04921875 0.17265625 0.0984375
4 0.19765625 0.07734375 0.071875 0.05234375