6 0.21295717592592595 0.31453125 0.28334490740740736 0.34652777777777777
6 0.08211226851851852 0.164375 0.1610763888888889 0.2225
6 0.30072916666666666 0.7225868055555555 0.2610995370370371 0.33305555555555555
6 0.57328125 0.6785243055555555 0.21201388888888886 0.3090277777777777
6 0.45510416666666664 0.3502604166666667 0.14334490740740743 0.25604166666666667
0 0.6267476851851852 0.24475694444444446 0.16408564814814816 0.3240625
4 0.7518113425925925 0.6474479166666667 0.22189814814814818 0.3266319444444445
0 0.8679918981481481 0.8819965277777779 0.0688194444444445 0.11072916666666685
1 0.9092708333333335 0.826875 0.0901967592592591 0.14756944444444428
4 0.7758275462962962 0.35203125 0.11024305555555554 0.19215277777777776
4 0.8798090277777778 0.2801909722222222 0.1700925925925926 0.2634722222222222
4 0.5251909722222223 0.05611111111111111 0.13788194444444457 0.07166666666666668
6 0.5990682870370371 0.9168576388888889 0.10324074074074083 0.11381944444444443
6 0.6524131944444445 0.9682638888888888 0.09928240740740754 0.06347222222222229
6 0.9831134259259258 0.94234375 0.03377314814814838 0.07295138888888886
6 0.9867997685185184 0.8347743055555557 0.026400462962963188 0.09746527777777772