1 0.23755208333333333 0.9222048611111111 0.09187500000000001 0.10103009259259252
5 0.8848611111111111 0.594837962962963 0.14934027777777778 0.16515046296296293
0 0.017578125 0.7130671296296296 0.03515625 0.16425925925925924
4 0.85328125 0.17905671296296297 0.28406249999999994 0.35811342592592593
5 0.44177083333333333 0.8389120370370371 0.11211805555555543 0.24050925925925917
5 0.29619791666666667 0.4102025462962963 0.13354166666666673 0.26611111111111113
0 0.09258680555555557 0.8133680555555556 0.09621527777777779 0.16357638888888887
5 0.5639236111111112 0.8992708333333332 0.10878472222222228 0.16550925925925952
3 0.19373263888888886 0.7495138888888888 0.10406250000000003 0.12947916666666687
5 0.6086979166666666 0.646712962962963 0.12927083333333336 0.2051273148148148
5 0.3370486111111111 0.9481249999999999 0.10673611111111114 0.08430555555555586
5 0.04861111111111111 0.22190972222222224 0.09722222222222222 0.1843055555555555
5 0.2712673611111111 0.06000578703703704 0.11159722222222221 0.12001157407407408
5 0.8296701388888887 0.7657812500000001 0.08399305555555543 0.16945601851851855
5 0.6613888888888889 0.7777893518518518 0.08989583333333329 0.1618287037037037
5 0.6737326388888889 0.3069502314814815 0.22444444444444436 0.20482638888888882