0 0.14572916666666666 0.6905844907407407 0.27069444444444446 0.4467939814814814
1 0.12786458333333334 0.09747685185185186 0.24635416666666665 0.19467592592592592
5 0.2628993055555556 0.48247685185185185 0.22003472222222217 0.27509259259259267
2 0.7185937499999999 0.43586226851851856 0.0639930555555555 0.06903935185185191
0 0.3162673611111111 0.24905671296296297 0.24267361111111113 0.3101157407407407
4 0.6141840277777778 0.8920138888888889 0.16295138888888888 0.21597222222222215
2 0.7946180555555555 0.5544444444444444 0.0594444444444445 0.0751504629629629
0 0.5223958333333334 0.495630787037037 0.20590277777777785 0.41208333333333336
0 0.04951388888888889 0.22553819444444448 0.0929513888888889 0.31817129629629626
6 0.07986111111111112 0.9236342592592592 0.121875 0.14414351851851848
1 0.70640625 0.06309027777777779 0.19552083333333314 0.08542824074074074
4 0.05371527777777778 0.20380208333333333 0.10104166666666665 0.33090277777777777
4 0.15211805555555555 0.697019675925926 0.28291666666666665 0.4346643518518519
6 0.6139930555555555 0.8834201388888889 0.16333333333333327 0.23315972222222214