6 0.4219270833333333 0.34442708333333333 0.06479166666666672 0.08520833333333329
3 0.6356770833333334 0.22984374999999999 0.10322916666666657 0.07843749999999998
3 0.6970833333333333 0.25375000000000003 0.07104166666666671 0.062291666666666676
6 0.51375 0.37875000000000003 0.061979166666666606 0.08968750000000006
1 0.41541666666666666 0.8620833333333333 0.12406249999999996 0.18093749999999992
3 0.07765625 0.41015625 0.0809375 0.07072916666666665
3 0.13828125 0.17744791666666665 0.0921875 0.0994791666666667
3 0.16494791666666667 0.30244791666666665 0.08624999999999998 0.10374999999999997
3 0.19614583333333332 0.8028124999999999 0.09052083333333334 0.09781249999999986
3 0.26031250000000006 0.7269791666666666 0.06791666666666671 0.08541666666666678
3 0.33114583333333336 0.18947916666666667 0.08927083333333333 0.0790625
3 0.265625 0.3322916666666667 0.07135416666666669 0.06697916666666667
3 0.6208854166666666 0.8950520833333334 0.13604166666666656 0.10395833333333329
3 0.11890625000000002 0.9697395833333333 0.16489583333333332 0.04677083333333343
3 0.38057291666666665 0.9530729166666667 0.15697916666666673 0.04468749999999986
0 0.8990625 0.19906249999999998 0.06906250000000007 0.07927083333333332
6 0.36333333333333334 0.325 0.05 0.07333333333333333
6 0.32489583333333333 0.41156249999999994 0.06062500000000002 0.09270833333333321
2 0.5897916666666667 0.05479166666666667 0.058645833333333286 0.08635416666666666
3 0.8733854166666667 0.58421875 0.05479166666666657 0.0752083333333335