4 0.10609375000000001 0.14715277777777777 0.20656249999999998 0.22131944444444446
4 0.2869791666666667 0.5120543981481481 0.24541666666666667 0.3830902777777778
5 0.11104166666666666 0.3975 0.18270833333333333 0.21437499999999998
5 0.6760937499999999 0.018703703703703705 0.08031249999999997 0.03740740740740741
4 0.49328125 0.3540798611111111 0.16010416666666671 0.1793981481481482
4 0.8844791666666667 0.3393576388888889 0.21260416666666657 0.2885532407407408
5 0.8919270833333333 0.07533564814814817 0.10406249999999986 0.13407407407407407
5 0.7598958333333334 0.07229166666666667 0.09760416666666671 0.14458333333333334
4 0.61203125 0.9259143518518519 0.14677083333333343 0.11974537037037045
0 0.2364583333333333 0.775787037037037 0.10447916666666668 0.14032407407407402
0 0.2759375 0.9335243055555555 0.08458333333333332 0.12258101851851855
0 0.33505208333333336 0.9513425925925926 0.06322916666666671 0.0829629629629629
5 0.50578125 0.033269675925925925 0.12406249999999996 0.06653935185185185
4 0.7424479166666667 0.5103009259259259 0.19520833333333343 0.37848379629629625
5 0.8895833333333332 0.8738541666666666 0.16697916666666685 0.1421759259259261
1 0.66796875 0.7199479166666667 0.18395833333333336 0.23312500000000008
4 0.09614583333333333 0.7494155092592593 0.07062499999999998 0.1939004629629629
4 0.12838541666666667 0.8924942129629629 0.05249999999999999 0.08576388888888893