3 0.6078125 0.125 0.11015625 0.14453125
3 0.23671875 0.0375 0.1125 0.07421875
3 0.2515625 0.11171875 0.1453125 0.07734375
3 0.37890625 0.19765625 0.090625 0.0390625
3 0.5203125 0.31796875 0.0953125 0.1265625
3 0.48125 0.44140625 0.11328125 0.12734375
3 0.36015625 0.3734375 0.115625 0.08671875
3 0.7234375 0.353125 0.05390625 0.04296875
3 0.6734375 0.35625 0.0265625 0.04453125
3 0.69921875 0.39296875 0.03828125 0.034375
3 0.66796875 0.39609375 0.0203125 0.02890625
3 0.625 0.40546875 0.03359375 0.0421875
3 0.71640625 0.4296875 0.02421875 0.0203125
3 0.69140625 0.44140625 0.0265625 0.0265625
3 0.66953125 0.4640625 0.021875 0.0171875
3 0.5984375 0.45234375 0.02734375 0.02890625
3 0.559375 0.43984375 0.03984375 0.07734375
3 0.71484375 0.4640625 0.03828125 0.025
3 0.59375 0.51015625 0.0515625 0.0578125
3 0.6234375 0.5703125 0.059375 0.03515625
3 0.56796875 0.58671875 0.0546875 0.0625
3 0.5046875 0.55859375 0.0546875 0.04765625
3 0.9609375 0.6796875 0.078125 0.13125
3 0.96640625 0.846875 0.0671875 0.121875
3 0.875 0.7859375 0.0765625 0.053125
3 0.6671875 0.7578125 0.10234375 0.08984375
3 0.8 0.83359375 0.11484375 0.06015625
3 0.86484375 0.85625 0.1046875 0.05390625
3 0.821875 0.94453125 0.053125 0.084375
3 0.90078125 0.965625 0.1 0.06875
3 0.48984375 0.8953125 0.13125 0.1640625
3 0.3203125 0.81640625 0.12109375 0.15390625
3 0.38359375 0.8140625 0.06171875 0.1203125
3 0.34921875 0.96953125 0.053125 0.06015625
3 0.0890625 0.6359375 0.05703125 0.05625
3 0.1171875 0.58671875 0.04296875 0.06015625
3 0.1140625 0.5015625 0.040625 0.04765625
3 0.11796875 0.45625 0.05078125 0.0609375
3 0.15234375 0.44296875 0.015625 0.02578125
3 0.15 0.47578125 0.02109375 0.02890625
3 0.09453125 0.7484375 0.03984375 0.05234375
3 0.11796875 0.665625 0.05 0.059375
3 0.103125 0.86171875 0.075 0.0734375
3 0.14140625 0.36875 0.0390625 0.02109375
3 0.0953125 0.371875 0.01953125 0.01953125
3 0.0859375 0.3984375 0.02734375 0.01953125
6 0.3796875 0.4484375 0.0875 0.059375
6 0.22109375 0.39921875 0.10703125 0.0828125
6 0.32265625 0.48359375 0.0765625 0.034375
6 0.33671875 0.54140625 0.12109375 0.07109375
6 0.21484375 0.540625 0.12265625 0.07734375
6 0.44609375 0.32578125 0.07734375 0.06171875
3 0.88359375 0.1890625 0.134375 0.06015625
3 0.87265625 0.1234375 0.0546875 0.03828125
3 0.79296875 0.1109375 0.04453125 0.02578125
3 0.7765625 0.17421875 0.034375 0.0515625
3 0.96875 0.17109375 0.03203125 0.0453125
3 0.8765625 0.2796875 0.07734375 0.05078125
3 0.86328125 0.3953125 0.16015625 0.10703125
3 0.77265625 0.45859375 0.09921875 0.0578125
2 0.9390625 0.51640625 0.121875 0.175
3 0.84140625 0.68671875 0.06875 0.06640625
3 0.828125 0.63046875 0.04765625 0.04609375
3 0.77109375 0.63828125 0.02734375 0.04453125
3 0.74375 0.59921875 0.02734375 0.03671875
3 0.51484375 0.69140625 0.125 0.1390625
6 0.2 0.94609375 0.15703125 0.10703125