4 0.5064409722222222 0.9154340277777777 0.16045138888888885 0.16913194444444457
5 0.3463888888888889 0.9427430555555556 0.12472222222222226 0.11451388888888872
5 0.26432291666666663 0.7038368055555556 0.13145833333333332 0.22593750000000004
5 0.23973958333333334 0.5432118055555556 0.07802083333333334 0.13927083333333332
5 0.6895833333333334 0.4998611111111111 0.06590277777777764 0.08565972222222218
5 0.6214930555555556 0.5375 0.061111111111111074 0.08076388888888886
5 0.6344097222222222 0.6600694444444445 0.06954861111111121 0.109236111111111
4 0.4799479166666666 0.5374652777777778 0.08041666666666672 0.10659722222222215
4 0.6626041666666667 0.8693402777777777 0.07402777777777772 0.10006944444444414
4 0.37604166666666666 0.8143750000000001 0.13423611111111108 0.21045138888888887
4 0.06837673611111111 0.8254861111111111 0.13675347222222223 0.3171875
6 0.03989583333333333 0.6523958333333333 0.07979166666666666 0.11753472222222214
5 0.2423958333333333 0.9448784722222221 0.0761111111111111 0.11024305555555572