3 0.677806712962963 0.35751736111111115 0.07141203703703702 0.0749305555555555
3 0.6355902777777778 0.04921006944444444 0.11944444444444446 0.09842013888888888
3 0.5813368055555556 0.20347222222222222 0.1478587962962962 0.11732638888888883
3 0.6110532407407407 0.34878472222222223 0.07557870370370363 0.06107638888888882
3 0.5298900462962963 0.286875 0.06782407407407405 0.062291666666666676
3 0.38449074074074074 0.2746180555555555 0.07106481481481489 0.0655555555555555
3 0.33631365740740743 0.18550347222222224 0.10283564814814809 0.08100694444444442
3 0.34574652777777776 0.3941145833333333 0.053587962962962976 0.05697916666666662
3 0.32705439814814813 0.47762152777777783 0.05538194444444446 0.06329861111111121
3 0.26027199074074076 0.3011979166666666 0.08495370370370373 0.10361111111111114
3 0.3544560185185185 0.5801388888888889 0.04629629629629628 0.0706944444444444
3 0.4266493055555555 0.61046875 0.10543981481481488 0.10920138888888893
3 0.5247395833333334 0.5944097222222222 0.13605324074074082 0.09340277777777786
3 0.17569444444444443 0.9632465277777778 0.05046296296296297 0.05684027777777771
3 0.010503472222222221 0.4374826388888889 0.021006944444444443 0.07190972222222225