2 0.16903935185185184 0.6136111111111111 0.2490740740740741 0.32657407407407407
2 0.27326388888888886 0.5357175925925926 0.17708333333333331 0.23499999999999996
2 0.8259837962962961 0.3034027777777778 0.31273148148148167 0.3615277777777778
6 0.6105613425925925 0.16337962962962962 0.15225694444444446 0.19611111111111112
2 0.6878761574074075 0.4963368055555556 0.3835069444444443 0.4623842592592592
6 0.8899016203703702 0.5560821759259259 0.18836805555555572 0.37130787037037044
6 0.81015625 0.7517939814814815 0.33165509259259274 0.3252314814814813
0 0.3145543981481481 0.28381944444444446 0.3134259259259259 0.4223726851851852
6 0.44982638888888893 0.14326967592592593 0.3097222222222221 0.28653935185185186
6 0.6429108796296296 0.027453703703703702 0.19230324074074084 0.054907407407407405
6 0.8173032407407408 0.10251157407407407 0.24039351851851834 0.20502314814814815
6 0.5264467592592592 0.8980092592592592 0.23009259259259257 0.1508333333333333
6 0.3009837962962963 0.9238425925925926 0.1416666666666666 0.12064814814814824