0 0.3217129629629629 0.6401736111111112 0.16498842592592594 0.1322916666666666
4 0.3758738425925926 0.39253472222222224 0.27947916666666667 0.19517361111111117
0 0.2774131944444444 0.8217708333333332 0.1021643518518518 0.08576388888888893
5 0.07923032407407407 0.4073611111111111 0.15846064814814814 0.1602777777777778
0 0.44409722222222225 0.6714409722222221 0.16962962962962963 0.12624999999999992
5 0.3348263888888889 0.8731076388888889 0.48446759259259264 0.24489583333333337
5 0.5760127314814815 0.8920659722222222 0.19809027777777785 0.17281249999999987
5 0.6768460648148148 0.5642534722222223 0.17274305555555572 0.12482638888888893
2 0.8324652777777779 0.43159722222222224 0.33034722222222224 0.3145833333333334
0 0.14635416666666667 0.6963888888888888 0.14439814814814816 0.093888888888889
1 0.19896990740740741 0.5519097222222221 0.11333333333333333 0.11750000000000008
0 0.32171875 0.5339583333333333 0.0643634259259259 0.043472222222222356
4 0.7164872685185185 0.2735243055555555 0.14289351851851856 0.1016319444444445
5 0.8773495370370371 0.27652777777777776 0.1963425925925925 0.14774305555555553
2 0.18427662037037038 0.16914930555555557 0.36855324074074075 0.31795138888888885
6 0.029363425925925925 0.33380208333333333 0.05872685185185185 0.07614583333333336
2 0.10897569444444444 0.36534722222222227 0.12092592592592592 0.08815972222222221
5 0.10461226851851853 0.6381076388888889 0.10351851851851852 0.05770833333333343