5 0.8640625 0.81640625 0.271875 0.2078125
5 0.37578125 0.928125 0.36015625 0.14375
5 0.83828125 0.48671875 0.1359375 0.08125
1 0.6109375 0.49140625 0.13125 0.0625
1 0.57734375 0.5703125 0.1046875 0.05546875
1 0.45 0.58828125 0.1390625 0.08359375
1 0.440625 0.4640625 0.190625 0.059375
1 0.6046875 0.42109375 0.146875 0.05859375
1 0.44765625 0.3390625 0.08828125 0.0484375
1 0.6578125 0.24765625 0.153125 0.05859375
1 0.5796875 0.16171875 0.09296875 0.04609375
1 0.50078125 0.1984375 0.06875 0.0546875
1 0.5 0.07109375 0.1671875 0.07578125
1 0.35390625 0.390625 0.1390625 0.0703125
5 0.06796875 0.90390625 0.1359375 0.10078125
4 0.059375 0.69765625 0.11875 0.1015625
4 0.23828125 0.68671875 0.1609375 0.246875
4 0.0640625 0.575 0.128125 0.1109375
4 0.53359375 0.67890625 0.14296875 0.1046875
5 0.7078125 0.55078125 0.115625 0.084375
5 0.83046875 0.596875 0.1296875 0.0796875
0 0.93125 0.5453125 0.125 0.06953125
5 0.6578125 0.315625 0.12421875 0.07265625
5 0.778125 0.35625 0.11640625 0.0484375
5 0.85 0.39375 0.08984375 0.0484375
5 0.7484375 0.14140625 0.121875 0.05234375
5 0.096875 0.1390625 0.16015625 0.08515625