3 0.93828125 0.7700983796296297 0.1234375 0.23140046296296307
3 0.79375 0.8080613425925925 0.2078125 0.21077546296296318
3 0.51328125 0.9186979166666667 0.08125 0.06827546296296276
3 0.44609375 0.8495254629629629 0.0578125 0.09049768518518526
3 0.5171875 0.8317766203703704 0.0984375 0.12385416666666664
3 0.32890625 0.8681018518518518 0.0640625 0.07207175925925924
3 0.2546875 0.7016377314814815 0.2328125 0.22144675925925944
3 0.17734375 0.8095543981481482 0.134375 0.13665509259259245
3 0.20625 0.8994618055555555 0.08125 0.07296296296296276
3 0.18359375 0.959230324074074 0.0875 0.06703703703703709
3 0.61640625 0.5610069444444444 0.4046875 0.4350462962962963
3 0.5171875 0.6888078703703704 0.0625 0.11417824074074083
3 0.6203125 0.8279918981481481 0.1265625 0.15812500000000007
3 0.7359375 0.09445023148148149 0.2 0.18890046296296298
3 0.58984375 0.01673611111111111 0.1203125 0.03347222222222222
3 0.16015625 0.17685185185185184 0.29375 0.2996064814814815
3 0.1109375 0.40049768518518525 0.221875 0.32712962962962955
3 0.353125 0.2762210648148148 0.125 0.1814814814814815
3 0.4609375 0.340943287037037 0.071875 0.1224768518518518
3 0.8140625 0.45622685185185186 0.121875 0.1063194444444445
3 0.81015625 0.29236689814814815 0.090625 0.1328240740740741
3 0.20234375 0.5918518518518519 0.1765625 0.12165509259259259
3 0.9578125 0.5948668981481481 0.084375 0.13406249999999992