5 0.9318229166666667 0.83515625 0.03156250000000007 0.0984375
0 0.41619791666666667 0.71796875 0.1408333333333333 0.1671875
4 0.6191666666666666 0.55625 0.2111458333333333 0.284375
0 0.26812500000000006 0.84140625 0.09124999999999997 0.103125
5 0.7502083333333334 0.840625 0.17468749999999994 0.20625
0 0.33171875 0.62578125 0.13479166666666664 0.1703125
5 0.16697916666666668 0.79609375 0.33395833333333336 0.4078125
5 0.07971354166666667 0.61640625 0.15942708333333333 0.203125
5 0.325 0.375 0.13343749999999996 0.1734375
2 0.37041666666666667 0.17421875 0.3310416666666667 0.3484375
0 0.44338541666666664 0.89609375 0.10187500000000008 0.1453125
1 0.5532812500000001 0.7828125 0.12333333333333343 0.115625
0 0.5140625 0.66796875 0.04645833333333336 0.0640625
4 0.5754166666666667 0.2046875 0.10968750000000008 0.1453125
5 0.5 0.08203125 0.153125 0.1640625
2 0.8642708333333333 0.66484375 0.21395833333333342 0.4671875
6 0.8430729166666666 0.85390625 0.08760416666666657 0.11875
2 0.7663020833333334 0.775 0.09395833333333332 0.1203125
5 0.51625 0.9046875 0.06312500000000014 0.103125