5 0.4997916666666667 0.2286400462962963 0.19718750000000007 0.15086805555555555
5 0.27489583333333334 0.8239641203703704 0.15760416666666668 0.11850694444444443
6 0.7753125000000001 0.7214641203703704 0.13249999999999992 0.0694212962962963
5 0.5779687499999999 0.5676215277777777 0.13937500000000008 0.07898148148148146
6 0.5605208333333334 0.7403530092592593 0.07270833333333329 0.06141203703703688
4 0.3794791666666667 0.6783969907407407 0.23166666666666663 0.247013888888889
2 0.4733854166666666 0.36093171296296295 0.15697916666666673 0.10913194444444443
4 0.7534895833333334 0.3354108796296296 0.11281250000000007 0.05480324074074074
5 0.57078125 0.45980902777777777 0.08395833333333336 0.043032407407407366
5 0.5426041666666667 0.5068287037037037 0.08583333333333343 0.0477662037037037
4 0.7191145833333333 0.5242997685185186 0.09947916666666679 0.06532407407407419
4 0.17875000000000002 0.6733854166666667 0.2845833333333333 0.26885416666666656
0 0.6132291666666667 0.14543402777777778 0.09333333333333335 0.06670138888888885