3 0.9085127314814816 0.45901041666666664 0.14556712962962948 0.17156249999999992
3 0.8525115740740741 0.09369791666666667 0.08872685185185177 0.0790625
3 0.8240162037037038 0.9391145833333333 0.1402199074074076 0.12177083333333343
3 0.9401851851851852 0.7583854166666667 0.042037037037037095 0.07906250000000004
3 0.6234837962962964 0.8878645833333334 0.13424768518518526 0.13812500000000014
3 0.20414930555555558 0.5124479166666667 0.11612268518518523 0.09489583333333336
3 0.17384837962962965 0.8649479166666666 0.20604166666666668 0.16781250000000014
3 0.06069733796296297 0.8383854166666665 0.12139467592592594 0.09875000000000007
3 0.04815104166666667 0.72734375 0.09630208333333334 0.08697916666666661
3 0.06769097222222223 0.95625 0.11327546296296295 0.0875
3 0.2907060185185185 0.6797916666666667 0.0990393518518518 0.12177083333333324
3 0.4416666666666666 0.5941666666666666 0.09848379629629633 0.11239583333333343
3 0.3692708333333333 0.51875 0.09480324074074079 0.10281249999999993
3 0.5287152777777778 0.47526041666666663 0.0939699074074074 0.08874999999999993
3 0.5221006944444444 0.15010416666666665 0.07843750000000008 0.08927083333333333
3 0.09193287037037037 0.5928125 0.07181712962962963 0.08260416666666667
3 0.05588541666666667 0.5609895833333333 0.11177083333333333 0.09229166666666658
3 0.575619212962963 0.9411458333333332 0.08450231481481474 0.08656250000000014
2 0.47927662037037033 0.9590624999999999 0.11144675925925931 0.08187500000000014
6 0.44199074074074074 0.16515625 0.14208333333333326 0.1915625
6 0.4584548611111111 0.3505729166666667 0.19339120370370377 0.2432291666666666
6 0.19613425925925926 0.13151041666666669 0.1645023148148148 0.1759375
6 0.26350694444444445 0.23875000000000002 0.12457175925925927 0.07989583333333332
6 0.5757291666666667 0.37015624999999996 0.12709490740740748 0.175
6 0.6058043981481481 0.22000000000000003 0.17820601851851858 0.19708333333333333
6 0.7326331018518518 0.46218750000000003 0.11825231481481495 0.13083333333333336
3 0.8921875 0.16536458333333334 0.09802083333333336 0.10458333333333333
6 0.04315393518518519 0.29312499999999997 0.08630787037037038 0.17687499999999998
6 0.06405092592592593 0.24270833333333336 0.12746527777777777 0.18125
3 0.8654918981481481 0.364375 0.10031250000000007 0.09072916666666675
2 0.789988425925926 0.3546354166666667 0.1257986111111112 0.153125
0 0.71328125 0.3652083333333333 0.10410879629629637 0.15479166666666666