5 0.29296875 0.60859375 0.17265625 0.121875
5 0.05625 0.47890625 0.11171875 0.14296875
0 0.82578125 0.259375 0.34765625 0.20703125
5 0.578125 0.05625 0.16015625 0.1046875
4 0.61171875 0.8859375 0.528125 0.2265625
4 0.83359375 0.64375 0.3328125 0.16171875
2 0.24296875 0.28203125 0.09296875 0.059375
4 0.4046875 0.34140625 0.19609375 0.1125
5 0.54296875 0.2171875 0.11328125 0.09296875
5 0.91875 0.12109375 0.1140625 0.0515625
5 0.696875 0.10234375 0.1828125 0.0671875
5 0.2484375 0.0453125 0.325 0.090625
5 0.040625 0.09453125 0.08125 0.0734375
5 0.08515625 0.04140625 0.1125 0.0703125
2 0.03984375 0.23671875 0.07890625 0.0640625
4 0.03203125 0.365625 0.06328125 0.046875
4 0.11953125 0.32265625 0.109375 0.0546875