6 0.7525000000000001 0.5694270833333334 0.4810416666666665 0.8611458333333333
6 0.8040104166666666 0.15196180555555555 0.28885416666666686 0.2241087962962963
6 0.6104166666666667 0.29108217592592595 0.12677083333333333 0.22072916666666664
6 0.6036979166666667 0.49774884259259267 0.12218750000000007 0.17532407407407397
6 0.5461979166666666 0.7602314814814815 0.10114583333333335 0.13983796296296305
3 0.5675000000000001 0.7230613425925926 0.059687500000000074 0.10158564814814816
0 0.5261458333333333 0.6139409722222222 0.057499999999999926 0.0921180555555555
4 0.5376041666666668 0.4655960648148148 0.08937500000000007 0.1033449074074074
3 0.4641145833333333 0.8149768518518519 0.115625 0.07688657407407398
6 0.32984375 0.8172164351851852 0.1911458333333333 0.3459375000000001
5 0.24390625000000005 0.9894849537037036 0.11802083333333328 0.02103009259259281
4 0.08385416666666666 0.6295949074074073 0.16770833333333332 0.2661689814814814
4 0.05151041666666667 0.827337962962963 0.10302083333333334 0.21788194444444428
6 0.18489583333333331 0.8031365740740741 0.08708333333333332 0.13900462962962976
6 0.25562500000000005 0.6951678240740741 0.058541666666666714 0.13108796296296282
6 0.35458333333333336 0.5755381944444444 0.10479166666666676 0.17118055555555553
4 0.42078125 0.7826041666666667 0.17312499999999992 0.16900462962962948
4 0.6143229166666667 0.9575520833333332 0.16500000000000004 0.08489583333333357
4 0.45557291666666666 0.9536429398148147 0.08260416666666667 0.09271412037037052