3 0.13602430555555553 0.5901909722222223 0.1875 0.29421296296296295
3 0.3180555555555556 0.7438368055555555 0.22423611111111114 0.20972222222222214
3 0.16467013888888887 0.8843171296296296 0.2090625 0.1836805555555557
3 0.6917361111111111 0.9607060185185186 0.13666666666666671 0.07858796296296297
3 0.8260416666666668 0.9305844907407408 0.1396527777777777 0.13883101851851834
3 0.7240104166666667 0.5745659722222223 0.16218749999999993 0.2502893518518519
3 0.8354687500000001 0.6996238425925926 0.2604166666666664 0.32297453703703705
3 0.8846875000000001 0.3661747685185185 0.23062499999999986 0.4501736111111111
3 0.47147569444444437 0.35885416666666664 0.13027777777777771 0.19809027777777777
3 0.3174652777777778 0.16990740740740742 0.28180555555555553 0.3136574074074074
3 0.842326388888889 0.11316550925925928 0.315347222222222 0.11244212962962963
3 0.6178819444444444 0.48182870370370373 0.11770833333333322 0.19560185185185192