0 0.12369212962962964 0.6825925925925926 0.24738425925925928 0.4848148148148148
5 0.6976446759259259 0.19085069444444444 0.13324074074074072 0.18997685185185187
4 0.5814930555555555 0.6235763888888889 0.26358796296296294 0.29402777777777783
5 0.5818981481481481 0.19405092592592593 0.1530439814814816 0.21042824074074074
5 0.22554398148148147 0.5902893518518518 0.09511574074074076 0.14752314814814813
5 0.7699189814814815 0.7549421296296297 0.12437499999999986 0.16960648148148144
5 0.3296412037037037 0.25449074074074074 0.13650462962962964 0.22280092592592596
5 0.3710590277777778 0.9015914351851851 0.1770717592592593 0.19186342592592567
5 0.42499421296296297 0.04392361111111111 0.10938657407407408 0.08784722222222222
5 0.1355266203703704 0.05278356481481481 0.09769675925925925 0.10556712962962962
5 0.41977430555555556 0.5193460648148148 0.21847222222222218 0.35773148148148143
5 0.28360532407407407 0.6453067129629629 0.10621527777777776 0.15072916666666672
5 0.25624421296296296 0.7813946759259259 0.10530092592592588 0.16321759259259244
4 0.1622337962962963 0.922662037037037 0.07109953703703704 0.04582175925925895
0 0.22365740740740742 0.2802662037037037 0.08484953703703706 0.13026620370370362
0 0.11943865740740742 0.19669560185185184 0.07608796296296294 0.08178240740740739
4 0.6649363425925926 0.957204861111111 0.18982638888888897 0.07637731481481466
5 0.8027314814814815 0.9655555555555555 0.05916666666666685 0.05666666666666664
3 0.641099537037037 0.2873263888888889 0.04437499999999996 0.04249999999999998
3 0.491724537037037 0.24626157407407406 0.05194444444444439 0.0378703703703704
3 0.2546238425925926 0.07464699074074074 0.0487384259259259 0.03628472222222223
5 0.08614583333333332 0.2664467592592593 0.09274305555555555 0.13188657407407406
5 0.23609375000000005 0.46213541666666663 0.07204861111111108 0.09424768518518505
5 0.524994212962963 0.9902604166666666 0.056817129629629724 0.011354166666666643
5 0.4066550925925926 0.30546296296296294 0.09584490740740748 0.16158564814814813