4 0.35078703703703706 0.5253587962962963 0.3725462962962963 0.4961226851851851
4 0.43600115740740736 0.9135937500000001 0.3155208333333334 0.17281249999999987
6 0.7478703703703704 0.26946759259259256 0.462800925925926 0.4925578703703704
6 0.9167013888888889 0.7221296296296297 0.10770833333333343 0.3962499999999999
4 0.851099537037037 0.8782754629629629 0.20946759259259268 0.21833333333333335
4 0.6949189814814816 0.9226244212962964 0.1919791666666665 0.1547511574074072
6 0.6895891203703703 0.6058333333333333 0.16976851851851862 0.23275462962962976
6 0.4102141203703703 0.19607060185185182 0.16900462962962964 0.16722222222222224
5 0.11676504629629629 0.2607349537037037 0.23353009259259258 0.43938657407407405
6 0.2015335648148148 0.7064178240740742 0.16400462962962958 0.2934143518518518
5 0.1777372685185185 0.8922974537037037 0.14274305555555555 0.2154050925925926
5 0.03354456018518519 0.6624421296296296 0.06708912037037038 0.2403703703703705
6 0.37363425925925925 0.08698495370370371 0.2339814814814815 0.15822916666666667