3 0.871394675925926 0.9638078703703703 0.25721064814814804 0.07238425925925931
3 0.45807870370370374 0.8690798611111111 0.3978472222222223 0.2618402777777778
3 0.08475694444444444 0.975462962962963 0.11011574074074075 0.04907407407407405
3 0.10976273148148148 0.822974537037037 0.18688657407407402 0.28583333333333344
3 0.3521064814814815 0.4790567129629629 0.1365972222222222 0.15796296296296292
3 0.13918981481481482 0.6490914351851852 0.09870370370370374 0.1291782407407407
3 0.29747106481481483 0.6373958333333334 0.07317129629629626 0.09175925925925928
3 0.37657407407407406 0.7607291666666667 0.2939467592592592 0.34681712962962974
3 0.973431712962963 0.6410474537037036 0.053136574074073906 0.11767361111111115
3 0.9751041666666665 0.80046875 0.04979166666666686 0.1957060185185185
3 0.9480092592592593 0.43965856481481486 0.10398148148148145 0.256388888888889
3 0.7147627314814815 0.35302083333333334 0.1977662037037037 0.17719907407407404
3 0.8483275462962963 0.30629629629629634 0.07965277777777793 0.10775462962962959
3 0.6756249999999999 0.18756365740740738 0.20925925925925917 0.21534722222222222
3 0.9006134259259259 0.09473958333333332 0.16997685185185177 0.0928125
3 0.09978587962962963 0.25491319444444444 0.16613425925925926 0.25494212962962964
3 0.08016782407407406 0.5113368055555556 0.1494097222222222 0.2851736111111112
3 0.2228877314814815 0.34494791666666663 0.16151620370370373 0.25935185185185183
3 0.6999768518518519 0.7775520833333334 0.11071759259259259 0.09710648148148167
3 0.23630787037037035 0.97921875 0.10701388888888888 0.041562499999999857