3 0.8445486111111112 0.1578125 0.07398148148148138 0.07778935185185185
3 0.8188599537037037 0.2742071759259259 0.12461805555555543 0.16668981481481476
3 0.9393055555555556 0.43607060185185187 0.12138888888888885 0.21512731481481479
3 0.8187731481481482 0.7328587962962964 0.36245370370370367 0.5342824074074073
3 0.45610532407407406 0.32377314814814817 0.11060185185185176 0.1721064814814815
6 0.14057291666666666 0.6338368055555555 0.2751736111111111 0.46142361111111113
6 0.3178125 0.6302835648148148 0.12949074074074077 0.1919675925925926
6 0.316255787037037 0.9356655092592593 0.16355324074074068 0.12866898148148137
3 0.45375 0.6383391203703704 0.07565972222222221 0.09350694444444443
3 0.42818865740740736 0.7719212962962964 0.06445601851851848 0.05692129629629612
3 0.514994212962963 0.7887789351851853 0.10672453703703706 0.07035879629629634
3 0.17461805555555557 0.1696527777777778 0.06461805555555555 0.0787962962962963
3 0.3335648148148148 0.8592418981481481 0.07885416666666671 0.10306712962962976
4 0.5487731481481481 0.1832349537037037 0.3569212962962963 0.3225810185185185
3 0.57734375 0.45590277777777777 0.06624999999999996 0.08826388888888896
3 0.7309953703703703 0.4306481481481481 0.12268518518518512 0.11659722222222228