6 0.7966724537037037 0.47774884259259254 0.20138888888888892 0.264988425925926
6 0.8947511574074074 0.2228298611111111 0.2039236111111112 0.2978587962962963
6 0.7116203703703704 0.8461226851851851 0.16999999999999993 0.25914351851851836
1 0.7957060185185185 0.6947337962962963 0.10521990740740747 0.12719907407407405
3 0.7382002314814814 0.6601851851851851 0.08297453703703717 0.11388888888888893
0 0.6583680555555556 0.5890046296296296 0.090925925925926 0.11886574074074083
0 0.5887268518518518 0.6743055555555555 0.10582175925925927 0.14751157407407406
0 0.5449537037037037 0.5713541666666667 0.05686342592592588 0.07546296296296298
5 0.6111921296296297 0.3901909722222222 0.1963310185185186 0.25231481481481477
6 0.6555671296296296 0.2621238425925926 0.11854166666666668 0.10271990740740744
4 0.1459548611111111 0.10908564814814814 0.1893402777777778 0.21817129629629628
2 0.3360532407407407 0.19435763888888888 0.08798611111111114 0.125
0 0.05186342592592593 0.4093460648148148 0.08238425925925925 0.1466435185185185
0 0.07788194444444445 0.5847511574074075 0.11914351851851852 0.12303240740740726
0 0.08686342592592593 0.49233217592592593 0.06550925925925925 0.10387731481481488