0 0.15455439814814814 0.30859375 0.30864583333333334 0.5546875
5 0.7136516203703703 0.9253125000000001 0.10753472222222235 0.14937499999999987
4 0.6713194444444445 0.496875 0.2302083333333334 0.2964583333333334
5 0.5987326388888888 0.9078645833333333 0.12809027777777793 0.18427083333333344
5 0.30486111111111114 0.4654166666666667 0.07452546296296295 0.15177083333333333
5 0.8837847222222223 0.40093750000000006 0.09966435185185177 0.17218750000000008
5 0.3527546296296296 0.8168749999999999 0.10633101851851859 0.22885416666666672
5 0.5008854166666666 0.15286458333333336 0.1642708333333333 0.24989583333333334
5 0.4049652777777778 0.9985937500000001 0.08300925925925924 0.0028124999999999288
5 0.11179976851851851 0.9620312500000001 0.09746527777777776 0.07593749999999985
5 0.4899247685185185 0.5706770833333333 0.16826388888888885 0.36729166666666657
5 0.3732465277777778 0.42078125 0.08547453703703703 0.15406250000000005
5 0.36830439814814814 0.2806770833333333 0.08245370370370378 0.16791666666666671
4 0.2919386574074074 0.09130208333333333 0.07887731481481489 0.10677083333333333
0 0.24935185185185188 0.7725 0.06814814814814821 0.13416666666666685
0 0.1311284722222222 0.8356770833333333 0.06619212962962964 0.08093749999999993
4 0.8162442129629628 0.13796875 0.1792361111111113 0.161875
5 0.9431307870370371 0.19015625 0.03020833333333357 0.07229166666666668
3 0.6738773148148148 0.8421875 0.0393518518518519 0.04166666666666678
3 0.5162384259259258 0.8551041666666667 0.05024305555555557 0.03614583333333314
3 0.24620949074074075 0.98078125 0.04398148148148149 0.03416666666666686
5 0.10792245370370371 0.7599479166666667 0.07438657407407408 0.13302083333333314
5 0.29409722222222223 0.5935416666666666 0.05849537037037038 0.09604166666666672
5 0.6777314814814815 0.0975 0.05354166666666664 0.05979166666666667
5 0.43994212962962964 0.7805208333333333 0.07620370370370359 0.16750000000000007