0 0.75703125 0.81484375 0.45703125 0.2328125
5 0.1453125 0.384375 0.159375 0.07578125
4 0.553125 0.3640625 0.23203125 0.17421875
5 0.17578125 0.48671875 0.17421875 0.08984375
5 0.60625 0.69140625 0.12734375 0.04921875
5 0.62421875 0.15859375 0.1421875 0.071875
5 0.2875 0.69453125 0.19375 0.06796875
5 0.8765625 0.471875 0.2109375 0.11875
5 0.0578125 0.675 0.115625 0.07109375
5 0.1390625 0.940625 0.1203125 0.0796875
5 0.49921875 0.53828125 0.31015625 0.1078125
5 0.64140625 0.62421875 0.12734375 0.06015625
5 0.7671875 0.609375 0.14140625 0.05390625
4 0.94375 0.65390625 0.0890625 0.05859375
0 0.334375 0.78203125 0.11171875 0.04453125
0 0.2859375 0.8984375 0.06328125 0.0515625
4 0.86484375 0.18515625 0.11484375 0.14765625
5 0.81015625 0.0671875 0.06171875 0.03828125
3 0.24375 0.40703125 0.03125 0.03125
3 0.2421875 0.5515625 0.02421875 0.0421875
3 0.14765625 0.8125 0.02421875 0.0375
5 0.034375 0.88828125 0.06875 0.0875
5 0.3546875 0.90859375 0.1109375 0.0515625
5 0.490625 0.71875 0.078125 0.04375
5 0.91015625 0.3046875 0.0453125 0.0421875
5 0.3140625 0.6109375 0.14140625 0.046875
0 0.9421875 0.95 0.1109375 0.0484375