5 0.4640625 0.41328125 0.24453125 0.1078125
5 0.46171875 0.12265625 0.15234375 0.075
5 0.60625 0.55546875 0.16171875 0.07578125
5 0.46640625 0.63203125 0.22109375 0.10078125
4 0.5140625 0.9171875 0.43828125 0.16484375
6 0.91953125 0.78359375 0.1609375 0.1765625
3 0.7078125 0.75390625 0.10546875 0.06796875
3 0.8203125 0.6046875 0.08515625 0.06953125
3 0.72734375 0.46015625 0.0765625 0.1015625
0 0.40390625 0.27578125 0.190625 0.09921875
0 0.17578125 0.1484375 0.14375 0.0828125
0 0.09765625 0.03203125 0.171875 0.0640625
0 0.4328125 0.0296875 0.184375 0.059375
4 0.15859375 0.33359375 0.16953125 0.07109375