5 0.8352141203703705 0.8659375 0.1382407407407406 0.263923611111111
5 0.8339409722222223 0.5691319444444444 0.2624537037037037 0.42444444444444435
4 0.5638425925925926 0.6302951388888889 0.16908564814814825 0.3427083333333332
4 0.04972222222222222 0.7203993055555555 0.06746527777777778 0.231111111111111
4 0.4538541666666667 0.3755902777777778 0.16403935185185184 0.2129513888888889
4 0.977199074074074 0.8614409722222222 0.04560185185185191 0.24343749999999992
5 0.9065451388888889 0.09277777777777778 0.1318402777777777 0.14819444444444443
5 0.5178356481481481 0.16067708333333336 0.20129629629629625 0.30281250000000004
5 0.38789351851851855 0.1406076388888889 0.11624999999999996 0.255625
5 0.20698495370370368 0.21234375 0.12414351851851854 0.15583333333333335
4 0.07883680555555556 0.1025 0.1568402777777778 0.14875
6 0.0272800925925926 0.15446180555555555 0.05340277777777778 0.2307986111111111
6 0.32131944444444444 0.9141493055555555 0.1807407407407407 0.17170138888888892
6 0.2785532407407407 0.5622569444444444 0.26782407407407405 0.36520833333333336
6 0.5637326388888889 0.8842621527777779 0.14094907407407398 0.23147569444444435
2 0.6881712962962963 0.6931944444444444 0.13246527777777786 0.19038194444444442