0 0.25450231481481483 0.20284722222222223 0.334375 0.21336805555555555
5 0.16416666666666666 0.7934895833333333 0.22219907407407408 0.22347222222222224
5 0.18499421296296298 0.9425868055555554 0.17677083333333332 0.113784722222222
5 0.7711342592592592 0.8132175925925926 0.13596064814814818 0.10723379629629619
5 0.7707870370370371 0.6960069444444444 0.15435185185185177 0.1479861111111111
0 0.2687326388888889 0.3402719907407407 0.14988425925925924 0.10265046296296294
5 0.7278414351851852 0.27513888888888893 0.11619212962962955 0.07271990740740737
0 0.6968923611111111 0.39101851851851854 0.10355324074074072 0.06793981481481479
5 0.7661168981481481 0.45927083333333335 0.14037037037037053 0.09789351851851844
2 0.5961747685185186 0.6840162037037036 0.299039351851852 0.2334143518518518
6 0.4057118055555556 0.7963888888888888 0.27503472222222225 0.16137731481481482
4 0.32145833333333335 0.7219965277777778 0.20489583333333333 0.1139930555555555
6 0.3830208333333333 0.9536226851851852 0.2432175925925925 0.08928240740740741
6 0.9528125 0.7586458333333332 0.09437500000000014 0.09773148148148145
0 0.5341087962962963 0.3562789351851852 0.11173611111111122 0.08049768518518512
4 0.5021412037037036 0.4377835648148148 0.10861111111111121 0.08047453703703696
4 0.46704282407407405 0.49274305555555553 0.14004629629629636 0.08695601851851845
2 0.4568634259259259 0.1755613425925926 0.22288194444444437 0.19379629629629633
4 0.7049652777777778 0.10964699074074073 0.11182870370370387 0.0836226851851852
0 0.6664467592592592 0.18104166666666666 0.11444444444444457 0.06645833333333333
6 0.8150925925925925 0.6089409722222222 0.14317129629629619 0.08697916666666661