5 0.6397106481481482 0.09296875 0.14913194444444447 0.1640625
1 0.32437499999999997 0.0421875 0.08875000000000002 0.084375
5 0.36189814814814814 0.59921875 0.18767361111111117 0.3046875
5 0.5603067129629629 0.2984375 0.07884259259259245 0.134375
5 0.7132638888888889 0.66328125 0.23739583333333325 0.2390625
5 0.873738425925926 0.3859375 0.16410879629629632 0.1515625
4 0.7636631944444444 0.1734375 0.06835648148148152 0.0828125
0 0.11407407407407408 0.1203125 0.15229166666666666 0.225
0 0.22674768518518515 0.0265625 0.05275462962962969 0.053125
4 0.8521759259259258 0.78671875 0.21743055555555557 0.4265625
0 0.22948495370370373 0.21484375 0.0906944444444445 0.121875
5 0.265474537037037 0.334375 0.06817129629629637 0.109375
4 0.3195138888888889 0.346875 0.09589120370370371 0.1015625
5 0.38427662037037036 0.3484375 0.08339120370370363 0.1015625
5 0.44437499999999996 0.27421875 0.09726851851851848 0.128125
4 0.5223958333333334 0.140625 0.1989583333333332 0.28125
5 0.6179108796296295 0.34765625 0.12133101851851862 0.1703125
5 0.6697743055555556 0.20625 0.08361111111111122 0.1359375
5 0.7577025462962963 0.33359375 0.08304398148148148 0.125
5 0.81375 0.23203125 0.09805555555555542 0.1734375
0 0.6479456018518519 0.8984375 0.08002314814814823 0.096875