4 0.14155092592592594 0.1826678240740741 0.2520254629629629 0.1994212962962963
4 0.5525173611111112 0.3401041666666667 0.37743055555555555 0.21961805555555552
5 0.41186342592592595 0.13958333333333334 0.2081018518518519 0.23356481481481478
5 0.08240740740740742 0.7735243055555555 0.1105324074074074 0.08142361111111107
4 0.42751736111111105 0.5622395833333333 0.17390046296296297 0.1515625
4 0.47390046296296295 0.9307581018518519 0.2793981481481481 0.1384837962962962
5 0.2128761574074074 0.9702112268518519 0.13015046296296298 0.05957754629629619
5 0.18359375 0.8550347222222221 0.1497106481481482 0.08744212962962976
4 0.9795138888888889 0.63359375 0.040972222222222146 0.1340856481481481
0 0.8077256944444444 0.26785300925925926 0.1375 0.09432870370370364
0 0.9550925925925926 0.29392361111111115 0.08981481481481488 0.07280092592592595
0 0.9789351851851851 0.35028935185185184 0.04212962962962976 0.050694444444444466
5 0.08061342592592594 0.5988715277777777 0.12152777777777776 0.12586805555555552
5 0.05214120370370371 0.9029513888888889 0.040625 0.08715277777777786
4 0.6225983796296296 0.8018518518518519 0.3771412037037038 0.1697337962962962
5 0.9690393518518519 0.9186342592592591 0.06192129629629619 0.15254629629629618
1 0.8186342592592591 0.7096354166666667 0.22592592592592595 0.16788194444444446
4 0.760474537037037 0.10697337962962965 0.196875 0.09872685185185186
4 0.9057581018518519 0.13799189814814813 0.08512731481481488 0.06863425925925926