5 0.748912037037037 0.32614583333333336 0.12599537037037045 0.2051388888888889
5 0.9455439814814814 0.4452951388888889 0.07423611111111121 0.13892361111111118
6 0.623726851851852 0.2939583333333333 0.11621527777777771 0.19690972222222225
5 0.19771990740740739 0.14347222222222222 0.11589120370370369 0.19065972222222224
5 0.04958912037037037 0.26687500000000003 0.09010416666666668 0.14430555555555555
5 0.8381134259259259 0.2972222222222222 0.08902777777777793 0.15361111111111114
6 0.8288020833333333 0.7486284722222223 0.18420138888888893 0.33555555555555544
5 0.8850405092592591 0.7319965277777778 0.1856828703703705 0.5360069444444445
4 0.6152777777777778 0.9391840277777778 0.12800925925925935 0.12163194444444443
4 0.8071990740740741 0.5158854166666667 0.170451388888889 0.2507638888888888
6 0.7143981481481482 0.4632118055555555 0.057233796296296366 0.11166666666666672
2 0.6181076388888889 0.6288541666666667 0.0971643518518519 0.16020833333333329
1 0.4367013888888889 0.3670833333333333 0.08943287037037032 0.16142361111111114
4 0.2086400462962963 0.3859201388888889 0.08371527777777779 0.11128472222222233
1 0.43160879629629634 0.586111111111111 0.12571759259259263 0.1396527777777777