5 0.2851273148148148 0.9425000000000001 0.1432986111111111 0.0609375
5 0.792974537037037 0.21729166666666666 0.1310185185185185 0.09437499999999996
4 0.68625 0.7740625 0.4918287037037038 0.3862500000000001
5 0.5853993055555555 0.061406249999999996 0.15831018518518522 0.11020833333333332
4 0.2674826388888889 0.6221354166666666 0.2800578703703704 0.17593749999999986
5 0.050509259259259254 0.7657812500000001 0.10101851851851851 0.20281249999999992
4 0.27512152777777776 0.8201562499999999 0.4914467592592592 0.34885416666666663
5 0.4477951388888889 0.2527604166666667 0.1914467592592592 0.11864583333333334
4 0.4211168981481482 0.4219270833333333 0.24700231481481474 0.16906250000000006
5 0.26266203703703705 0.18958333333333333 0.25942129629629634 0.1683333333333333
2 0.03335358796296296 0.6246354166666667 0.06670717592592593 0.06854166666666668
4 0.13776041666666666 0.4813020833333333 0.1580439814814815 0.13510416666666672
5 0.587025462962963 0.3003125 0.11089120370370367 0.06656250000000004
5 0.4641030092592592 0.07338541666666668 0.0847337962962964 0.07260416666666666
5 0.530625 0.11177083333333333 0.09650462962962969 0.059375