4 0.6594791666666667 0.8655208333333334 0.19875000000000007 0.22381944444444457
5 0.8218229166666667 0.8442013888888888 0.15302083333333344 0.1688194444444445
5 0.8078645833333333 0.5760590277777778 0.17635416666666687 0.2384027777777778
5 0.7754166666666666 0.4184375 0.103125 0.1447916666666666
5 0.33760416666666665 0.5154687499999999 0.08260416666666667 0.09402777777777764
5 0.4138020833333334 0.5301041666666666 0.07760416666666678 0.0891319444444445
5 0.4452604166666667 0.649375 0.09031249999999993 0.11618055555555565
4 0.5464583333333334 0.48659722222222224 0.09958333333333336 0.11503472222222229
4 0.49104166666666665 0.8542013888888889 0.09281250000000014 0.10694444444444429
4 0.7419270833333333 0.7153298611111112 0.17395833333333321 0.22583333333333327
4 0.9678645833333335 0.6303993055555555 0.06427083333333314 0.3246874999999999
6 0.97484375 0.45967013888888886 0.05031250000000007 0.12697916666666664
5 0.9193750000000002 0.8147916666666667 0.10531250000000014 0.1542361111111113