6 0.7212094907407407 0.8170891203703704 0.33246527777777785 0.26291666666666663
6 0.873292824074074 0.8782349537037037 0.17378472222222213 0.14593750000000014
6 0.2797743055555556 0.8019328703703703 0.3204282407407407 0.23258101851851834
6 0.3551793981481482 0.6392187500000001 0.19525462962962958 0.13629629629629642
6 0.6232349537037037 0.5578530092592592 0.280613425925926 0.1257638888888888
4 0.3097511574074074 0.5187442129629629 0.30341435185185184 0.19415509259259256
0 0.7255787037037036 0.36236111111111113 0.33061342592592596 0.1287268518518519
0 0.1026909722222222 0.32131944444444444 0.07980324074074074 0.049942129629629586
0 0.0453125 0.3551215277777778 0.0515625 0.04515046296296301
0 0.20379050925925926 0.39094328703703707 0.09068287037037041 0.0490277777777778
1 0.3984664351851852 0.35446180555555556 0.109375 0.04857638888888891
1 0.3050636574074074 0.39273726851851853 0.04820601851851851 0.038715277777777855
2 0.017621527777777778 0.4648784722222222 0.035243055555555555 0.0546180555555555
0 0.3114872685185185 0.04251157407407408 0.230150462962963 0.08502314814814815
0 0.6690972222222222 0.1404224537037037 0.22204861111111107 0.14412037037037034
3 0.8189525462962963 0.051250000000000004 0.06863425925925917 0.0851388888888889
5 0.9533275462962962 0.4431886574074074 0.059085648148148096 0.07989583333333332
4 0.8133680555555556 0.4335532407407408 0.12546296296296297 0.062002314814814954
6 0.7924768518518518 0.6398090277777777 0.10526620370370363 0.063923611111111
4 0.3019675925925926 0.3079513888888889 0.21793981481481478 0.15946759259259266
1 0.15879629629629627 0.25875 0.11464120370370372 0.06447916666666664
6 0.07225115740740741 0.5959606481481481 0.1123263888888889 0.08616898148148149
6 0.022511574074074073 0.5582581018518519 0.045023148148148145 0.0959837962962963
6 0.7862268518518519 0.5138946759259259 0.15642361111111108 0.0981365740740742
6 0.6109953703703704 0.27794560185185185 0.15763888888888894 0.08885416666666668
5 0.9538483796296295 0.030775462962962963 0.09126157407407405 0.061550925925925926