3 0.30711805555555555 0.506412037037037 0.17339120370370367 0.20978009259259273
3 0.30300347222222224 0.8509895833333333 0.08799768518518522 0.06978009259259252
3 0.268894675925926 0.8160706018518518 0.09421296296296297 0.06527777777777785
3 0.021753472222222223 0.5016493055555555 0.043506944444444445 0.09670138888888893
3 0.061197916666666664 0.7011574074074074 0.1045601851851852 0.1968055555555555
3 0.06620370370370371 0.2362673611111111 0.08184027777777778 0.08209490740740746
3 0.13902777777777778 0.10601273148148146 0.0881712962962963 0.09321759259259262
3 0.16609374999999998 0.24814814814814817 0.07081018518518518 0.06927083333333339
3 0.27604166666666663 0.062118055555555565 0.0723148148148148 0.06150462962962964
3 0.4225 0.21946180555555558 0.09741898148148138 0.07630787037037035
3 0.5163483796296295 0.0009606481481481494 0.10792824074074084 0.0019212962962962988
3 0.6880960648148149 0.015462962962962961 0.08943287037037032 0.030925925925925923
3 0.7464004629629629 0.5691608796296297 0.08173611111111115 0.06803240740740754
3 0.6217824074074073 0.09951967592592592 0.08494212962962955 0.0790625
3 0.5811863425925926 0.30770833333333336 0.05038194444444457 0.053043981481481504
3 0.49049768518518516 0.42443287037037036 0.0805092592592592 0.11329861111111121
3 0.5319965277777777 0.7270428240740741 0.08976851851851855 0.09795138888888885
3 0.4912268518518518 0.642332175925926 0.06456018518518505 0.06908564814814824
3 0.44686921296296295 0.6202141203703704 0.06927083333333339 0.07234953703703706
3 0.40828125000000004 0.6627546296296296 0.06766203703703706 0.06605324074074073
3 0.36847222222222226 0.6592476851851852 0.06626157407407404 0.08788194444444439
3 0.3521875 0.7487731481481482 0.1195717592592593 0.11445601851851847
3 0.4180150462962963 0.8249305555555555 0.1494212962962962 0.1372106481481481
3 0.6184664351851852 0.7580671296296296 0.14771990740740754 0.11841435185185176
3 0.9374942129629631 0.8165682870370372 0.11357638888888885 0.14864583333333314
3 0.8219212962962963 0.7075173611111112 0.16983796296296277 0.15187500000000007
3 0.9353182870370371 0.6885358796296297 0.11964120370370353 0.12383101851851848
3 0.8496006944444445 0.5559490740740741 0.0833796296296299 0.0790162037037037
3 0.6585590277777778 0.5124016203703704 0.1171180555555555 0.20498842592592598
3 0.8963657407407407 0.3585127314814815 0.1879398148148148 0.2758217592592592
3 0.761556712962963 0.21019675925925924 0.23069444444444437 0.35363425925925923
2 0.6909722222222222 0.24899884259259258 0.16099537037037043 0.22347222222222224
3 0.3270138888888889 0.034832175925925926 0.07535879629629631 0.050659722222222224
3 0.5362037037037037 0.26451967592592596 0.04561342592592581 0.0419675925925926
3 0.5808796296296297 0.2436689814814815 0.05496527777777764 0.039120370370370416
3 0.6030324074074074 0.5218576388888889 0.053460648148148236 0.04688657407407408
3 0.56859375 0.4260243055555556 0.06916666666666664 0.05828703703703706
3 0.6178530092592592 0.006967592592592593 0.06741898148148148 0.013935185185185186
3 0.5334375 0.0136400462962963 0.06125000000000007 0.0272800925925926
3 0.2550578703703704 0.047899305555555556 0.0752893518518519 0.04128472222222222
3 0.20262731481481483 0.377505787037037 0.11658564814814812 0.1331134259259259
3 0.597829861111111 0.5915277777777778 0.05981481481481481 0.061134259259259235
3 0.5235011574074073 0.503125 0.0581712962962964 0.050150462962962904
3 0.6718981481481482 0.8205324074074074 0.13828703703703696 0.11032407407407412
3 0.962175925925926 0.5424594907407407 0.06607638888888871 0.06288194444444457