3 0.36357060185185186 0.008020833333333335 0.03651620370370372 0.01604166666666667
3 0.31072337962962965 0.021328125 0.049131944444444464 0.04265625
3 0.27318287037037037 0.07015625 0.06519675925925927 0.08083333333333334
3 0.20015624999999998 0.05 0.08403935185185185 0.08833333333333333
3 0.09950231481481482 0.0653125 0.0384722222222222 0.06812499999999999
3 0.38858796296296294 0.15317708333333332 0.08068287037037045 0.07250000000000001
3 0.3315277777777778 0.2078125 0.06501157407407412 0.06833333333333336
3 0.08696180555555556 0.11619791666666668 0.030335648148148153 0.04572916666666664
3 0.07748842592592593 0.16296875000000002 0.03194444444444446 0.048958333333333305
3 0.1792361111111111 0.16869791666666667 0.05869212962962962 0.06322916666666663
3 0.044635416666666664 0.4263541666666667 0.0783912037037037 0.12854166666666664
3 0.14769097222222222 0.7315104166666667 0.16837962962962966 0.19697916666666676
3 0.03182291666666666 0.8283854166666667 0.040081018518518516 0.07135416666666679
3 0.02236111111111111 0.8759375 0.01944444444444444 0.04812499999999993
3 0.2889409722222222 0.7643229166666667 0.0858564814814815 0.10562500000000004
3 0.2268634259259259 0.8497916666666667 0.1500115740740741 0.11614583333333321
3 0.5028819444444445 0.7946354166666667 0.3238657407407407 0.3665625
3 0.7177546296296297 0.7294791666666667 0.08089120370370377 0.08656249999999996
3 0.5915219907407407 0.6018229166666667 0.09971064814814809 0.09250000000000007
3 0.49285300925925923 0.5927604166666667 0.07151620370370378 0.0859375
3 0.41926504629629624 0.5875 0.06356481481481495 0.0760416666666666
3 0.8349016203703703 0.5605729166666666 0.11302083333333321 0.14802083333333335
2 0.472662037037037 0.12723958333333335 0.1884606481481482 0.18270833333333333
2 0.7559837962962963 0.04942708333333333 0.16416666666666657 0.09885416666666666
3 0.2290162037037037 0.46723958333333326 0.08070601851851852 0.07406250000000014