4 0.11763888888888889 0.2447858796296296 0.23527777777777778 0.4895717592592592
0 0.41966435185185186 0.3903935185185185 0.08662037037037038 0.15406250000000005
0 0.44259259259259254 0.5675578703703704 0.10649305555555558 0.12497685185185184
0 0.4064293981481482 0.07685763888888889 0.0784837962962964 0.13195601851851851
5 0.5837847222222222 0.6100057870370371 0.12458333333333335 0.18642361111111114
4 0.7368287037037037 0.5036516203703704 0.15204861111111115 0.2481481481481481
4 0.9590277777777778 0.33619212962962963 0.08194444444444429 0.2899999999999999
4 0.19543981481481482 0.6469155092592592 0.12800925925925927 0.20682870370370382
4 0.2713657407407407 0.28994791666666664 0.10291666666666668 0.19983796296296302
4 0.33002893518518517 0.08552662037037037 0.09123842592592588 0.1495138888888889
5 0.24631944444444445 0.07523726851851852 0.08951388888888889 0.13853009259259258