2 0.48239583333333336 0.23489583333333336 0.2953125 0.21940972222222221
2 0.4617361111111111 0.3477141203703703 0.21135416666666665 0.15606481481481485
2 0.5124479166666667 0.8703211805555556 0.32125000000000004 0.2593576388888888
6 0.2971701388888889 0.7590104166666667 0.17600694444444445 0.1331712962962964
2 0.6137152777777778 0.694855324074074 0.4130208333333334 0.3399305555555555
6 0.77234375 0.8747858796296297 0.3402430555555556 0.24726851851851847
6 0.8704340277777778 0.7447048611111111 0.21357638888888886 0.41672453703703705
0 0.2682638888888889 0.4765335648148148 0.3789236111111111 0.2749421296296296
6 0.16952256944444444 0.6562210648148149 0.3390451388888889 0.29180555555555543
6 0.11958333333333333 0.8648321759259259 0.20812499999999998 0.18873842592592602
6 0.28833333333333333 0.9331770833333334 0.2999305555555556 0.1336458333333333
6 0.9026215277777778 0.40771412037037036 0.1703125 0.2157060185185184
6 0.8434375 0.20804398148148148 0.19312499999999985 0.13211805555555553