3 0.8134432870370369 0.8817476851851851 0.0809606481481481 0.09065972222222243
3 0.8223206018518517 0.599212962962963 0.09807870370370395 0.08699074074074069
3 0.7974594907407407 0.6939178240740741 0.09789351851851862 0.07449074074074069
3 0.6707523148148148 0.6434027777777778 0.0838541666666666 0.0752199074074074
3 0.7069849537037036 0.9776765046296296 0.0761111111111111 0.044646990740740834
3 0.4950636574074075 0.626736111111111 0.07914351851851861 0.07337962962962977
3 0.6575462962962962 0.26807291666666666 0.1582638888888889 0.14519675925925926
3 0.7118692129629629 0.1375810185185185 0.11129629629629641 0.1361689814814815
3 0.5180729166666667 0.44590856481481483 0.11225694444444442 0.09563657407407397
3 0.4497974537037037 0.5153645833333333 0.1058680555555556 0.08589120370370366
3 0.48658564814814814 0.09060763888888888 0.12057870370370374 0.13047453703703701
3 0.15637731481481482 0.42291087962962964 0.10938657407407408 0.11263888888888882
3 0.19132523148148148 0.33349537037037036 0.10642361111111112 0.12339120370370367
3 0.20708333333333334 0.27265625 0.12809027777777776 0.11062500000000001
3 0.05399305555555556 0.3667997685185185 0.09201388888888888 0.09912037037037039
0 0.3427199074074074 0.08990162037037037 0.19268518518518524 0.1503587962962963
3 0.39602430555555557 0.872650462962963 0.11819444444444445 0.18028935185185163
3 0.4453009259259259 0.8716608796296296 0.06839120370370359 0.08523148148148181
0 0.6419675925925926 0.9826273148148148 0.06043981481481477 0.03474537037037031
4 0.07133101851851853 0.25210069444444444 0.08643518518518518 0.14406250000000007