5 0.21171875 0.5609027777777778 0.0890625 0.1727083333333333
4 0.08828125 0.8999826388888887 0.1578125 0.19920138888888914
5 0.32109375 0.5474479166666667 0.0859375 0.16475694444444447
5 0.02734375 0.6753472222222222 0.0453125 0.12232638888888889
5 0.159375 0.7694791666666667 0.0875 0.18357638888888878
5 0.91328125 0.46644097222222225 0.1734375 0.5436458333333334
0 0.50703125 0.2743402777777778 0.39375 0.38468750000000007
0 0.90390625 0.7731076388888889 0.0625 0.09184027777777785
1 0.59375 0.8032986111111111 0.053125 0.11017361111111121
0 0.66328125 0.8431770833333333 0.0640625 0.15597222222222235
1 0.75 0.7658854166666667 0.059375 0.13076388888888885
5 0.7953125 0.26934027777777775 0.29375 0.12711805555555555
2 0.30078125 0.8491319444444445 0.0671875 0.138923611111111
0 0.35234375 0.7062152777777777 0.0640625 0.14347222222222236
2 0.38359375 0.877482638888889 0.0890625 0.21489583333333329
0 0.66953125 0.9444618055555555 0.0578125 0.04475694444444471
1 0.46640625 0.6527083333333333 0.0546875 0.13524305555555555
6 0.615625 0.6515451388888889 0.0515625 0.050729166666666714
1 0.459375 0.8155208333333335 0.0859375 0.1350694444444443
5 0.42421875 0.48895833333333333 0.065625 0.13416666666666668
5 0.11796875 0.5338194444444444 0.0484375 0.12246527777777771