2 0.05859375 0.946875 0.1171875 0.10625
2 0.32578125 0.86875 0.4484375 0.2625
4 0.13671875 0.42109375 0.2734375 0.18203125
3 0.40390625 0.32109375 0.053125 0.07109375
3 0.43203125 0.265625 0.03359375 0.0578125
3 0.48515625 0.30234375 0.0453125 0.0625
3 0.34453125 0.56171875 0.05546875 0.07734375
3 0.60078125 0.22734375 0.12890625 0.06015625
3 0.45 0.1046875 0.046875 0.07265625
3 0.371875 0.1390625 0.0484375 0.07421875
2 0.85234375 0.171875 0.24765625 0.12109375
6 0.64765625 0.63046875 0.28125 0.1234375
6 0.67734375 0.8890625 0.27890625 0.221875
2 0.69375 0.5 0.08828125 0.05390625
6 0.92734375 0.49609375 0.1453125 0.12109375
0 0.35625 0.24296875 0.38671875 0.15625
5 0.90078125 0.0453125 0.1984375 0.08984375
2 0.4734375 0.5265625 0.27578125 0.12265625