4 0.08726851851851851 0.8112962962962964 0.16518518518518518 0.3649074074074072
5 0.5662962962962963 0.18772569444444445 0.12334490740740733 0.20024305555555558
5 0.6895601851851852 0.16245949074074073 0.1346296296296295 0.2472800925925926
5 0.6112442129629629 0.036848958333333334 0.09747685185185198 0.07369791666666667
5 0.46618055555555554 0.07196759259259258 0.11361111111111111 0.14393518518518517
6 0.2236979166666667 0.034068287037037036 0.1536458333333334 0.06813657407407407
6 0.2666145833333333 0.1296585648148148 0.08841435185185187 0.1247337962962963
0 0.13010416666666666 0.581730324074074 0.2531712962962963 0.220914351851852
1 0.5411863425925926 0.9116145833333335 0.1668171296296297 0.16339120370370352
6 0.4843113425925926 0.3006712962962963 0.11216435185185177 0.16726851851851848
6 0.6675405092592592 0.35421296296296295 0.08039351851851854 0.09649305555555561
4 0.7447685185185186 0.86484375 0.2221527777777778 0.251701388888889
1 0.9510937500000001 0.5555034722222223 0.07092592592592624 0.08385416666666679
2 0.8261689814814815 0.25107060185185187 0.06793981481481488 0.10255787037037037
4 0.8188194444444445 0.10758391203703703 0.2047685185185184 0.21516782407407406
1 0.292974537037037 0.9457638888888888 0.2616550925925926 0.10074074074074062