6 0.878125 0.34921875 0.1703125 0.08359375
5 0.509375 0.10390625 0.1203125 0.06875
6 0.06875 0.36328125 0.1375 0.1078125
5 0.85078125 0.553125 0.128125 0.06171875
5 0.04921875 0.540625 0.0984375 0.06875
6 0.25390625 0.7 0.16796875 0.19140625
6 0.7078125 0.3109375 0.12578125 0.071875
6 0.2140625 0.43515625 0.20546875 0.13515625
5 0.8828125 0.21796875 0.0953125 0.0671875
5 0.73515625 0.07265625 0.11875 0.0484375
6 0.96796875 0.48203125 0.0640625 0.0984375
6 0.4796875 0.71015625 0.17734375 0.09609375
6 0.603125 0.821875 0.0796875 0.090625
6 0.54921875 0.45703125 0.2234375 0.109375
5 0.78359375 0.8 0.10078125 0.06484375
5 0.45859375 0.28515625 0.29921875 0.1125
5 0.94375 0.1328125 0.1109375 0.06015625
6 0.91015625 0.890625 0.17890625 0.1640625
6 0.34765625 0.7265625 0.1140625 0.07890625
6 0.5796875 0.6015625 0.1375 0.07578125
6 0.38828125 0.621875 0.10859375 0.06484375
6 0.5890625 0.375 0.2359375 0.10625
6 0.840625 0.4875 0.13671875 0.0953125
6 0.775 0.47265625 0.096875 0.08359375
5 0.5765625 0.5421875 0.06171875 0.0390625
5 0.6265625 0.52890625 0.0765625 0.05
3 0.39765625 0.23515625 0.04453125 0.0546875
6 0.57578125 0.18515625 0.11796875 0.08671875
5 0.7609375 0.265625 0.1078125 0.05546875
5 0.88203125 0.06640625 0.15078125 0.0515625
4 0.5921875 0.0328125 0.134375 0.065625
5 0.35625 0.05234375 0.303125 0.1046875