5 0.10442708333333332 0.03670717592592592 0.15052083333333335 0.07253472222222222
1 0.7879050925925926 0.5898611111111112 0.22446759259259252 0.14237268518518514
5 0.11385995370370372 0.13451388888888888 0.18840277777777778 0.12465277777777777
4 0.351412037037037 0.7638831018518518 0.1290277777777778 0.12377314814814824
1 0.4886805555555555 0.8977546296296296 0.3328009259259259 0.20449074074074075
1 0.8555381944444445 0.4252199074074074 0.14180555555555543 0.1614583333333334
1 0.775173611111111 0.3044849537037037 0.23408564814814808 0.17532407407407408
1 0.44360532407407405 0.23706597222222223 0.23104166666666667 0.18621527777777774
1 0.3595891203703704 0.3983391203703704 0.3637499999999999 0.17412037037037037
1 0.24942129629629634 0.5037499999999999 0.38739583333333333 0.20259259259259252
4 0.1717766203703704 0.8072685185185187 0.3435532407407408 0.29578703703703724
1 0.456712962962963 0.04973958333333333 0.28344907407407405 0.09012731481481481
1 0.2865682870370371 0.13004050925925928 0.2932175925925926 0.14339120370370367