6 0.8423900462962963 0.7031770833333333 0.30457175925925917 0.5936458333333334
6 0.9078240740740741 0.16531250000000003 0.14372685185185183 0.21875
6 0.5333912037037037 0.5243229166666666 0.25071759259259263 0.48656249999999995
4 0.604056712962963 0.86359375 0.16358796296296294 0.27281249999999985
6 0.1543113425925926 0.9239062499999999 0.2163773148148148 0.15218750000000014
5 0.11482060185185186 0.22036458333333334 0.15288194444444442 0.3098958333333333
4 0.35261574074074076 0.16348958333333335 0.08747685185185183 0.215
5 0.39945601851851853 0.48567708333333337 0.13827546296296286 0.16687499999999994
0 0.4567361111111111 0.10317708333333334 0.09964120370370359 0.08781249999999999
5 0.3021527777777778 0.2969791666666667 0.08524305555555553 0.16958333333333328
5 0.25565393518518514 0.32125000000000004 0.0820717592592592 0.16624999999999995