6 0.2852430555555555 0.8065625000000001 0.175 0.2147222222222222
2 0.2556597222222222 0.6360416666666666 0.0858680555555555 0.13934027777777783
2 0.08135416666666666 0.6008333333333333 0.13916666666666666 0.14833333333333343
6 0.4730902777777778 0.8180208333333333 0.17013888888888892 0.3473611111111111
6 0.4960243055555556 0.6893229166666667 0.23253472222222218 0.27378472222222233
6 0.7755729166666667 0.7120312500000001 0.20597222222222236 0.2731944444444444
6 0.7492708333333333 0.829861111111111 0.14916666666666673 0.17666666666666658
6 0.8163368055555555 0.8932465277777778 0.2742708333333333 0.18413194444444442
2 0.41902777777777783 0.1438888888888889 0.07562499999999997 0.10006944444444446
6 0.5176215277777778 0.08479166666666667 0.12586805555555552 0.16958333333333334
6 0.7331944444444444 0.28229166666666666 0.348576388888889 0.5059375
6 0.6367881944444445 0.6221006944444445 0.18187500000000015 0.24298611111111104
6 0.9033333333333333 0.42843749999999997 0.19333333333333336 0.3013194444444444
6 0.6064236111111111 0.14206597222222223 0.20652777777777764 0.28413194444444445