3 0.14918402777777778 0.79921875 0.07756944444444444 0.0796875
3 0.1636574074074074 0.53515625 0.09295138888888888 0.075
3 0.1777083333333333 0.62578125 0.09230324074074074 0.0625
3 0.29922453703703705 0.5875 0.08152777777777782 0.065625
3 0.23944444444444443 0.91171875 0.07387731481481481 0.06875
3 0.40976273148148146 0.971875 0.054479166666666676 0.05625
3 0.46340856481481474 0.58515625 0.07511574074074083 0.0625
3 0.34155092592592595 0.23828125 0.1517129629629629 0.1234375
3 0.3011168981481481 0.1140625 0.10615740740740742 0.11875
3 0.4566145833333334 0.41484375 0.10733796296296294 0.08125
3 0.5139467592592593 0.484375 0.10068287037037038 0.0734375
3 0.5128125 0.084375 0.11561342592592591 0.1203125
3 0.7112731481481481 0.00859375 0.1212037037037037 0.0171875
3 0.7988252314814815 0.02265625 0.14297453703703694 0.0453125
3 0.7930902777777777 0.41953125 0.10502314814814824 0.096875
3 0.7678587962962963 0.33359375 0.10246527777777778 0.1078125
3 0.7583564814814815 0.27578125 0.12212962962962966 0.0953125
3 0.8923148148148148 0.37421875 0.08883101851851834 0.0859375
0 0.6474305555555555 0.0796875 0.18638888888888888 0.159375
3 0.5363715277777777 0.8203125 0.11303240740740747 0.1609375
3 0.49052083333333335 0.815625 0.06646990740740737 0.0765625
0 0.29796875 0.928125 0.0568518518518518 0.071875
4 0.9027546296296297 0.26328125 0.11798611111111086 0.1359375