6 0.28978587962962965 0.19684027777777777 0.28726851851851853 0.34347222222222223
6 0.05520833333333334 0.07501736111111111 0.10752314814814816 0.08121527777777778
6 0.04375 0.33611111111111114 0.07002314814814814 0.20590277777777777
6 0.05127314814814815 0.5181076388888889 0.07002314814814817 0.16378472222222218
6 0.1730613425925926 0.3835763888888889 0.19971064814814815 0.2537847222222222
6 0.1744212962962963 0.25126736111111114 0.11168981481481484 0.19371527777777775
2 0.923654513888889 0.6900173611111111 0.15269097222222214 0.3480555555555556
2 0.6310474537037037 0.06664930555555555 0.15896990740740743 0.1332986111111111
2 0.6233506944444445 0.18123263888888888 0.13825231481481487 0.19489583333333335
6 0.45523726851851853 0.5651041666666667 0.2773148148148149 0.4537847222222222
6 0.2573784722222222 0.8430902777777778 0.3093171296296296 0.3070138888888888
6 0.26883680555555556 0.032890625 0.15688657407407405 0.06578125
6 0.46056134259259257 0.02296875 0.10549768518518512 0.0459375
4 0.7089409722222222 0.3159375 0.10954861111111107 0.22013888888888894
4 0.9017939814814815 0.008524305555555556 0.10983796296296297 0.01704861111111111
5 0.9603877314814815 0.30991319444444443 0.07922453703703702 0.21944444444444447
5 0.9064525462962962 0.17647569444444447 0.12575231481481453 0.1522222222222222
4 0.8230613425925926 0.8828993055555555 0.2799768518518519 0.14659722222222235