5 0.5769675925925926 0.9139467592592592 0.10451388888888893 0.16479166666666673
5 0.6970775462962963 0.8864872685185186 0.12482638888888893 0.2071180555555557
2 0.15124421296296295 0.09578125000000001 0.1310763888888889 0.16498842592592594
1 0.44019097222222225 0.17693287037037037 0.23663194444444446 0.35386574074074073
4 0.8588541666666668 0.8657523148148147 0.2383680555555557 0.236076388888889
4 0.807349537037037 0.4690451388888889 0.38530092592592596 0.5810300925925926
4 0.6015914351851852 0.48161458333333335 0.13009259259259257 0.2649537037037037
4 0.6688368055555556 0.08462962962962964 0.20954861111111106 0.16925925925925928
1 0.8697048611111111 0.12850115740740742 0.2550347222222221 0.25700231481481484
5 0.46339699074074076 0.8436747685185185 0.12615740740740744 0.2852314814814815
6 0.16015625 0.4208043981481482 0.30769675925925927 0.5052662037037037
5 0.4257523148148148 0.9244444444444444 0.12881944444444446 0.14622685185185205