5 0.075 0.10859375 0.15 0.10390625
4 0.24140625 0.2015625 0.19921875 0.16171875
4 0.084375 0.4515625 0.16875 0.17578125
5 0.4921875 0.0734375 0.2328125 0.10078125
5 0.93359375 0.5203125 0.13125 0.11328125
4 0.52421875 0.25 0.23671875 0.14921875
5 0.13828125 0.26796875 0.215625 0.15390625
4 0.0890625 0.58046875 0.178125 0.0859375
1 0.48125 0.53125 0.14375 0.07421875
2 0.26484375 0.490625 0.1078125 0.046875
3 0.21875 0.5765625 0.040625 0.02890625
4 0.265625 0.52890625 0.08125 0.03515625
4 0.36875 0.51015625 0.06484375 0.06796875
5 0.53515625 0.4296875 0.12265625 0.06171875
4 0.51328125 0.59765625 0.38046875 0.1234375
4 0.18203125 0.78515625 0.27734375 0.1453125
5 0.75078125 0.61015625 0.1484375 0.08203125
5 0.26796875 0.05234375 0.1453125 0.1046875