6 0.4703125 0.61875 0.25390625 0.18046875
5 0.07265625 0.25703125 0.1015625 0.1203125
5 0.16484375 0.57265625 0.1078125 0.1015625
5 0.56484375 0.2359375 0.23671875 0.1203125
5 0.103125 0.15078125 0.10390625 0.1015625
6 0.56171875 0.0484375 0.2828125 0.0953125
6 0.2953125 0.903125 0.590625 0.19375
6 0.559375 0.75390625 0.25546875 0.17265625
6 0.8734375 0.50078125 0.253125 0.23046875
2 0.59453125 0.3625 0.10234375 0.0671875
6 0.29921875 0.40078125 0.28046875 0.26015625
2 0.72109375 0.26640625 0.13046875 0.0359375
6 0.88671875 0.2765625 0.1875 0.053125
4 0.95859375 0.18671875 0.0828125 0.04609375
5 0.94453125 0.1296875 0.11015625 0.05859375
5 0.87578125 0.0390625 0.109375 0.04140625
5 0.525 0.13515625 0.1703125 0.09296875
5 0.1171875 0.3625 0.1171875 0.06640625
4 0.56875 0.74375 0.30078125 0.1828125
4 0.2890625 0.9 0.578125 0.2