5 0.9569473379629629 0.628900462962963 0.08610532407407412 0.1350347222222222
5 0.9030324074074073 0.5144618055555557 0.19121527777777772 0.14671296296296282
5 0.21075810185185184 0.8829108796296297 0.1520833333333333 0.14173611111111128
5 0.24133680555555553 0.10023148148148149 0.1857986111111111 0.20046296296296298
4 0.09347222222222222 0.2969965277777778 0.18398148148148147 0.39663194444444444
5 0.6639583333333333 0.515451388888889 0.15946759259259266 0.21834490740740725
5 0.5667129629629629 0.8076099537037038 0.23180555555555565 0.2501273148148151
6 0.7272222222222222 0.8829918981481482 0.16268518518518532 0.22461805555555542
4 0.4880729166666667 0.40424189814814815 0.345474537037037 0.43532407407407414
5 0.9602372685185184 0.3655555555555556 0.07952546296296319 0.3021759259259259
6 0.8112152777777778 0.28618055555555555 0.37756944444444435 0.512175925925926
2 0.09825810185185184 0.7782638888888889 0.11474537037037039 0.15239583333333345
1 0.03125 0.738130787037037 0.04513888888888888 0.3049884259259258
0 0.3737037037037037 0.01681712962962963 0.1255324074074074 0.03363425925925926
1 0.41530092592592593 0.18600694444444446 0.07836805555555557 0.12244212962962964