3 0.2708333333333333 0.09414930555555556 0.09472222222222229 0.04791666666666665
3 0.23057291666666666 0.14631944444444445 0.0697222222222222 0.046805555555555545
3 0.29019097222222223 0.2084027777777778 0.11875 0.0755208333333334
3 0.3813888888888889 0.36260416666666667 0.07697916666666664 0.09239583333333332
3 0.1815277777777778 0.4178472222222222 0.11263888888888891 0.15173611111111107
3 0.3561284722222222 0.44359374999999995 0.05364583333333339 0.09604166666666672
3 0.05001736111111112 0.34625000000000006 0.10003472222222223 0.13256944444444443
3 0.07138888888888888 0.6936979166666667 0.08527777777777779 0.11461805555555564
3 0.17975694444444446 0.8142534722222223 0.13190972222222222 0.10576388888888885
3 0.3156597222222222 0.7514756944444445 0.05927083333333334 0.06819444444444436
3 0.3961631944444444 0.7886805555555555 0.06520833333333335 0.05440972222222218
3 0.5206597222222222 0.7817013888888888 0.08840277777777779 0.044513888888888783
3 0.5659548611111112 0.7141145833333333 0.12277777777777779 0.11628472222222222
3 0.5816493055555556 0.6061111111111112 0.08128472222222208 0.14565972222222215