5 0.13583333333333333 0.4881539351851852 0.2341666666666667 0.13931712962962967
5 0.972013888888889 0.09421875 0.055972222222222 0.06494212962962964
4 0.8158506944444446 0.08094328703703704 0.2776388888888889 0.13371527777777778
5 0.4173090277777778 0.08672164351851852 0.30770833333333325 0.17344328703703704
4 0.6663020833333333 0.3395775462962963 0.4483333333333334 0.2502314814814815
5 0.6464409722222222 0.42039351851851847 0.14309027777777777 0.09268518518518523
1 0.18638888888888888 0.8517071759259259 0.30666666666666664 0.2247106481481481
4 0.5453472222222222 0.6611111111111111 0.23947916666666663 0.153449074074074
5 0.592013888888889 0.027384259259259257 0.14027777777777786 0.054768518518518515
4 0.3077951388888889 0.15335648148148148 0.3696527777777778 0.16630787037037037
0 0.4299479166666667 0.5095949074074074 0.13812499999999997 0.08636574074074073
3 0.15321180555555555 0.40424768518518517 0.0692361111111111 0.08222222222222228
1 0.4283854166666667 0.5096180555555556 0.13791666666666663 0.08167824074074073
6 0.3163194444444445 0.15166666666666667 0.39656249999999993 0.17451388888888886