1 0.38252314814814814 0.9547916666666666 0.17465277777777777 0.07881944444444429
1 0.4739872685185185 0.5743229166666667 0.2026041666666666 0.11690972222222218
1 0.34910300925925924 0.6646701388888889 0.1247106481481481 0.07927083333333336
1 0.32676504629629627 0.5471006944444444 0.17453703703703702 0.07569444444444447
0 0.49409722222222224 0.39951388888888884 0.176099537037037 0.11788194444444447
5 0.6049479166666666 0.6902604166666666 0.13587962962962977 0.08576388888888893
5 0.756105324074074 0.5070659722222223 0.10659722222222215 0.09604166666666672
5 0.6551215277777778 0.4405034722222222 0.10648148148148148 0.09291666666666672
5 0.7853009259259259 0.38756944444444447 0.12876157407407404 0.10434027777777777
0 0.3286458333333333 0.4078819444444445 0.222974537037037 0.11892361111111108
4 0.38081597222222224 0.27536458333333336 0.21811342592592595 0.15628472222222226
6 0.5235243055555555 0.18071180555555555 0.17563657407407404 0.10538194444444442
4 0.8091724537037038 0.13526041666666666 0.3714699074074076 0.2705208333333333
0 0.5322627314814815 0.50109375 0.16267361111111106 0.09260416666666664
1 0.5787905092592592 0.7651215277777779 0.1859375 0.08843749999999986
1 0.48249421296296297 0.8673437500000001 0.12054398148148149 0.05107638888888886
1 0.39675925925925926 0.8324999999999999 0.06307870370370364 0.05916666666666685
5 0.7172743055555555 0.8730729166666666 0.12702546296296297 0.05746527777777786
5 0.7256655092592592 0.6351909722222222 0.1049768518518519 0.052291666666666715
6 0.6413483796296295 0.59640625 0.13234953703703703 0.07475694444444443