6 0.13536458333333332 0.6492881944444444 0.27072916666666663 0.6517013888888888
6 0.25211805555555555 0.7189236111111111 0.22356481481481483 0.36861111111111117
6 0.3115451388888889 0.20637152777777779 0.29878472222222224 0.4046180555555555
6 0.10734375 0.29803819444444446 0.17471064814814813 0.2692013888888889
6 0.2775636574074074 0.4997048611111111 0.1406134259259259 0.123298611111111
6 0.37633680555555554 0.61609375 0.08868055555555561 0.17520833333333333
6 0.44351851851851853 0.13499999999999998 0.331712962962963 0.25708333333333333
5 0.7219502314814814 0.48220486111111105 0.18575231481481502 0.45204861111111116
5 0.7649999999999999 0.16482638888888887 0.20374999999999996 0.2573611111111111
5 0.9471585648148148 0.22675347222222225 0.09271990740740747 0.16281249999999997
5 0.849392361111111 0.7586284722222223 0.24936342592592595 0.4827430555555555
6 0.4334606481481481 0.9414930555555555 0.11125000000000007 0.11701388888888893
6 0.29616319444444444 0.9369791666666668 0.22695601851851857 0.12604166666666644
5 0.4794907407407408 0.28597222222222224 0.09422453703703706 0.1316319444444444
4 0.7526388888888889 0.7652430555555556 0.1259722222222223 0.23222222222222227
1 0.6708159722222222 0.7141493055555556 0.09627314814814802 0.14104166666666665