6 0.5945949074074074 0.7552835648148148 0.17498842592592592 0.11368055555555542
5 0.3184953703703704 0.843761574074074 0.4291203703703704 0.30016203703703714
6 0.041365740740740745 0.8030381944444445 0.08273148148148149 0.12829861111111107
6 0.09938657407407407 0.7739351851851851 0.12260416666666667 0.16092592592592592
2 0.35129629629629633 0.6320659722222223 0.14807870370370368 0.08886574074074076
6 0.6188483796296296 0.6462962962962963 0.17962962962962958 0.11079861111111118
1 0.1605787037037037 0.22664930555555554 0.06638888888888887 0.05496527777777782
1 0.144849537037037 0.02605034722222222 0.07109953703703704 0.05210069444444444
1 0.14027777777777778 0.12153356481481481 0.050856481481481454 0.060405092592592614
1 0.055121527777777776 0.23133680555555552 0.04008101851851851 0.07077546296296297
4 0.09990162037037037 0.6133622685185186 0.19980324074074074 0.16702546296296283
1 0.5744502314814814 0.4815393518518518 0.12135416666666661 0.07655092592592591