4 0.3004456018518519 0.1497627314814815 0.3303587962962963 0.299525462962963
5 0.5115509259259259 0.12053240740740741 0.15912037037037052 0.17890046296296297
5 0.5785127314814815 0.46637731481481487 0.29699074074074083 0.4418518518518518
5 0.030520833333333337 0.512806712962963 0.061041666666666675 0.21188657407407413
6 0.5771759259259259 0.8577604166666667 0.22229166666666664 0.270451388888889
4 0.06196759259259259 0.28186342592592595 0.08564814814814814 0.17312500000000003
4 0.12343171296296296 0.10577546296296296 0.12188657407407408 0.21155092592592592
6 0.259224537037037 0.8601273148148149 0.23443287037037042 0.22219907407407397
6 0.420150462962963 0.7538483796296296 0.2065509259259258 0.2545949074074073
5 0.8241550925925927 0.4182118055555556 0.19697916666666657 0.22789351851851852
2 0.6937962962962964 0.1943865740740741 0.16743055555555558 0.2462037037037037
4 0.8089293981481482 0.8918229166666667 0.213923611111111 0.19533564814814816
5 0.8720254629629629 0.5995138888888889 0.11071759259259259 0.18287037037037024
5 0.8560011574074075 0.23182291666666668 0.10593750000000028 0.1703009259259259
2 0.6606539351851852 0.6612326388888888 0.1250810185185184 0.22370370370370374
5 0.6816087962962962 0.8905844907407408 0.10928240740740733 0.20003472222222207