3 0.12497685185185185 0.41609374999999993 0.1663425925925926 0.13690972222222228
3 0.09594907407407408 0.8093055555555555 0.08964120370370372 0.1288194444444443
3 0.16708333333333333 0.7811111111111112 0.10155092592592592 0.16211805555555542
3 0.23476851851851852 0.6365104166666666 0.054479166666666676 0.10072916666666672
3 0.33549189814814817 0.4716666666666667 0.14552083333333332 0.1188194444444445
3 0.46748263888888886 0.49083333333333334 0.1492476851851851 0.13927083333333332
3 0.4167071759259259 0.6252951388888889 0.10853009259259264 0.13434027777777793
3 0.34013310185185186 0.2586805555555555 0.05180555555555557 0.06315972222222221
3 0.3510127314814815 0.3090451388888889 0.05101851851851853 0.03659722222222221
3 0.38446180555555554 0.27626736111111116 0.04035879629629626 0.045486111111111074
3 0.39246527777777773 0.3087673611111111 0.03194444444444446 0.02482638888888893
3 0.40855902777777775 0.35029513888888886 0.04803240740740744 0.041145833333333395
3 0.41977430555555556 0.2535763888888889 0.025833333333333285 0.02923611111111111
3 0.43453125000000004 0.2763888888888889 0.032175925925925955 0.032638888888888926
3 0.4616724537037037 0.29473958333333333 0.022569444444444288 0.024409722222222284
3 0.4607465277777778 0.36909722222222224 0.03373842592592595 0.03270833333333334
3 0.45418402777777783 0.41163194444444445 0.08585648148148159 0.053749999999999964
3 0.4540567129629629 0.2489236111111111 0.030983796296296263 0.045069444444444426
3 0.5200752314814815 0.3648958333333333 0.06738425925925924 0.062291666666666676
3 0.5775115740740742 0.3232291666666667 0.047256944444444574 0.06763888888888889
3 0.6025925925925926 0.37765624999999997 0.07377314814814824 0.0672569444444445
3 0.5827314814814815 0.4465972222222222 0.058101851851851904 0.06499999999999986
3 0.6364930555555556 0.0061805555555555555 0.14173611111111112 0.012361111111111111
3 0.7573668981481482 0.03704861111111111 0.06656250000000004 0.07409722222222222
3 0.7614120370370371 0.2462152777777778 0.10972222222222214 0.12190972222222225
3 0.8180671296296296 0.09897569444444446 0.08026620370370381 0.12840277777777778
3 0.8308506944444446 0.043671875 0.07212962962962947 0.08734375
3 0.9201273148148148 0.05845486111111111 0.07997685185185191 0.06597222222222224
3 0.9229166666666668 0.015295138888888888 0.05833333333333357 0.030590277777777775
3 0.9163773148148149 0.4040451388888888 0.16724537037037024 0.16260416666666658
3 0.874861111111111 0.5900694444444444 0.1776967592592591 0.15145833333333325
3 0.862806712962963 0.5264583333333334 0.1320023148148149 0.08388888888888886
3 0.9956712962962964 0.5365798611111111 0.008657407407407192 0.05892361111111111
3 0.7270775462962963 0.8563541666666665 0.06600694444444458 0.068472222222222
3 0.6725231481481482 0.8368749999999998 0.06876157407407409 0.056111111111111
3 0.5869791666666666 0.8539756944444445 0.05456018518518526 0.05079861111111086
3 0.5393923611111111 0.8584375 0.07055555555555557 0.0639930555555555
3 0.5204282407407407 0.825642361111111 0.028680555555555643 0.020000000000000285
3 0.5539756944444445 0.8225868055555555 0.03355324074074062 0.026458333333333427
3 0.8405613425925926 0.8317534722222222 0.05920138888888893 0.04944444444444436
3 0.7526446759259259 0.8215798611111111 0.07050925925925924 0.0624305555555555
3 0.9555150462962964 0.8039583333333333 0.08692129629629619 0.08968750000000014
3 0.44681134259259264 0.849253472222222 0.027858796296296263 0.04493055555555543
3 0.4567708333333334 0.8949652777777779 0.022476851851851977 0.021284722222222285
3 0.4851273148148148 0.9015277777777777 0.02431712962962962 0.030729166666666786
6 0.49004629629629626 0.5923090277777778 0.07630787037037035 0.10013888888888882
6 0.4653587962962963 0.7623784722222222 0.10043981481481482 0.12461805555555543
6 0.5353935185185186 0.6442708333333333 0.04771990740740737 0.08326388888888889
6 0.5917997685185185 0.6206423611111112 0.09143518518518512 0.13670138888888897
6 0.6103472222222222 0.7449826388888889 0.09934027777777779 0.14017361111111093
6 0.3549247685185185 0.5466840277777777 0.07442129629629628 0.0891319444444445
3 0.14759259259259258 0.12329861111111111 0.08399305555555556 0.14885416666666668
3 0.08178819444444443 0.14656249999999998 0.04711805555555555 0.06295138888888889
3 0.08189814814814815 0.22947916666666668 0.03429398148148146 0.05145833333333334
3 0.1485590277777778 0.23512152777777776 0.05745370370370369 0.04312500000000004
3 0.11719907407407408 0.047986111111111104 0.04917824074074071 0.027152777777777783
3 0.24044560185185185 0.11526041666666667 0.06509259259259262 0.09027777777777776
3 0.36073495370370373 0.10913194444444445 0.13496527777777773 0.1838888888888889
3 0.43982060185185184 0.19088541666666667 0.07511574074074083 0.11256944444444446
2 0.47423032407407406 0.044756944444444446 0.19533564814814816 0.08951388888888889
3 0.661880787037037 0.08166666666666667 0.07892361111111121 0.08309027777777778
3 0.6070138888888889 0.10444444444444442 0.054745370370370416 0.057048611111111126
3 0.6235706018518519 0.16159722222222223 0.051018518518518616 0.03659722222222221
3 0.5870659722222222 0.19685763888888888 0.041597222222222285 0.03461805555555557
3 0.7178819444444444 0.4139930555555555 0.16211805555555542 0.15232638888888878
6 0.9799652777777779 0.69359375 0.04006944444444436 0.17295138888888886