3 0.9260416666666668 0.7775173611111111 0.029629629629629763 0.10630787037037041
3 0.9499710648148149 0.4649594907407407 0.02482638888888857 0.062442129629629584
3 0.9345486111111111 0.578761574074074 0.03923611111111107 0.06817129629629619
3 0.9133969907407409 0.497193287037037 0.06412037037037024 0.06846064814814809
3 0.8513599537037038 0.4536168981481481 0.10648148148148166 0.09490740740740726
3 0.9257233796296296 0.3517650462962963 0.08767361111111108 0.07175925925925926
3 0.9559606481481481 0.37361111111111106 0.028356481481481666 0.08912037037037042
3 0.8434317129629629 0.2669560185185185 0.0697337962962962 0.08130787037037042
3 0.9172743055555556 0.17213541666666665 0.048263888888888926 0.06417824074074074
3 0.792042824074074 0.1425636574074074 0.044791666666666785 0.059259259259259255
3 0.7248842592592593 0.07372685185185184 0.06493055555555553 0.07939814814814813
3 0.6171006944444445 0.6582175925925926 0.13512731481481488 0.125
3 0.5558738425925925 0.7505497685185185 0.12737268518518513 0.10422453703703702
3 0.6255208333333334 0.8277488425925925 0.05034722222222214 0.05034722222222214
3 0.583767361111111 0.9194155092592592 0.07285879629629619 0.03958333333333357
3 0.47928240740740746 0.8719907407407408 0.06504629629629619 0.0809606481481481
3 0.43573495370370374 0.7780960648148149 0.05248842592592595 0.05827546296296297
3 0.3566261574074074 0.6083622685185185 0.06325231481481479 0.07771990740740745
3 0.39620949074074074 0.6613715277777777 0.07326388888888893 0.06603009259259256
3 0.4624421296296296 0.55390625 0.0775462962962962 0.08188657407407404
3 0.5082175925925926 0.6072337962962963 0.10422453703703702 0.08541666666666661
3 0.5361689814814815 0.48162615740740744 0.11030092592592596 0.10451388888888893
3 0.6099537037037037 0.47149884259259256 0.06736111111111107 0.07025462962962976
3 0.5427372685185186 0.36148726851851853 0.08535879629629636 0.08246527777777786
3 0.2986111111111111 0.20630787037037038 0.16284722222222223 0.14259259259259255
3 0.29441550925925924 0.3993055555555555 0.12297453703703702 0.12876157407407404
3 0.2078125 0.0685185185185185 0.18431712962962968 0.11776620370370372
3 0.1375 0.577199074074074 0.059664351851851816 0.07123842592592596
3 0.14221643518518517 0.6708622685185185 0.08217592592592596 0.06047453703703702
3 0.11319444444444444 0.7375 0.0925925925925926 0.07523148148148148
3 0.2546875 0.7573206018518518 0.08946759259259256 0.075
3 0.3389756944444445 0.9095775462962962 0.11047453703703702 0.1278356481481481
3 0.4013020833333333 0.9282696759259259 0.10700231481481488 0.0809606481481481
3 0.48240740740740745 0.934693287037037 0.07233796296296298 0.05353009259259274
3 0.47508680555555555 0.12097800925925925 0.09166666666666679 0.1466435185185185
3 0.48692129629629627 0.2653935185185185 0.06203703703703702 0.0822916666666667
3 0.5291956018518519 0.10376157407407408 0.08113425925925917 0.08836805555555557
3 0.06712962962962962 0.3505787037037037 0.13425925925925924 0.21446759259259257
3 0.5439236111111111 0.021093749999999998 0.08715277777777786 0.042187499999999996
3 0.6304976851851852 0.06828703703703703 0.10960648148148149 0.09513888888888891
3 0.7057002314814815 0.049508101851851845 0.09930555555555554 0.08194444444444446
3 0.759375 0.2793981481481481 0.08460648148148131 0.09328703703703703
3 0.7470775462962963 0.476880787037037 0.09513888888888893 0.10960648148148149
3 0.7746527777777777 0.8073784722222221 0.07980324074074066 0.09137731481481488
3 0.889351851851852 0.7483796296296296 0.06851851851851834 0.08587962962962976
3 0.5393518518518519 0.900173611111111 0.0708912037037038 0.09693287037037024