5 0.2671875 0.7375 0.19296875 0.11796875
5 0.1 0.12265625 0.19140625 0.0984375
5 0.91875 0.91875 0.16171875 0.16171875
5 0.28203125 0.23984375 0.13671875 0.08984375
5 0.5421875 0.41171875 0.184375 0.08984375
6 0.55 0.69765625 0.3328125 0.1734375
6 0.70703125 0.94921875 0.1640625 0.1015625
6 0.46171875 0.8515625 0.203125 0.0875
6 0.69453125 0.7875 0.21171875 0.11484375
2 0.05546875 0.2875 0.109375 0.04296875
2 0.61484375 0.2671875 0.17578125 0.13671875
0 0.40703125 0.0625 0.2390625 0.125
6 0.3109375 0.51171875 0.25 0.13359375
2 0.503125 0.54375 0.16171875 0.06484375
1 0.06875 0.35 0.10703125 0.04921875
4 0.71328125 0.9484375 0.18359375 0.103125