3 0.43359375 0.38125 0.25390625 0.19375
3 0.93984375 0.490625 0.1203125 0.21953125
3 0.8515625 0.36328125 0.2390625 0.19765625
3 0.28046875 0.815625 0.16015625 0.20234375
3 0.44375 0.76171875 0.13828125 0.10390625
3 0.30390625 0.55546875 0.04375 0.04375
3 0.09609375 0.60390625 0.0796875 0.05078125
3 0.0953125 0.7421875 0.08046875 0.0796875
3 0.63125 0.91796875 0.10546875 0.1640625
3 0.83671875 0.625 0.07578125 0.05859375
3 0.07890625 0.42421875 0.1578125 0.128125
3 0.08359375 0.04765625 0.1671875 0.0953125
3 0.32109375 0.26953125 0.19296875 0.15859375