4 0.44609375 0.30078125 0.11484375 0.0875
5 0.684375 0.40078125 0.153125 0.09296875
5 0.36171875 0.04375 0.146875 0.07578125
5 0.70546875 0.31953125 0.1265625 0.0671875
0 0.703125 0.53203125 0.23046875 0.09296875
5 0.56796875 0.22109375 0.1234375 0.07578125
6 0.41015625 0.74375 0.33125 0.2046875
0 0.73046875 0.6546875 0.20859375 0.165625
5 0.9734375 0.134375 0.05234375 0.04921875
5 0.7375 0.19375 0.12578125 0.0734375
5 0.88359375 0.34296875 0.13828125 0.08046875
2 0.43828125 0.9296875 0.17421875 0.13984375