3 0.17495949074074074 0.3126793981481481 0.1636226851851852 0.15998842592592588
3 0.2776736111111111 0.4682291666666667 0.1085648148148148 0.10715277777777779
3 0.09515625000000001 0.3324363425925926 0.14793981481481483 0.15136574074074077
3 0.38546296296296295 0.05616319444444444 0.1634490740740741 0.11232638888888888
3 0.3028587962962963 0.02990162037037037 0.1411574074074074 0.05980324074074074
3 0.2505729166666667 0.12054976851851854 0.09594907407407405 0.09087962962962966
3 0.3046122685185185 0.09978587962962962 0.07570601851851855 0.0992013888888889
3 0.08964699074074074 0.1273321759259259 0.04106481481481481 0.06148148148148147
3 0.03688078703703704 0.4183275462962963 0.07376157407407408 0.08834490740740737
3 0.3005671296296296 0.5404513888888889 0.12751157407407412 0.13468750000000007
3 0.2265509259259259 0.7278125 0.08664351851851855 0.0997685185185185
3 0.29380787037037037 0.609525462962963 0.07555555555555556 0.07888888888888879
3 0.37245370370370373 0.535162037037037 0.10414351851851844 0.1428472222222222
3 0.45917824074074076 0.1081712962962963 0.09921296296296304 0.10979166666666669
3 0.516550925925926 0.26997685185185183 0.07736111111111121 0.11178240740740737
3 0.7341435185185186 0.6257407407407408 0.08991898148148145 0.1202430555555555
3 0.7907465277777778 0.7860243055555556 0.07714120370370381 0.08209490740740755
3 0.45466435185185183 0.822974537037037 0.19702546296296292 0.2413773148148149
3 0.8938310185185184 0.2590046296296296 0.09472222222222229 0.13611111111111107
0 0.7891493055555555 0.8962210648148148 0.11811342592592596 0.13107638888888856
3 0.8976736111111112 0.05653935185185185 0.10982638888888871 0.0666087962962963
3 0.9557754629629629 0.1199074074074074 0.08703703703703702 0.1528935185185185