5 0.38984375 0.31060185185185185 0.128125 0.1888425925925926
5 0.5265625 0.0796412037037037 0.15 0.10576388888888888
0 0.7578125 0.852025462962963 0.21875 0.29594907407407406
5 0.95859375 0.6450868055555554 0.08125 0.17356481481481473
4 0.10859375 0.6306539351851852 0.215625 0.5690277777777778
4 0.353125 0.8485416666666665 0.171875 0.30291666666666683
2 0.734375 0.2786747685185185 0.0625 0.10057870370370373
4 0.671875 0.4452835648148149 0.11875 0.21328703703703694
5 0.803125 0.5983738425925926 0.0984375 0.12458333333333335
5 0.90546875 0.9689872685185186 0.0546875 0.06202546296296276
5 0.9234375 0.7687847222222223 0.071875 0.19644675925925908
5 0.96796875 0.2979861111111111 0.0640625 0.3475462962962963
5 0.9328125 0.08730902777777778 0.078125 0.06869212962962963
5 0.97578125 0.12579282407407408 0.0484375 0.12005787037037034
2 0.78203125 0.07759259259259259 0.06875 0.06657407407407408
4 0.64609375 0.06094328703703703 0.05 0.048275462962962964
4 0.69140625 0.14565972222222223 0.05625 0.11895833333333332