4 0.4024016203703703 0.7954456018518519 0.459837962962963 0.29229166666666656
4 0.12731481481481483 0.04213541666666666 0.20474537037037038 0.08427083333333332
5 0.1982349537037037 0.11999421296296298 0.1806134259259259 0.16193287037037035
4 0.43582175925925926 0.1246238425925926 0.27951388888888895 0.1381712962962963
4 0.8800347222222221 0.5278240740740741 0.20405092592592594 0.20541666666666672
0 0.855295138888889 0.20656249999999998 0.28003472222222214 0.2785185185185185
1 0.5350405092592593 0.1818865740740741 0.21857638888888892 0.17665509259259257
4 0.162890625 0.2992824074074074 0.32578125 0.2162268518518519
1 0.3622974537037037 0.3628414351851852 0.15526620370370364 0.10898148148148153
6 0.04622395833333333 0.41946180555555557 0.09244791666666666 0.10620370370370366
1 0.367650462962963 0.5129745370370371 0.30920138888888893 0.18202546296296304
4 0.1209346064814815 0.6389583333333333 0.241869212962963 0.19496527777777786
6 0.2634548611111111 0.9268460648148149 0.3226851851851852 0.125138888888889