3 0.15449074074074073 0.6084027777777778 0.17167824074074073 0.18840277777777778
3 0.26484375 0.6429166666666667 0.09269675925925931 0.11788194444444429
3 0.31622685185185184 0.6553298611111111 0.10200231481481481 0.16972222222222227
3 0.1986863425925926 0.3680381944444444 0.12752314814814816 0.10072916666666672
3 0.05436921296296295 0.4309722222222222 0.06577546296296295 0.13694444444444437
3 0.08166087962962962 0.5233506944444445 0.10721064814814815 0.09982638888888892
3 0.09340277777777778 0.15609375 0.10344907407407408 0.11524305555555552
3 0.2322048611111111 0.1973263888888889 0.08517361111111113 0.14871527777777774
3 0.34292824074074074 0.13289930555555557 0.1875925925925926 0.2202777777777778
2 0.464542824074074 0.5941319444444444 0.1261921296296297 0.20975694444444457
3 0.43177662037037035 0.6986458333333333 0.1668865740740742 0.16013888888888878
3 0.3894849537037037 0.35314236111111114 0.04542824074074083 0.05656250000000007
3 0.4418113425925926 0.31572916666666667 0.050023148148148164 0.055208333333333394
3 0.4186400462962963 0.39807291666666667 0.05168981481481474 0.0833333333333334
3 0.5699247685185185 0.18973958333333335 0.06354166666666679 0.07295138888888886
3 0.8136342592592593 0.21303819444444444 0.08947916666666664 0.11618055555555555
3 0.8378587962962962 0.6481250000000001 0.057835648148148164 0.05555555555555554
3 0.7674594907407407 0.8670659722222223 0.060231481481481455 0.06968749999999986
3 0.6468865740740741 0.7915798611111111 0.08532407407407412 0.07236111111111114
3 0.8678356481481483 0.4702430555555555 0.0464467592592591 0.07375000000000007
3 0.8416435185185186 0.3701215277777778 0.06004629629629647 0.06656250000000004
3 0.8265914351851851 0.31335069444444447 0.04983796296296319 0.0520833333333333
3 0.9066261574074075 0.3753472222222222 0.0546180555555555 0.05385416666666672
3 0.8989293981481481 0.3243576388888889 0.0845023148148151 0.08479166666666664
3 0.8995312500000001 0.22932291666666668 0.1532754629629629 0.1408333333333333
3 0.8314988425925925 0.08059027777777779 0.14112268518518506 0.09354166666666668
3 0.45994212962962955 0.3718576388888889 0.04965277777777786 0.048958333333333395
3 0.5339930555555557 0.8325347222222221 0.0685995370370371 0.07940972222222235
3 0.5570428240740741 0.7875868055555555 0.06538194444444442 0.07770833333333335
0 0.48703124999999997 0.8421354166666667 0.05913194444444443 0.07743055555555571