5 0.80140625 0.23288194444444446 0.34093750000000006 0.40812499999999996
6 0.6459374999999999 0.5430034722222222 0.4725347222222222 0.7024652777777778
6 0.4766666666666667 0.7784895833333334 0.37659722222222225 0.4430208333333333
5 0.8748437499999999 0.5884027777777778 0.22170138888888893 0.46208333333333335
4 0.8614756944444444 0.5721527777777778 0.19201388888888893 0.32041666666666657
6 0.04055555555555555 0.30194444444444446 0.0811111111111111 0.3163888888888889
6 0.1455034722222222 0.5833854166666667 0.2826388888888889 0.5349652777777777
6 0.06310763888888889 0.8915972222222223 0.12621527777777777 0.21680555555555542
6 0.14227430555555554 0.8321701388888888 0.18260416666666668 0.21395833333333342
6 0.3702777777777778 0.1581423611111111 0.20909722222222227 0.28375000000000006
5 0.28713541666666664 0.4260763888888889 0.19892361111111115 0.3004513888888889