5 0.9611689814814814 0.7197569444444445 0.07766203703703703 0.1674074074074074
5 0.9634895833333333 0.5351967592592592 0.07302083333333335 0.23266203703703708
5 0.5527662037037037 0.551875 0.15651620370370373 0.25604166666666667
4 0.15361111111111111 0.2675810185185185 0.3065046296296296 0.47421296296296295
2 0.6226273148148149 0.08535879629629631 0.15150462962962977 0.17071759259259262
1 0.5550636574074075 0.22894097222222226 0.1800578703703703 0.2714930555555556
1 0.48379050925925926 0.014849537037037036 0.17695601851851847 0.029699074074074072
6 0.42762152777777773 0.75078125 0.17056712962962967 0.25531250000000016
6 0.3321875 0.7400231481481482 0.12037037037037042 0.22578703703703695
6 0.5186284722222222 0.9024884259259259 0.08380787037037045 0.1392824074074074
6 0.5483969907407408 0.8061516203703704 0.14386574074074082 0.2349884259259259
6 0.3872337962962963 0.4686747685185185 0.10578703703703703 0.15464120370370366
6 0.2807175925925926 0.4390335648148148 0.2150231481481482 0.35321759259259267
2 0.806747685185185 0.7580150462962962 0.07091435185185162 0.08541666666666661
2 0.7885300925925925 0.6199710648148148 0.08539351851851862 0.14250000000000007
5 0.8570601851851851 0.7972395833333333 0.09822916666666685 0.1885532407407407
1 0.7414120370370371 0.37890625 0.11062499999999993 0.1752314814814815
0 0.8982696759259259 0.27024305555555556 0.20346064814814824 0.3277546296296296
5 0.781863425925926 0.06151620370370371 0.12622685185185195 0.12303240740740742
5 0.8684432870370369 0.5402025462962963 0.09303240740740719 0.11952546296296304
5 0.8972106481481482 0.730769675925926 0.07105324074074063 0.10416666666666678
5 0.9291087962962962 0.816417824074074 0.10396990740740719 0.120173611111111
5 0.7162847222222222 0.574230324074074 0.0825231481481481 0.17668981481481474
4 0.6605266203703704 0.8550000000000001 0.14512731481481483 0.19445601851851854