6 0.44008680555555557 0.24583333333333335 0.36454861111111114 0.4916666666666667
6 0.83046875 0.349375 0.3390625 0.69875
6 0.5794097222222222 0.4611458333333333 0.29246527777777764 0.4402777777777779
6 0.36442708333333335 0.8198263888888888 0.4694097222222222 0.35145833333333343
5 0.19276041666666668 0.6207986111111111 0.2009722222222222 0.3114583333333332
6 0.46684027777777776 0.4998090277777777 0.1990972222222222 0.26927083333333324
4 0.929861111111111 0.8080034722222222 0.10743055555555543 0.17163194444444443
6 0.7871875 0.7681597222222223 0.16055555555555562 0.24416666666666664
5 0.7470659722222223 0.44664930555555554 0.18486111111111114 0.22965277777777776
5 0.6272048611111111 0.01973958333333333 0.14815972222222218 0.03947916666666666
5 0.07588541666666666 0.28078125 0.13732638888888887 0.24781250000000005
5 0.041302083333333336 0.2423958333333333 0.07288194444444444 0.27145833333333336
5 0.2165625 0.2228645833333333 0.08840277777777779 0.16454861111111113
3 0.3120711375 0.9631891593749999 0.3088312796875 0.9570622078125 0.293669575 0.9463274421874999 0.2784479515625 0.9385419203125 0.2655148375 0.93639675625 0.25673395781249997 0.9364746984375 0.2368042921875 0.93174425 0.2205212328125 0.9304682359375 0.21939159375 0.929294471875 0.2121846109375 0.941799003125 0.203916190625 0.9608130390625 0.197292784375 0.9808671234374999 0.1972216640625 0.9922536640624999 0.197417584375 0.99320119375 0.2179244078125 0.9922897796875001 0.220492990625 0.9854824453125 0.2241103671875 0.9856440484375 0.2350256828125 0.9915297234375 0.3323288859375 0.9872051359375 0.33091841718750004 0.9817687984375001 0.3278763328125 0.9785242343749999 0.32191053593749996 0.975671521875 0.3120711375 0.9631891593749999