3 0.5217361111111112 0.7147743055555555 0.14273148148148138 0.1836921296296296
3 0.6632233796296296 0.7573611111111112 0.13651620370370382 0.13188657407407406
3 0.7919675925925926 0.22961226851851854 0.09611111111111122 0.08454861111111107
3 0.8686516203703704 0.1952141203703704 0.06407407407407391 0.056365740740740744
3 0.28692129629629626 0.7417708333333334 0.08237268518518519 0.09475694444444435
3 0.35359375000000004 0.6766898148148148 0.058379629629629635 0.07479166666666667
3 0.05834490740740741 0.6597974537037037 0.11668981481481482 0.13978009259259264
3 0.21520833333333336 0.3188020833333333 0.07565972222222221 0.07880787037037038
3 0.30854745370370373 0.09086805555555556 0.08034722222222221 0.07905092592592593
3 0.7247337962962963 0.12935185185185186 0.07050925925925924 0.06293981481481481
1 0.5233564814814814 0.8707002314814816 0.09028935185185176 0.15133101851851832
3 0.6530671296296295 0.23135416666666667 0.08912037037037024 0.059224537037037006
3 0.4100231481481481 0.27281828703703703 0.07050925925925924 0.06293981481481481
3 0.33471064814814816 0.023987268518518515 0.04656250000000002 0.044537037037037035
3 0.8421643518518518 0.2730324074074074 0.07988425925925924 0.06342592592592596
3 0.49722800925925925 0.1466087962962963 0.08314814814814823 0.06827546296296294