4 0.47109375 0.72578125 0.1799189814814815 0.14447916666666671
6 0.3787326388888889 0.16786458333333334 0.429224537037037 0.31072916666666667
5 0.6434895833333334 0.9605208333333334 0.1682291666666668 0.07895833333333328
5 0.6674189814814815 0.1980208333333333 0.21892361111111108 0.18760416666666666
4 0.16087962962962962 0.26166666666666666 0.214525462962963 0.15302083333333333
5 0.24282407407407405 0.9054166666666668 0.288425925925926 0.18916666666666657
5 0.26035879629629627 0.7382291666666667 0.30098379629629635 0.21489583333333329
5 0.752662037037037 0.7952083333333333 0.3666666666666668 0.13666666666666671
5 0.8711371527777778 0.8740625 0.25772569444444426 0.17156249999999992
5 0.8720341435185185 0.9604427083333335 0.25593171296296297 0.07911458333333314
6 0.12037037037037038 0.4304166666666667 0.215162037037037 0.17020833333333343
4 0.1173900462962963 0.5393229166666667 0.20052083333333334 0.1536458333333332
5 0.284837962962963 0.4522916666666667 0.1875 0.13874999999999993
6 0.6975405092592593 0.5063020833333333 0.1607060185185185 0.08864583333333335
6 0.6325810185185186 0.5830208333333333 0.32204861111111105 0.15239583333333329
6 0.6172743055555555 0.08557291666666667 0.24704861111111107 0.1053125
4 0.904050925925926 0.5074479166666667 0.1918981481481481 0.13406249999999992
5 0.08929398148148149 0.6434375 0.12482638888888889 0.12989583333333332
5 0.5033564814814815 0.9024999999999999 0.153125 0.09437500000000014
4 0.8831886574074075 0.7002604166666666 0.21666666666666679 0.12666666666666657
0 0.4731481481481481 0.718125 0.1945601851851851 0.16104166666666658