6 0.75703125 0.71484375 0.27890625 0.2203125
6 0.9359375 0.9265625 0.128125 0.125
6 0.6671875 0.96640625 0.178125 0.0671875
6 0.50234375 0.9734375 0.14140625 0.053125
6 0.60546875 0.84296875 0.2078125 0.1515625
6 0.72421875 0.825 0.16328125 0.078125
2 0.22890625 0.19921875 0.296875 0.121875
2 0.88828125 0.390625 0.22265625 0.12421875
2 0.7265625 0.4140625 0.16015625 0.10234375
6 0.40546875 0.6140625 0.3828125 0.1984375
6 0.15234375 0.82890625 0.3046875 0.24296875
6 0.94375 0.71171875 0.1125 0.1375
6 0.9375 0.53828125 0.125 0.08671875
4 0.59453125 0.3546875 0.18828125 0.071875
4 0.92109375 0.13671875 0.1578125 0.09296875
5 0.56484375 0.09453125 0.18828125 0.1140625
5 0.6921875 0.16015625 0.1234375 0.09609375
5 0.853125 0.059375 0.22578125 0.0828125
4 0.06015625 0.32578125 0.1203125 0.240625