6 0.6046875 0.759375 0.11015625 0.0890625
6 0.50859375 0.828125 0.0828125 0.07578125
3 0.940625 0.91015625 0.09375 0.12109375
3 0.88125 0.93671875 0.06796875 0.09453125
3 0.8359375 0.975 0.084375 0.05
3 0.69140625 0.96171875 0.0859375 0.0765625
3 0.0921875 0.85 0.0796875 0.07265625
3 0.18671875 0.8234375 0.0671875 0.0578125
3 0.340625 0.7890625 0.08125 0.04375
3 0.28984375 0.75859375 0.10625 0.05390625
3 0.28671875 0.71015625 0.08984375 0.0671875
3 0.05546875 0.646875 0.06875 0.0546875
3 0.1421875 0.69921875 0.04453125 0.04921875
3 0.23359375 0.65234375 0.05859375 0.04296875
3 0.20625 0.60390625 0.03828125 0.053125
3 0.04140625 0.5671875 0.08046875 0.0890625
3 0.21875 0.4625 0.071875 0.03359375
3 0.028125 0.12421875 0.05625 0.08984375
3 0.0484375 0.1875 0.096875 0.0375
3 0.2140625 0.3546875 0.1125 0.078125
3 0.26484375 0.4109375 0.04765625 0.053125
3 0.2875 0.490625 0.03671875 0.05
6 0.41015625 0.69296875 0.04375 0.034375
3 0.41015625 0.65703125 0.06171875 0.02890625
3 0.39375 0.625 0.05546875 0.03359375
3 0.37734375 0.47109375 0.0546875 0.07421875
3 0.46015625 0.3578125 0.053125 0.07265625
3 0.29296875 0.278125 0.03828125 0.05390625
3 0.384375 0.13046875 0.04609375 0.05234375
3 0.37421875 0.20546875 0.02890625 0.05
3 0.35546875 0.31640625 0.0453125 0.06328125
3 0.4640625 0.140625 0.046875 0.08359375
3 0.5046875 0.0453125 0.03984375 0.08125
3 0.58828125 0.0421875 0.0546875 0.084375
3 0.64375 0.14453125 0.04296875 0.075
3 0.5453125 0.190625 0.11796875 0.10703125
3 0.603125 0.32421875 0.07421875 0.11328125
3 0.54140625 0.43203125 0.059375 0.06328125
3 0.65625 0.63671875 0.08984375 0.1375
3 0.50859375 0.64140625 0.08046875 0.06953125
3 0.4984375 0.721875 0.06640625 0.0875
3 0.90859375 0.81640625 0.05703125 0.0765625
3 0.94375 0.734375 0.07890625 0.10078125
3 0.97265625 0.64609375 0.0546875 0.0828125
3 0.82109375 0.215625 0.08984375 0.11484375
3 0.959375 0.22734375 0.08125 0.121875
3 0.9359375 0.428125 0.12734375 0.10703125
3 0.946875 0.54609375 0.0609375 0.0984375