3 0.553125 0.16875 0.109375 0.12265625
3 0.43515625 0.29453125 0.07421875 0.08125
3 0.52265625 0.10234375 0.10546875 0.109375
3 0.8515625 0.28984375 0.14921875 0.11484375
3 0.86640625 0.20859375 0.11796875 0.103125
3 0.73359375 0.1921875 0.0625 0.0734375
3 0.7609375 0.23515625 0.0765625 0.05
3 0.7 0.04375 0.04921875 0.04140625
3 0.4453125 0.01796875 0.0484375 0.0359375
3 0.43671875 0.065625 0.06328125 0.06328125
3 0.3765625 0.33046875 0.09609375 0.09453125
3 0.20078125 0.3078125 0.071875 0.0625
3 0.31484375 0.33984375 0.0546875 0.05625
3 0.39375 0.39296875 0.11171875 0.06796875
3 0.78046875 0.37421875 0.07890625 0.071875
3 0.64921875 0.4609375 0.0875 0.04921875
3 0.3765625 0.73359375 0.0921875 0.05859375
3 0.246875 0.81953125 0.059375 0.05625
3 0.15703125 0.53046875 0.18046875 0.1359375
3 0.7234375 0.7921875 0.10625 0.0609375
3 0.8015625 0.9125 0.13359375 0.0671875
0 0.14375 0.84453125 0.109375 0.08125
3 0.9421875 0.75078125 0.11484375 0.0921875
3 0.8875 0.83359375 0.17109375 0.0875