5 0.10234375 0.071875 0.2046875 0.1125
1 0.803125 0.553125 0.1984375 0.11328125
5 0.1234375 0.1890625 0.2296875 0.1
4 0.4171875 0.74453125 0.11015625 0.1046875
1 0.553125 0.86640625 0.2921875 0.18046875
1 0.853125 0.396875 0.12109375 0.13828125
1 0.771875 0.29296875 0.20390625 0.1421875
1 0.4640625 0.25625 0.2 0.153125
1 0.3984375 0.4109375 0.3234375 0.13203125
1 0.30546875 0.515625 0.34375 0.15703125
4 0.24140625 0.8 0.32578125 0.24453125
1 0.46328125 0.05859375 0.2546875 0.11640625
1 0.31328125 0.17109375 0.2609375 0.109375