6 0.49640625 0.22265625 0.29468750000000005 0.4453125
6 0.13640625 0.4385706018518518 0.2728125 0.6916087962962963
6 0.022760416666666665 0.9297743055555555 0.04552083333333333 0.1390625
6 0.41942708333333334 0.465306712962963 0.23552083333333335 0.3999421296296296
6 0.7110937500000001 0.7779224537037036 0.4253125000000001 0.3945023148148149
5 0.8202604166666667 0.48475115740740743 0.1607291666666665 0.2833912037037038
6 0.5349479166666666 0.46258680555555554 0.1642708333333333 0.2429976851851851
4 0.17036458333333335 0.9047164351851851 0.08656250000000001 0.17621527777777785
6 0.29416666666666663 0.8128472222222222 0.12854166666666664 0.22141203703703702
5 0.25921875 0.5070891203703705 0.15374999999999997 0.20208333333333323
5 0.2644270833333333 0.04506655092592592 0.13562500000000002 0.09013310185185185
5 0.8901041666666668 0.12679398148148147 0.18760416666666657 0.2189236111111111
5 0.9202083333333334 0.10263310185185186 0.13145833333333315 0.20526620370370371
5 0.70515625 0.13052662037037038 0.06624999999999996 0.1520833333333333
3 0.8234942578125001 0.8746763453125 0.8441785265625 0.8503025578125 0.849654684375 0.8453766984375 0.8594881171875001 0.8417692859375 0.8741123703125 0.8271525203125 0.8774777234375 0.8258284578125 0.8815186531249999 0.8312714906249999 0.882670659375 0.8407270453125 0.8892646390625 0.8476493421875 0.8931210703125 0.8479883375 0.8983785484375 0.8403510437499999 0.9011073921874999 0.8295254796875 0.90092289375 0.824421440625 0.8982390609375001 0.814078328125 0.8874001171874999 0.7979761625 0.8752529093750001 0.7833560687500001 0.8656001515625 0.7743168500000001 0.86480738125 0.775752975 0.8497848328125001 0.7822124703125 0.8321262203125 0.7930033125 0.82384903125 0.795789278125 0.8121771890625 0.8019501124999999 0.79964909375 0.8139904828125 0.7878551703125 0.8286963390625001 0.7862159109375 0.835328396875 0.7798297828125 0.8498936015625 0.7748740015625 0.8544317140625 0.7727583140625 0.8583753140624999 0.7726801828125 0.8638441265625 0.77512091875 0.8731848093749999 0.77598099375 0.88505594375 0.7826471609375 0.9049436984374999 0.7874710984375 0.9096342078124999 0.7908120359375 0.9100191499999999 0.7947026484374999 0.9079655375 0.8036027625 0.8976140062500001 0.8115158375 0.8842781609375001 0.8234942578125001 0.8746763453125