3 0.5210069444444445 0.20252314814814815 0.08503472222222222 0.10490740740740741
3 0.5497569444444445 0.26742476851851854 0.07472222222222218 0.06216435185185185
0 0.5475 0.3765219907407408 0.45093750000000005 0.2092939814814815
4 0.796701388888889 0.5992881944444445 0.40659722222222217 0.3168171296296297
4 0.4803819444444445 0.5863252314814815 0.3238194444444444 0.17679398148148132
3 0.39612847222222225 0.5165740740740741 0.0593055555555555 0.07061342592592582
2 0.32612847222222224 0.2807002314814815 0.16274305555555557 0.09078703703703699
2 0.5804340277777778 0.8882233796296296 0.3929513888888888 0.22355324074074084
2 0.8890625 0.944375 0.221875 0.11125000000000007
4 0.2905034722222222 0.8778819444444445 0.24781250000000005 0.24423611111111115
4 0.068125 0.5025983796296296 0.11756944444444446 0.16457175925925932
2 0.10069444444444445 0.24783564814814815 0.19395833333333332 0.16129629629629633