3 0.5032233796296296 0.9136863425925927 0.18746527777777774 0.13790509259259237
3 0.4470543981481482 0.835474537037037 0.12071759259259274 0.09021990740740726
3 0.4232696759259259 0.7895833333333334 0.17402777777777773 0.0953125
3 0.7328703703703704 0.7874710648148148 0.10253472222222229 0.12540509259259255
3 0.6014641203703703 0.939670138888889 0.09193287037037035 0.05173611111111107
3 0.9289988425925927 0.805931712962963 0.04774305555555571 0.0953125
3 0.8887499999999999 0.6826967592592592 0.14194444444444443 0.08009259259259256
3 0.8949652777777779 0.5515046296296295 0.1504398148148148 0.17083333333333323
2 0.45215856481481487 0.6177951388888889 0.215949074074074 0.11869212962962976
3 0.3556655092592592 0.6938657407407407 0.16247685185185184 0.16348379629629636
3 0.7054282407407408 0.592824074074074 0.060405092592592524 0.04589120370370381
3 0.7312384259259259 0.525607638888889 0.05746527777777786 0.04890046296296298
3 0.6546064814814815 0.5822337962962962 0.08549768518518519 0.048379629629629585
3 0.8275462962962964 0.3474247685185185 0.07392361111111115 0.06354166666666669
3 0.7515914351851851 0.11637731481481481 0.1174074074074074 0.08697916666666665
3 0.3182581018518519 0.27274305555555556 0.05645833333333332 0.05821759259259256
3 0.11704282407407407 0.43220486111111106 0.07042824074074075 0.05717592592592595
3 0.21787615740740743 0.5196759259259259 0.07356481481481483 0.08379629629629619
3 0.48654513888888895 0.16906828703703702 0.07428240740740755 0.04328703703703703
3 0.5903645833333334 0.1535300925925926 0.06886574074074084 0.05711805555555553
3 0.6501099537037037 0.1450810185185185 0.05296296296296301 0.05185185185185186
3 0.5714583333333334 0.09108796296296295 0.05471064814814817 0.055034722222222235
3 0.6236226851851852 0.07902199074074075 0.08597222222222207 0.08269675925925926
3 0.7138946759259259 0.05674189814814815 0.14721064814814824 0.1134837962962963
3 0.8918807870370371 0.05358796296296296 0.12046296296296291 0.10717592592592592
3 0.6724594907407407 0.5309027777777777 0.04974537037037034 0.05017361111111107
3 0.20168981481481482 0.6481192129629629 0.0819212962962963 0.06695601851851851
3 0.24081597222222223 0.6061342592592592 0.07870370370370372 0.06527777777777785
0 0.20254050925925923 0.6995370370370371 0.07971064814814817 0.05596064814814809