3 0.8805208333333333 0.7407696759259259 0.14791666666666642 0.23443287037037025
3 0.7357291666666667 0.7882581018518519 0.22281249999999986 0.21396990740740734
3 0.4569791666666667 0.907494212962963 0.08552083333333335 0.06887731481481474
3 0.39364583333333336 0.8419907407407408 0.06520833333333335 0.09101851851851847
3 0.4642708333333333 0.8214641203703703 0.10791666666666658 0.12467592592592602
3 0.27838541666666666 0.8667187500000001 0.06864583333333334 0.07254629629629647
3 0.21125 0.7065046296296297 0.2484375 0.22482638888888892
3 0.13088541666666667 0.8147627314814816 0.14302083333333332 0.1376504629629629
3 0.15703125 0.9011458333333333 0.08739583333333334 0.07365740740740741
3 0.13375 0.9585532407407407 0.09145833333333334 0.06456018518518505
3 0.5692708333333333 0.5537789351851852 0.43395833333333333 0.43969907407407405
3 0.46807291666666667 0.6827256944444444 0.07302083333333335 0.11482638888888878
3 0.56515625 0.8139293981481481 0.1397916666666667 0.15924768518518526
3 0.7014583333333333 0.09444444444444444 0.21416666666666676 0.18888888888888888
3 0.5601041666666667 0.021076388888888888 0.12666666666666657 0.042152777777777775
3 0.14596354166666667 0.19745370370370371 0.29192708333333334 0.305
3 0.10124999999999999 0.4192534722222222 0.20249999999999999 0.33024305555555566
3 0.32015625 0.28684606481481484 0.13812499999999997 0.18093750000000003
3 0.4229166666666667 0.34456597222222224 0.0828125 0.12163194444444443
3 0.7665104166666666 0.44326388888888885 0.12874999999999998 0.11034722222222229
3 0.7678645833333334 0.2828819444444445 0.10083333333333329 0.13515046296296296
3 0.16302083333333334 0.6011979166666667 0.18270833333333333 0.12599537037037045
3 0.9089583333333333 0.5710011574074074 0.10729166666666679 0.13864583333333336