6 0.5094212962962963 0.3588657407407407 0.3189699074074074 0.24758101851851855
5 0.9751446759259259 0.6452314814814815 0.049710648148148094 0.1490277777777777
5 0.8380555555555557 0.33611111111111114 0.14274305555555528 0.13225694444444444
5 0.5164525462962963 0.7808506944444444 0.284236111111111 0.18016203703703706
5 0.9753414351851852 0.7640046296296296 0.04931712962962962 0.13032407407407404
6 0.56796875 0.9453761574074073 0.3177662037037038 0.10387731481481488
6 0.6088483796296297 0.09424189814814815 0.6395717592592594 0.1884837962962963
6 0.37884259259259256 0.2371296296296296 0.32012731481481477 0.23978009259259264
6 0.15535300925925927 0.5693807870370371 0.2664699074074074 0.2893634259259258
2 0.45133680555555555 0.6555034722222223 0.12673611111111108 0.09465277777777778
6 0.7466087962962963 0.547025462962963 0.3689004629629629 0.3369791666666666
2 0.34630208333333334 0.7852372685185186 0.14871527777777782 0.06670138888888885
6 0.1857986111111111 0.8098726851851852 0.18594907407407407 0.0919675925925926
4 0.14607638888888888 0.9180208333333333 0.052997685185185175 0.05818287037037031
5 0.1752314814814815 0.967824074074074 0.08449074074074074 0.06310185185185198
5 0.5863194444444444 0.8772453703703704 0.20704861111111122 0.1374189814814816
5 0.9372627314814814 0.5447685185185185 0.12547453703703723 0.09789351851851862
4 0.37175925925925923 0.25125000000000003 0.3696990740740741 0.2620138888888889
4 0.6160416666666666 0.09732060185185185 0.6289583333333333 0.1946412037037037