3 0.6746006944444444 0.38191550925925927 0.21833333333333335 0.28715277777777787
3 0.5806770833333333 0.9140335648148149 0.24003472222222227 0.1096643518518519
3 0.714670138888889 0.8249421296296295 0.22204861111111107 0.265625
3 0.20168402777777777 0.25234375 0.22482638888888892 0.18796296296296297
3 0.26727430555555554 0.42306134259259254 0.11753472222222214 0.15665509259259275
3 0.4817013888888889 0.25668402777777777 0.048958333333333395 0.05034722222222223
3 0.42020833333333335 0.040610532407407404 0.05687499999999997 0.08122106481481481
3 0.27177083333333335 0.04806134259259259 0.08826388888888888 0.09375
3 0.11291666666666667 0.6359375 0.17375000000000002 0.125
3 0.43211805555555555 0.8341145833333332 0.06611111111111115 0.08587962962962976
3 0.6123611111111111 0.047164351851851846 0.14347222222222217 0.09432870370370369
3 0.98125 0.03622685185185185 0.0375 0.0724537037037037
3 0.7887847222222223 0.2527488425925926 0.1794791666666667 0.21886574074074075