0 0.6848611111111111 0.4505902777777777 0.18062499999999987 0.3272916666666667
5 0.7639583333333333 0.7251388888888888 0.1344444444444445 0.21694444444444444
6 0.1484201388888889 0.6723784722222222 0.22902777777777777 0.2565277777777778
5 0.35223958333333333 0.43460069444444444 0.11072916666666668 0.1336458333333333
4 0.4132638888888889 0.22100694444444446 0.3515972222222222 0.43104166666666666
4 0.14725694444444443 0.3026388888888889 0.2940625 0.3017013888888889
5 0.8398784722222222 0.9214236111111112 0.11795138888888879 0.15715277777777778
2 0.6350868055555556 0.6151909722222222 0.09777777777777778 0.11305555555555565
2 0.6609201388888889 0.9299826388888889 0.054201388888888855 0.04961805555555543
5 0.4729513888888889 0.5248263888888889 0.0828125 0.07211805555555557
6 0.30866319444444446 0.03890625 0.15142361111111108 0.06739583333333334
5 0.38482638888888887 0.6565277777777778 0.10447916666666668 0.13350694444444428
5 0.27432291666666664 0.4586631944444444 0.1943402777777778 0.1714236111111111
0 0.9484027777777777 0.4798958333333333 0.09187499999999993 0.4096527777777778