3 0.03146701388888889 0.34696180555555556 0.06293402777777778 0.12652777777777774
3 0.14215856481481481 0.8272743055555555 0.1111689814814815 0.09302083333333329
3 0.17864583333333334 0.4754513888888889 0.055787037037037024 0.07305555555555561
3 0.41160300925925924 0.3500520833333334 0.13634259259259257 0.09826388888888893
3 0.13793402777777777 0.5613368055555555 0.0723958333333333 0.0578125
3 0.15677083333333333 0.6016319444444445 0.05989583333333335 0.057534722222222355
3 0.2680266203703704 0.48994791666666665 0.05283564814814819 0.07767361111111111
3 0.2818287037037037 0.7295138888888889 0.2630787037037036 0.19006944444444435
3 0.24184027777777778 0.5636458333333334 0.11875 0.08694444444444435
3 0.5066840277777779 0.18953124999999998 0.10347222222222215 0.05381944444444442
3 0.430787037037037 0.21208333333333335 0.09866898148148148 0.05059027777777771
3 0.3546585648148148 0.19866319444444444 0.09305555555555553 0.06763888888888889
3 0.6145833333333334 0.46402777777777776 0.14369212962962977 0.12809027777777776
3 0.5822337962962962 0.5563541666666667 0.12609953703703702 0.0746180555555556
3 0.5280960648148147 0.6880729166666667 0.15798611111111108 0.09250000000000007
3 0.6721643518518519 0.6615624999999999 0.06828703703703702 0.115486111111111
3 0.8320601851851851 0.6510416666666667 0.09120370370370381 0.059791666666666646
3 0.9102141203703702 0.6942187499999999 0.11585648148148167 0.05097222222222229
3 0.7703414351851852 0.5018923611111111 0.05584490740740744 0.11677083333333335
3 0.6344618055555555 0.15953124999999999 0.09594907407407405 0.0614583333333333
3 0.6312210648148148 0.24703124999999998 0.07204861111111108 0.0484375
3 0.6905381944444444 0.038802083333333334 0.05428240740740744 0.03243055555555555
3 0.7956597222222223 0.13496527777777775 0.12928240740740743 0.07625000000000001
3 0.7724826388888889 0.2751909722222222 0.05335648148148131 0.049583333333333354
3 0.9458622685185185 0.25949652777777776 0.06950231481481488 0.0639930555555555
3 0.8329861111111111 0.499375 0.03287037037037024 0.08659722222222221
3 0.89609375 0.526579861111111 0.06851851851851834 0.07958333333333342
3 0.9389467592592592 0.40399305555555554 0.055497685185185476 0.06524305555555561
3 0.9580150462962962 0.5224826388888889 0.04866898148148167 0.04947916666666678
3 0.9243344907407408 0.1440798611111111 0.05630787037037024 0.04496527777777777
3 0.8605613425925925 0.21928819444444442 0.0471643518518519 0.051006944444444445
3 0.8323495370370371 0.1365625 0.0549768518518519 0.05118055555555552