5 0.4846354166666667 0.2885532407407408 0.12116898148148145 0.13611111111111107
4 0.09734374999999999 0.9072974537037037 0.18207175925925925 0.18540509259259252
0 0.7312905092592592 0.4579050925925926 0.25270833333333337 0.4113773148148148
0 0.4450289351851852 0.7763483796296297 0.3743171296296296 0.44730324074074074
4 0.7343344907407408 0.09138310185185185 0.1344560185185184 0.1628587962962963
5 0.32696759259259256 0.36046875 0.1723263888888889 0.17591435185185186
5 0.5454976851851852 0.5294039351851852 0.15539351851851854 0.2896759259259259
5 0.12500578703703705 0.3973379629629629 0.16106481481481483 0.1648148148148148
5 0.24695023148148149 0.5023148148148149 0.08527777777777779 0.13714120370370358
2 0.8268287037037038 0.05601851851851851 0.07759259259259252 0.08861111111111111
2 0.8479861111111111 0.1860763888888889 0.044085648148148235 0.06468750000000001
1 0.899537037037037 0.5565335648148148 0.06758101851851847 0.11969907407407412