0 0.2209201388888889 0.24147569444444444 0.4389236111111111 0.3517013888888889
5 0.9028472222222221 0.5280497685185186 0.18069444444444435 0.11826388888888886
4 0.5039930555555555 0.6439756944444445 0.27854166666666663 0.23373842592592595
5 0.8445138888888888 0.4334664351851852 0.19826388888888893 0.13570601851851852
5 0.36345486111111114 0.3294965277777778 0.1408333333333333 0.08174768518518523
5 0.48862847222222217 0.8663310185185186 0.16173611111111122 0.10861111111111121
5 0.6780381944444445 0.2521527777777778 0.21350694444444435 0.11875
5 0.15496527777777777 0.6122511574074074 0.2444097222222222 0.1738773148148148
5 0.8983680555555555 0.2210532407407407 0.11145833333333358 0.09537037037037041
5 0.51078125 0.4574189814814815 0.3400347222222223 0.1893518518518519
5 0.34640624999999997 0.40578125 0.14423611111111115 0.09429398148148156
5 0.22553819444444442 0.4492881944444445 0.15666666666666665 0.09135416666666671
4 0.04897569444444445 0.44667245370370373 0.07989583333333333 0.08084490740740743
0 0.6076041666666667 0.17535300925925926 0.1235069444444445 0.07524305555555552
0 0.6242881944444445 0.047517361111111114 0.0780555555555555 0.06832175925925925
4 0.24329861111111112 0.8970601851851852 0.15548611111111113 0.17880787037037038
5 0.3289236111111111 0.9871701388888889 0.07097222222222221 0.025659722222222216
3 0.7990104166666667 0.5296354166666667 0.03833333333333329 0.03805555555555564
3 0.7614236111111111 0.3845949074074074 0.03545138888888886 0.04894675925925931
3 0.7848090277777777 0.10144097222222222 0.03375000000000004 0.04267361111111114
5 0.8644791666666667 0.03155092592592593 0.06645833333333329 0.03847222222222223
5 0.5533506944444444 0.053495370370370374 0.1252083333333333 0.08151620370370369
5 0.4700347222222222 0.27562499999999995 0.08888888888888893 0.06379629629629627
5 0.16666666666666669 0.7873668981481481 0.05743055555555556 0.05395833333333329
5 0.6737847222222222 0.3419039351851852 0.15496527777777783 0.08508101851851854