6 0.29866319444444445 0.13515625 0.5973032407407407 0.2703125
6 0.88125 0.03666087962962963 0.2375 0.07332175925925925
6 0.4963252314814815 0.43486689814814816 0.48291666666666655 0.24282407407407405
4 0.13810763888888888 0.393431712962963 0.27140046296296294 0.15688657407407405
6 0.07603587962962963 0.8755497685185185 0.14065972222222223 0.22077546296296297
5 0.8213425925925926 0.8471643518518519 0.30880787037037044 0.14577546296296298
4 0.8780497685185186 0.590306712962963 0.21618055555555565 0.08298611111111107
5 0.537980324074074 0.5724247685185185 0.15878472222222229 0.13709490740740743
0 0.9397164351851852 0.4754918981481482 0.07886574074074063 0.10289351851851851
5 0.7386574074074075 0.656423611111111 0.16774305555555563 0.08119212962962977
5 0.7132581018518518 0.7089409722222222 0.16615740740740748 0.07800925925925917