5 0.513125 0.789236111111111 0.8470833333333333 0.42152777777777783
6 0.45380208333333333 0.21116319444444445 0.3669791666666667 0.16885416666666667
4 0.6180729166666666 0.19994791666666667 0.24937500000000004 0.1834027777777778
4 0.6461979166666667 0.41182291666666665 0.27927083333333336 0.14038194444444443
6 0.7347916666666666 0.49124999999999996 0.35354166666666664 0.15451388888888892
5 0.4761458333333334 0.5919097222222222 0.3872916666666667 0.14590277777777771
6 0.02385416666666667 0.5305902777777778 0.04770833333333334 0.05493055555555557
6 0.067734375 0.6653125 0.13546875 0.12093749999999996
6 0.200625 0.6170833333333332 0.14968750000000003 0.06885416666666658
5 0.13786458333333335 0.5022395833333333 0.18864583333333332 0.06815972222222229
5 0.14395833333333333 0.5516666666666666 0.14312500000000003 0.0874305555555555
5 0.20854166666666668 0.46312499999999995 0.17375 0.17236111111111113
5 0.4333854166666667 0.4939409722222223 0.11343750000000004 0.08677083333333328
5 0.4097395833333334 0.3557118055555556 0.13531250000000003 0.06385416666666668
0 0.18932291666666667 0.23501736111111113 0.15687500000000001 0.10645833333333332
0 0.12666666666666665 0.2594444444444445 0.1229166666666667 0.041736111111111106
5 0.15510416666666665 0.32579861111111114 0.2598958333333333 0.17739583333333328
0 0.05479166666666666 0.35173611111111114 0.08812500000000001 0.05812499999999998
5 0.06208333333333334 0.1389409722222222 0.12416666666666668 0.11225694444444442
0 0.5126041666666667 0.06850694444444445 0.12958333333333344 0.07152777777777777
5 0.73109375 0.08901041666666668 0.3190625000000001 0.1521875
5 0.8510937500000001 0.38977430555555553 0.16260416666666658 0.09878472222222223
6 0.6018229166666667 0.6432118055555556 0.18697916666666678 0.11336805555555554
6 0.85765625 0.54953125 0.22531250000000008 0.1735069444444445
6 0.4979166666666666 0.9626649305555557 0.11510416666666679 0.07467013888888871
6 0.11197916666666666 0.9139930555555555 0.13895833333333335 0.09513888888888893
4 0.2684375 0.8087152777777777 0.1703125 0.12079861111111115
0 0.18453125 0.7411284722222222 0.1441666666666667 0.07965277777777793
4 0.06104166666666666 0.9558159722222221 0.12208333333333332 0.08836805555555571