6 0.8063657407407409 0.5849479166666667 0.38726851851851835 0.8301041666666666
6 0.8655092592592591 0.16109374999999998 0.2685185185185183 0.2246875
6 0.6627025462962963 0.28828125 0.10804398148148149 0.22020833333333334
6 0.6590277777777779 0.5010416666666666 0.10769675925925917 0.17354166666666657
6 0.6038773148148149 0.7640104166666667 0.09097222222222215 0.13666666666666671
3 0.6260416666666666 0.7273958333333332 0.052604166666666785 0.10145833333333343
0 0.5815972222222221 0.61015625 0.048784722222222146 0.09187499999999993
4 0.5905671296296295 0.45838541666666666 0.08350694444444429 0.09885416666666665
3 0.5209201388888889 0.8090104166666666 0.11400462962962976 0.06979166666666678
6 0.3805555555555556 0.7926562500000001 0.16261574074074076 0.3482291666666667
5 0.2938078703703704 0.9766145833333333 0.11678240740740745 0.04677083333333343
4 0.11336805555555556 0.5649479166666667 0.1619212962962963 0.2548958333333333
4 0.09470486111111112 0.7642708333333333 0.0765625 0.21499999999999986
6 0.22960069444444448 0.7592708333333335 0.07557870370370363 0.13874999999999993
6 0.3005787037037037 0.6575 0.04409722222222223 0.13354166666666673
6 0.4012731481481482 0.5476041666666667 0.09039351851851851 0.17083333333333323
4 0.4745081018518519 0.77015625 0.16423611111111108 0.16020833333333329
4 0.6790798611111112 0.9700520833333333 0.16163194444444445 0.05989583333333357
4 0.5136574074074074 0.95234375 0.07679398148148149 0.0921875