6 0.6947569444444446 0.4472569444444444 0.21440972222222215 0.174675925925926
6 0.3844328703703703 0.4677719907407408 0.22792824074074075 0.192511574074074
6 0.9272337962962963 0.5263020833333334 0.14553240740740742 0.07766203703703703
0 0.8389004629629631 0.619068287037037 0.2506134259259259 0.15474537037037042
4 0.23068287037037036 0.8172916666666665 0.1721064814814815 0.11796296296296305
3 0.5864409722222221 0.8668923611111111 0.05471064814814817 0.055798611111111285
3 0.4523148148148148 0.9035532407407407 0.04239583333333332 0.05827546296296297
3 0.5510358796296296 0.8214409722222221 0.05048611111111114 0.06336805555555572
3 0.43246527777777777 0.8051678240740742 0.029062500000000036 0.04356481481481467
3 0.4757118055555555 0.7069386574074074 0.03605324074074083 0.056388888888889
6 0.94234375 0.8165104166666668 0.11531249999999993 0.11130787037037031
4 0.6650289351851851 0.878755787037037 0.11197916666666678 0.07590277777777779
3 0.5165914351851851 0.9762037037037036 0.04312499999999986 0.04429398148148138
0 0.6319386574074074 0.9656423611111112 0.1908449074074074 0.06871527777777757
6 0.5927141203703703 0.6047453703703705 0.13210648148148146 0.07383101851851848
2 0.7612326388888888 0.2941550925925926 0.06978009259259252 0.047233796296296315
0 0.5520196759259258 0.33860532407407407 0.2257986111111112 0.15657407407407414
2 0.8407754629629629 0.2827025462962963 0.13791666666666663 0.11930555555555555
4 0.17383680555555553 0.7123148148148148 0.1734837962962963 0.11491898148148146
6 0.1325810185185185 0.6338483796296297 0.1401041666666667 0.07736111111111121
1 0.7755092592592592 0.7847916666666667 0.0632523148148147 0.042222222222222425
1 0.7992071759259259 0.7509722222222222 0.06251157407407426 0.02972222222222225