3 0.44775462962962964 0.20969328703703702 0.1706712962962964 0.19652777777777777
3 0.2970601851851852 0.2035300925925926 0.1552083333333334 0.1460648148148148
3 0.35423032407407407 0.7322627314814815 0.11015046296296305 0.09606481481481488
3 0.29152199074074076 0.783912037037037 0.07236111111111114 0.06348379629629619
3 0.6652314814814815 0.12725694444444444 0.09655092592592603 0.1033564814814815
3 0.6236284722222223 0.20474537037037038 0.06869212962962976 0.08049768518518521
3 0.9069733796296298 0.1504050925925926 0.12552083333333358 0.14496527777777776
3 0.8780844907407408 0.5085069444444444 0.0861574074074074 0.08582175925925917
3 0.8671122685185185 0.7461516203703704 0.09415509259259239 0.08923611111111107
3 0.4536226851851852 0.810792824074074 0.08063657407407412 0.07158564814814809
1 0.3939236111111111 0.0718894675925926 0.11348379629629628 0.1437789351851852
3 0.48684606481481474 0.6975983796296296 0.09451388888888879 0.06898148148148131
3 0.7072569444444444 0.5986111111111111 0.07898148148148146 0.06996527777777786
3 0.5145833333333334 0.967476851851852 0.06122685185185191 0.03344907407407405
3 0.8641550925925927 0.815162037037037 0.05443287037037052 0.05034722222222214
3 0.888454861111111 0.8949074074074075 0.05378472222222221 0.039409722222222145
3 0.29148726851851847 0.704050925925926 0.0885416666666666 0.0734375
3 0.6654976851851852 0.739525462962963 0.09350694444444443 0.07829861111111107