5 0.07337384259259258 0.3989178240740741 0.10384259259259258 0.13116898148148143
5 0.02675925925925926 0.16447916666666668 0.05351851851851852 0.14458333333333334
5 0.803923611111111 0.1432175925925926 0.13527777777777777 0.13788194444444443
4 0.7981944444444444 0.07278935185185184 0.16298611111111114 0.12423611111111113
5 0.6313252314814815 0.08594907407407407 0.1967245370370371 0.1559722222222222
5 0.3478935185185185 0.1817939814814815 0.11451388888888889 0.17505787037037038
6 0.5090277777777777 0.4413252314814815 0.06224537037037035 0.09775462962962962
5 0.26828703703703705 0.23063657407407406 0.08164351851851848 0.11990740740740743
5 0.43927083333333333 0.4215335648148148 0.06900462962962965 0.11503472222222229
4 0.8790682870370372 0.6406423611111112 0.21788194444444428 0.4483449074074075
4 0.49417824074074074 0.25664930555555554 0.12164351851851851 0.20483796296296292
4 0.4278356481481481 0.17438078703703702 0.13137731481481474 0.164375
5 0.2773148148148148 0.4535243055555556 0.10273148148148152 0.09366898148148159
5 0.16544560185185186 0.40418981481481475 0.14681712962962962 0.15835648148148138
1 0.09617476851851851 0.15696180555555556 0.14967592592592593 0.20212962962962963
5 0.6001273148148148 0.37389467592592596 0.07047453703703699 0.11193287037037028
5 0.4206828703703704 0.31027199074074074 0.08858796296296294 0.14343750000000002