3 0.8430208333333333 0.3859375 0.31395833333333345 0.440625
3 0.85625 0.0234375 0.090625 0.046875
3 0.7113541666666666 0.08828125 0.3258333333333333 0.1765625
3 0.45796875000000004 0.40078125 0.18583333333333343 0.1625
3 0.5577083333333334 0.1390625 0.1486458333333333 0.1203125
3 0.591875 0.3 0.10427083333333335 0.0875
3 0.7321354166666667 0.34140625 0.40625 0.3515625
3 0.7845833333333333 0.95234375 0.11531249999999993 0.0421875
3 0.9199739583333333 0.9125 0.16005208333333343 0.0640625
3 0.5844791666666668 0.9625 0.2612500000000001 0.075
3 0.4421354166666666 0.79609375 0.21656250000000005 0.225
3 0.43624999999999997 0.9421875 0.12531250000000008 0.0984375
3 0.2740104166666667 0.80546875 0.25687499999999996 0.24375
3 0.23192708333333334 0.9828125 0.12260416666666663 0.034375
3 0.1722395833333333 0.21640625 0.2890625 0.2109375
3 0.40427083333333336 0.1109375 0.3241666666666667 0.221875
3 0.29416666666666663 0.3109375 0.29041666666666666 0.2078125
3 0.840625 0.65625 0.11927083333333321 0.125
3 0.9075 0.1359375 0.0828125 0.1171875