3 0.7796875 0.078125 0.33125 0.15625
3 0.49609375 0.03984375 0.09296875 0.0796875
3 0.45078125 0.31171875 0.15234375 0.075
6 0.1703125 0.22734375 0.340625 0.4546875
3 0.9375 0.7375 0.11875 0.13671875
3 0.97109375 0.515625 0.0578125 0.103125
3 0.896875 0.415625 0.075 0.13828125
3 0.95 0.9515625 0.1 0.096875
3 0.4546875 0.7109375 0.08515625 0.10234375
3 0.515625 0.9265625 0.06328125 0.09140625
3 0.35625 0.834375 0.05859375 0.078125
3 0.275 0.7578125 0.04296875 0.034375
3 0.21484375 0.7765625 0.08828125 0.08359375
3 0.2921875 0.64140625 0.04453125 0.0515625
3 0.1296875 0.696875 0.04765625 0.0390625
3 0.0203125 0.7328125 0.040625 0.071875
3 0.03515625 0.67109375 0.0578125 0.05234375
3 0.0515625 0.56640625 0.10234375 0.0953125
3 0.2515625 0.53203125 0.04296875 0.04921875
3 0.30703125 0.8703125 0.05703125 0.04296875
3 0.4828125 0.234375 0.059375 0.07265625
2 0.93515625 0.2234375 0.1296875 0.30625
4 0.86796875 0.5953125 0.228125 0.1375