2 0.785787037037037 0.8186574074074073 0.27527777777777784 0.2900925925925925
2 0.7130266203703703 0.8995659722222221 0.3453819444444445 0.13945601851851847
2 0.9234201388888887 0.29806134259259254 0.13225694444444472 0.2967013888888889
2 0.8894560185185185 0.4572106481481481 0.17879629629629648 0.20250000000000004
6 0.8685937499999999 0.6491840277777777 0.16230324074074076 0.15489583333333332
6 0.2401273148148148 0.4028356481481481 0.3293171296296296 0.28042824074074063
6 0.4828530092592592 0.605295138888889 0.41262731481481474 0.3844791666666666
6 0.01489583333333333 0.7561516203703704 0.02979166666666666 0.19707175925925924
6 0.01669560185185185 0.5960763888888889 0.0333912037037037 0.13597222222222224
6 0.09027777777777778 0.8700289351851852 0.18055555555555555 0.16931712962962955
6 0.2344733796296296 0.6921932870370371 0.39037037037037037 0.34592592592592586
6 0.46622106481481485 0.8960011574074074 0.2548958333333333 0.1674884259259258
6 0.06420138888888889 0.42822337962962964 0.12840277777777778 0.15917824074074077
0 0.6515393518518519 0.46253472222222225 0.41989583333333336 0.3443402777777777
4 0.3450636574074074 0.1528761574074074 0.5223726851851852 0.3057523148148148
6 0.10195023148148148 0.12249421296296296 0.12162037037037039 0.12162037037037035
5 0.793443287037037 0.25026041666666665 0.2597453703703703 0.17085648148148147
6 0.9557175925925925 0.11094907407407406 0.08094907407407419 0.17872685185185183
6 0.7606828703703703 0.06313657407407407 0.17094907407407406 0.12627314814814813
4 0.3771412037037037 0.29989583333333336 0.45613425925925927 0.38206018518518514