3 0.9097511574074074 0.37310763888888887 0.1804976851851851 0.20385416666666673
3 0.9053674768518519 0.8519965277777779 0.1892650462962962 0.115763888888889
3 0.982638888888889 0.7842881944444444 0.03472222222222214 0.15746527777777786
3 0.5506365740740741 0.8801388888888889 0.27905092592592595 0.20583333333333337
3 0.1574363425925926 0.6800694444444445 0.2442708333333333 0.23548611111111112
3 0.15717592592592594 0.5673958333333333 0.28090277777777783 0.25583333333333336
3 0.3135416666666667 0.3311631944444445 0.09369212962962958 0.08684027777777778
3 0.20703125 0.26546875 0.10532407407407404 0.10607638888888893
3 0.10465856481481481 0.2903645833333333 0.12170138888888889 0.12708333333333338
3 0.03747106481481481 0.31447916666666664 0.05642361111111112 0.13354166666666673
3 0.03642939814814815 0.22296875 0.06070601851851851 0.12281250000000003
3 0.04823495370370371 0.18253472222222222 0.08686342592592593 0.11305555555555555
3 0.1726851851851852 0.09875 0.1066550925925926 0.09989583333333334
3 0.40859375 0.9326215277777777 0.0921875 0.08833333333333329