5 0.6962094907407408 0.15671875 0.17424768518518513 0.22888888888888892
5 0.05225694444444444 0.14835069444444443 0.10451388888888888 0.17517361111111113
5 0.8976273148148148 0.7909548611111111 0.09525462962962976 0.19267361111111114
5 0.17505787037037038 0.28578125 0.1304398148148148 0.1630902777777778
5 0.3830729166666667 0.5155902777777778 0.14351851851851852 0.21350694444444435
6 0.6848090277777777 0.4577951388888889 0.2700810185185185 0.38732638888888893
6 0.9258969907407408 0.5669965277777778 0.07135416666666643 0.18538194444444436
6 0.8366319444444444 0.3319097222222222 0.1450231481481481 0.23381944444444452
6 0.7944444444444445 0.5860763888888888 0.17719907407407404 0.24770833333333328
2 0.20376157407407405 0.06647569444444444 0.06145833333333339 0.07281250000000002
2 0.23888888888888887 0.6224479166666667 0.18871527777777777 0.21395833333333342
0 0.0490162037037037 0.45276041666666667 0.0980324074074074 0.2726041666666667
6 0.4640046296296296 0.2534722222222222 0.20543981481481488 0.2925694444444444
2 0.5176215277777778 0.4442013888888889 0.11018518518518512 0.18399305555555562
1 0.2689525462962963 0.05890625000000001 0.0703125 0.08722222222222223
4 0.9239872685185185 0.5717534722222222 0.07586805555555572 0.20427083333333335