3 0.6605787037037036 0.44688657407407406 0.23229166666666662 0.28284722222222225
3 0.5797858796296296 0.9655497685185186 0.24644675925925927 0.0689004629629629
3 0.7147685185185185 0.8852488425925926 0.2340162037037036 0.22950231481481467
3 0.17383680555555556 0.28475694444444444 0.23555555555555552 0.17979166666666666
3 0.24679976851851854 0.46178240740740745 0.12460648148148153 0.15241898148148145
3 0.4601967592592592 0.307181712962963 0.051307870370370524 0.04879629629629623
3 0.3905208333333333 0.08020254629629629 0.06309027777777772 0.08949074074074075
3 0.2390972222222222 0.08142361111111111 0.0943402777777778 0.08972222222222222
3 0.11228587962962963 0.6692881944444444 0.14766203703703704 0.11979166666666678
3 0.42915509259259255 0.8902893518518518 0.07062500000000008 0.08486111111111114
3 0.585462962962963 0.07539930555555556 0.15217592592592588 0.14325231481481482
3 0.96875 0.07980902777777778 0.0625 0.14572916666666666
3 0.7727025462962962 0.32277199074074076 0.18924768518518514 0.21537037037037035