6 0.76796875 0.43903935185185194 0.4640625 0.8225
6 0.9139583333333334 0.8585763888888888 0.17208333333333314 0.2828472222222224
6 0.73125 0.7386111111111111 0.12010416666666668 0.2133217592592594
6 0.6582291666666666 0.5425231481481482 0.1171875 0.1695717592592592
6 0.5216666666666667 0.30421296296296296 0.09781250000000004 0.1358680555555555
3 0.5533333333333333 0.33543981481481483 0.05802083333333332 0.0995486111111111
0 0.5507291666666667 0.44819444444444445 0.05572916666666679 0.08853009259259252
4 0.6083333333333334 0.5882060185185185 0.08760416666666657 0.09952546296296294
3 0.42828125000000006 0.26978587962962963 0.11239583333333343 0.07434027777777778
6 0.30395833333333333 0.2968171296296297 0.18114583333333334 0.3348263888888889
5 0.15401041666666665 0.10296875000000001 0.12270833333333338 0.11224537037037034
4 0.12182291666666667 0.5310590277777777 0.18989583333333337 0.2558680555555554
4 0.05437500000000001 0.34849537037037037 0.07625 0.20949074074074076
6 0.17447916666666666 0.3399305555555555 0.0838541666666667 0.13670138888888897
6 0.27380208333333333 0.42838541666666663 0.05364583333333339 0.12734953703703694
6 0.40302083333333333 0.5215046296296297 0.09979166666666668 0.1655555555555555
4 0.3990104166666667 0.30953125000000004 0.16656250000000003 0.1627893518518519
4 0.5138020833333334 0.08114004629629631 0.16510416666666677 0.11755787037037038
4 0.37578125 0.1362673611111111 0.07937499999999993 0.09287037037037038