3 0.10590277777777776 0.3046875 0.21180555555555552 0.234375
3 0.19913194444444443 0.71953125 0.2866898148148148 0.2734375
3 0.29933449074074076 0.925 0.24120370370370364 0.1421875
3 0.4880497685185185 0.934375 0.17829861111111106 0.13125
3 0.5202835648148147 0.84453125 0.061574074074074045 0.059375
3 0.7028935185185186 0.8078125 0.14045138888888892 0.121875
3 0.6828125 0.94921875 0.13344907407407405 0.1015625
3 0.815480324074074 0.97421875 0.13003472222222215 0.0515625
3 0.8553240740740741 0.6578125 0.25590277777777787 0.4125
3 0.7505497685185185 0.259375 0.08668981481481489 0.146875
3 0.5991030092592593 0.2984375 0.1452546296296296 0.125
3 0.5237847222222223 0.05390625 0.17430555555555555 0.1078125
3 0.33061342592592596 0.03828125 0.0825231481481481 0.0765625
3 0.6552951388888889 0.5109375 0.06510416666666678 0.0703125
3 0.008478009259259258 0.39921875 0.016956018518518516 0.1953125
3 0.9246238425925926 0.2 0.09780092592592596 0.0671875
3 0.8675057870370371 0.35 0.05254629629629619 0.06875
3 0.9586226851851851 0.315625 0.06030092592592595 0.0671875
3 0.24467592592592596 0.29140625 0.12083333333333339 0.1828125
3 0.0767361111111111 0.18515625 0.0802662037037037 0.1
3 0.3877314814814815 0.26796875 0.059837962962962975 0.0546875
3 0.3229166666666667 0.28828125 0.05075231481481488 0.0625
3 0.430005787037037 0.32890625 0.05208333333333339 0.05625
3 0.396267771875 0.750622821875 0.407925065625 0.7553704390625 0.4193992625 0.7705303578125 0.42967983125 0.7773917875 0.43491176875 0.7778510109375001 0.43904214531249997 0.77597889375 0.443402109375 0.776734025 0.4552424015625 0.768834675 0.46538493281250004 0.7678627062500001 0.469790775 0.7682494203125 0.48016320312499994 0.7766086796875 0.479658453125 0.7784265875 0.482274471875 0.779773528125 0.484110171875 0.7784448859374999 0.48410996875 0.7739755640625 0.48658804843750003 0.76972376875 0.4941145609375 0.7674048578125 0.504394415625 0.7586236625 0.506275890625 0.7546919437499999 0.5100390453125 0.7512978265625 0.5144903546874999 0.7423774828124999 0.517426696875 0.72326823125 0.514029846875 0.7080724 0.5103121609375 0.7021594578125 0.510679075 0.696977475 0.5102201 0.6961923062500001 0.5076501625 0.6989462703125 0.4949824453125 0.67772251875 0.4848396078125 0.6719905046875 0.48125965624999995 0.6672069781250001 0.47983675000000003 0.6629852234375 0.47208085312500003 0.667146209375 0.42302243125 0.7168442890625 0.395395696875 0.7486840671875 0.396267771875 0.750622821875
3 0.3747395833333333 0.59765625 0.055787037037037024 0.071875
3 0.21585648148148148 0.6265625 0.04166666666666661 0.028125
3 0.18952546296296297 0.64140625 0.03072916666666665 0.028125
3 0.04837962962962963 0.95078125 0.05277777777777777 0.0328125
3 0.024551504629629628 0.5921875 0.049103009259259256 0.0390625