5 0.82109375 0.215625 0.2421875 0.103125
5 0.5453125 0.1890625 0.365625 0.20234375
4 0.58515625 0.43984375 0.29921875 0.12421875
4 0.6359375 0.94765625 0.20546875 0.10390625
4 0.346875 0.5171875 0.1796875 0.13203125
4 0.83828125 0.04765625 0.2515625 0.0953125
5 0.08984375 0.0640625 0.1796875 0.128125
5 0.15546875 0.43828125 0.26171875 0.15703125
5 0.12109375 0.5546875 0.2421875 0.08203125
5 0.184375 0.7265625 0.13046875 0.09921875
4 0.06796875 0.84765625 0.1359375 0.1609375
6 0.11796875 0.934375 0.20703125 0.13046875
6 0.87890625 0.68828125 0.2421875 0.14921875
6 0.50546875 0.69375 0.31015625 0.21328125
6 0.8171875 0.4640625 0.203125 0.109375
2 0.64921875 0.33359375 0.16171875 0.10390625