3 0.275 0.140625 0.0671875 0.06015625
3 0.53046875 0.19609375 0.05859375 0.07734375
3 0.43828125 0.19609375 0.04609375 0.0796875
3 0.45078125 0.31953125 0.053125 0.0671875
3 0.14609375 0.2109375 0.0578125 0.05859375
3 0.03828125 0.365625 0.0765625 0.03828125
3 0.41953125 0.47890625 0.05 0.0625
3 0.7828125 0.41484375 0.09921875 0.12578125
3 0.9140625 0.39453125 0.10390625 0.07890625
3 0.5875 0.4984375 0.06328125 0.09140625
3 0.5078125 0.54375 0.0546875 0.0859375
3 0.89921875 0.60390625 0.10078125 0.08984375
3 0.9671875 0.81640625 0.065625 0.1078125
3 0.94375 0.90078125 0.11171875 0.11875
3 0.5140625 0.8234375 0.0796875 0.0828125
3 0.60390625 0.8125 0.09296875 0.078125
3 0.66171875 0.8125 0.0734375 0.1015625
3 0.5375 0.9265625 0.07265625 0.06953125
0 0.8765625 0.7359375 0.1328125 0.15078125
3 0.17421875 0.5125 0.146875 0.07421875
3 0.18828125 0.46953125 0.06640625 0.05
0 0.11796875 0.26484375 0.065625 0.04140625
4 0.64453125 0.95546875 0.11953125 0.0890625