3 0.50234375 0.08828125 0.096875 0.1265625
3 0.58671875 0.3671875 0.1234375 0.0890625
3 0.69140625 0.2671875 0.06796875 0.07734375
3 0.96015625 0.2515625 0.07890625 0.2203125
3 0.94140625 0.08359375 0.1015625 0.0875
3 0.7796875 0.04765625 0.15 0.0953125
3 0.5125 0.6890625 0.14921875 0.20234375
3 0.671875 0.65859375 0.08203125 0.1015625
3 0.54921875 0.5 0.0921875 0.17265625
3 0.1046875 0.87890625 0.15546875 0.22109375
3 0.56171875 0.86875 0.11015625 0.09296875
3 0.68828125 0.83046875 0.121875 0.15390625
3 0.6109375 0.95 0.08203125 0.09921875
3 0.94765625 0.56484375 0.1046875 0.1109375
3 0.81171875 0.6890625 0.07265625 0.1
3 0.9640625 0.69921875 0.071875 0.0734375
3 0.60859375 0.27421875 0.06875 0.06640625
6 0.0984375 0.428125 0.196875 0.20546875