5 0.7928645833333334 0.5436979166666667 0.12385416666666664 0.1078125
5 0.3745833333333334 0.45958333333333334 0.11791666666666671 0.08874999999999993
5 0.5688020833333333 0.19463541666666667 0.2263541666666665 0.19864583333333333
4 0.24609375 0.22411458333333334 0.4921875 0.4482291666666667
5 0.5179166666666667 0.03619791666666667 0.3610416666666666 0.07239583333333334
0 0.7592187499999999 0.3833854166666667 0.2913541666666667 0.21697916666666667
4 0.67859375 0.29776041666666664 0.15510416666666665 0.08656249999999996
5 0.4377604166666666 0.3869270833333333 0.10812500000000007 0.08187499999999996
5 0.4809895833333334 0.45015625000000004 0.08874999999999993 0.04791666666666679
3 0.19703125 0.6728645833333333 0.044791666666666695 0.041874999999999926
4 0.60609375 0.5919270833333334 0.11458333333333322 0.10874999999999986
4 0.8311979166666668 0.8553645833333334 0.184375 0.10562499999999986
5 0.7755208333333333 0.7221875 0.10406250000000003 0.06760416666666665
5 0.64921875 0.7033854166666667 0.09697916666666657 0.0546875
2 0.08393229166666667 0.6775520833333333 0.16786458333333334 0.13770833333333332
5 0.3025 0.8175000000000001 0.09500000000000001 0.07166666666666685
5 0.21713541666666666 0.8729687500000001 0.11447916666666665 0.06052083333333336
5 0.41000000000000003 0.8150000000000001 0.11427083333333332 0.057395833333333354
5 0.49609375 0.8652604166666666 0.11687499999999992 0.07312499999999993
5 0.47781250000000003 0.7778125 0.12874999999999998 0.0645833333333334
5 0.40385416666666674 0.7088541666666666 0.11645833333333329 0.06687499999999993
5 0.6151041666666667 0.7951041666666667 0.13927083333333332 0.05906249999999993
4 0.22614583333333335 0.42281250000000004 0.14468750000000002 0.0703125
5 0.2650520833333333 0.74921875 0.10708333333333328 0.06624999999999996
0 0.17619791666666668 0.7520312499999999 0.08135416666666666 0.05364583333333321