3 0.2296875 0.1109375 0.09921875 0.05078125
3 0.25703125 0.23671875 0.1171875 0.07109375
3 0.36640625 0.28828125 0.10625 0.08671875
3 0.24140625 0.315625 0.05234375 0.06640625
3 0.18984375 0.43125 0.08984375 0.0875
3 0.29375 0.3953125 0.0734375 0.07265625
3 0.20546875 0.5453125 0.06796875 0.08671875
3 0.11640625 0.48203125 0.12109375 0.08984375
3 0.26875 0.671875 0.23359375 0.15
3 0.82890625 0.80625 0.06328125 0.07109375
3 0.7765625 0.74921875 0.0984375 0.07890625
3 0.79296875 0.59140625 0.41328125 0.3578125
3 0.825 0.2890625 0.08984375 0.1015625
3 0.7015625 0.34296875 0.07421875 0.0890625
3 0.9078125 0.25 0.0484375 0.09296875
3 0.9171875 0.3453125 0.09296875 0.07734375
3 0.91171875 0.80546875 0.11171875 0.06796875
3 0.50703125 0.25390625 0.3265625 0.19375