4 0.50078125 0.390625 0.43984375 0.278125
4 0.08671875 0.440625 0.1734375 0.27890625
6 0.7078125 0.79765625 0.4234375 0.36953125
6 0.24453125 0.95546875 0.37734375 0.08828125
4 0.09609375 0.86015625 0.1921875 0.18984375
4 0.06953125 0.69375 0.1390625 0.1625
6 0.3859375 0.7140625 0.20703125 0.12578125
6 0.815625 0.47421875 0.13984375 0.13671875
5 0.79140625 0.17734375 0.41640625 0.1609375
6 0.33984375 0.23203125 0.27109375 0.10859375
5 0.13046875 0.190625 0.26015625 0.09375
5 0.40390625 0.04140625 0.22578125 0.0828125
6 0.9328125 0.446875 0.134375 0.20546875