5 0.15859375 0.21321759259259263 0.3171875 0.4236574074074074
6 0.30344907407407407 0.5416898148148148 0.4376967592592592 0.6861111111111111
6 0.4619791666666666 0.7836226851851851 0.3549768518518519 0.43275462962962974
5 0.08641203703703704 0.5799594907407408 0.17282407407407407 0.45366898148148155
4 0.08891203703703704 0.5634722222222222 0.17586805555555557 0.31403935185185183
6 0.9374768518518518 0.3205439814814815 0.11189814814814802 0.31180555555555556
6 0.8002662037037037 0.5985706018518518 0.2569328703703704 0.5259259259259259
6 0.8724131944444444 0.9000983796296296 0.11646990740740719 0.19980324074074077
6 0.7949652777777778 0.8467824074074073 0.1742592592592592 0.20806712962962948
6 0.5905208333333334 0.16905671296296296 0.19533564814814816 0.27471064814814816
5 0.6648090277777777 0.4368807870370371 0.18550925925925926 0.2928125