5 0.31166666666666665 0.5025173611111111 0.12562499999999996 0.17850694444444457
0 0.41192708333333333 0.34918402777777774 0.10656250000000007 0.17298611111111112
5 0.6825520833333334 0.8942708333333332 0.12385416666666664 0.15194444444444458
6 0.8971354166666666 0.35345486111111113 0.2057291666666668 0.31142361111111116
6 0.8019791666666667 0.5582986111111111 0.19875000000000007 0.2939236111111111
5 0.42510416666666667 0.664375 0.1265625 0.2860416666666666
5 0.1303125 0.2974479166666667 0.16166666666666668 0.321875
5 0.22984374999999999 0.7326041666666667 0.38031250000000005 0.493611111111111
2 0.45015625000000004 0.46423611111111107 0.10645833333333332 0.12468749999999992
6 0.6533333333333333 0.1856597222222222 0.2022916666666667 0.3236805555555556
4 0.7143229166666667 0.8066666666666666 0.16854166666666667 0.28479166666666667
4 0.6604687499999999 0.6100347222222222 0.20958333333333332 0.2694791666666667
6 0.8497395833333334 0.7575520833333333 0.1336458333333333 0.18197916666666672
6 0.8280208333333332 0.11442708333333333 0.18270833333333342 0.21687499999999998
4 0.4385416666666667 0.9247048611111112 0.08125 0.120451388888889
5 0.1684375 0.9045833333333334 0.1277083333333333 0.18638888888888872
2 0.8929166666666667 0.34737847222222223 0.21416666666666656 0.31802083333333336