6 0.6655902777777778 0.23932291666666666 0.18194444444444446 0.09385416666666666
5 0.3818576388888889 0.11833333333333333 0.43871527777777775 0.22222222222222218
6 0.05878472222222222 0.09461805555555555 0.11451388888888889 0.12048611111111111
6 0.13331597222222222 0.1400347222222222 0.1161111111111111 0.1564236111111111
2 0.38501736111111107 0.32977430555555554 0.15597222222222218 0.07086805555555564
6 0.6763368055555555 0.3583159722222222 0.18656249999999996 0.09249999999999999
1 0.12508680555555557 0.7267881944444444 0.06614583333333335 0.04972222222222218
1 0.08847222222222222 0.9380208333333334 0.05364583333333335 0.04916666666666671
1 0.08697916666666666 0.8342534722222222 0.04930555555555556 0.056770833333333215
4 0.11336805555555556 0.3052256944444444 0.2057638888888889 0.13857638888888885
1 0.6065277777777778 0.5244097222222222 0.12756944444444435 0.06336805555555554