4 0.11208333333333334 0.15486111111111112 0.22416666666666668 0.23784722222222224
6 0.7382291666666666 0.16975694444444445 0.2744791666666666 0.18552083333333336
0 0.3313020833333334 0.6755381944444444 0.18614583333333332 0.12427083333333329
0 0.05513020833333333 0.7802083333333334 0.11026041666666667 0.10913194444444443
4 0.10932291666666667 0.6134895833333334 0.185625 0.09305555555555553
4 0.43 0.49777777777777776 0.19749999999999995 0.1073611111111111
4 0.39421875 0.16602430555555556 0.45843749999999994 0.3237847222222222
6 0.022135416666666668 0.30927083333333333 0.044270833333333336 0.11854166666666668
0 0.7328645833333333 0.7196701388888889 0.20145833333333343 0.14333333333333337
4 0.39697916666666666 0.5705902777777778 0.17260416666666673 0.10836805555555565
4 0.8867708333333333 0.31232638888888886 0.16000000000000014 0.12993055555555558
6 0.8171875 0.06510416666666666 0.253125 0.09923611111111111