5 0.5040625000000001 0.6832291666666667 0.16636574074074062 0.11104166666666657
0 0.6440393518518519 0.5505208333333333 0.16310185185185197 0.09208333333333343
5 0.06977430555555555 0.4030729166666667 0.1395486111111111 0.11260416666666657
6 0.5766319444444445 0.08161458333333334 0.287361111111111 0.16322916666666668
6 0.3872974537037037 0.21234375 0.2761689814814815 0.17614583333333336
5 0.3289351851851852 0.6066666666666667 0.27874999999999994 0.10291666666666668
5 0.731087962962963 0.8164583333333333 0.31023148148148144 0.13625000000000007
5 0.28523726851851855 0.8133854166666665 0.4585532407407407 0.34135416666666674
2 0.5246585648148148 0.5381770833333334 0.1131712962962963 0.09812499999999993
6 0.7756886574074074 0.27703125 0.30584490740740744 0.1765625
4 0.15199652777777778 0.35296874999999994 0.26969907407407406 0.1460416666666667
4 0.3541666666666667 0.36291666666666667 0.2512847222222222 0.19010416666666669
6 0.1835185185185185 0.20875 0.1695601851851852 0.12062499999999998
6 0.8254976851851852 0.08864583333333334 0.1980092592592591 0.16625
4 0.062141203703703705 0.6511458333333333 0.12428240740740741 0.07104166666666671
5 0.1045775462962963 0.9154687499999999 0.2091550925925926 0.11281250000000007
2 0.5828530092592592 0.08541666666666667 0.2936689814814816 0.17083333333333334