5 0.12734375 0.0984375 0.13671875 0.07734375
5 0.2890625 0.0484375 0.1984375 0.0828125
5 0.38125 0.44296875 0.2109375 0.10078125
5 0.03203125 0.05234375 0.06328125 0.1046875
4 0.753125 0.75546875 0.41171875 0.23828125
2 0.84921875 0.28125 0.27109375 0.09609375
1 0.66875 0.37734375 0.21875 0.11953125
1 0.9421875 0.3921875 0.115625 0.1578125
6 0.23359375 0.59296875 0.20625 0.11484375
6 0.26640625 0.675 0.18984375 0.071875
6 0.06640625 0.54296875 0.1328125 0.05078125
6 0.15390625 0.496875 0.19296875 0.09140625
6 0.4953125 0.57265625 0.1234375 0.071875
6 0.5484375 0.6609375 0.28984375 0.13828125
2 0.13515625 0.259375 0.065625 0.05234375
2 0.2625 0.24765625 0.1171875 0.05390625
5 0.08359375 0.22265625 0.16640625 0.0578125
1 0.4890625 0.2421875 0.1421875 0.071875
0 0.54765625 0.0734375 0.26796875 0.146875
1 0.928125 0.0765625 0.14375 0.15234375
5 0.790625 0.13671875 0.1484375 0.08515625
5 0.3140625 0.1609375 0.09296875 0.06484375
5 0.13671875 0.1734375 0.0828125 0.0484375
5 0.0484375 0.1625 0.096875 0.078125
5 0.0921875 0.0203125 0.084375 0.040625
5 0.32109375 0.303125 0.15234375 0.04375
4 0.0796875 0.4078125 0.15859375 0.10234375