6 0.3401504629629629 0.8007175925925927 0.3025347222222223 0.3411921296296295
6 0.18296296296296294 0.9744212962962961 0.10259259259259261 0.04671296296296319
6 0.1688599537037037 0.6703993055555555 0.21306712962962965 0.2527546296296297
6 0.21744212962962967 0.7902662037037037 0.12361111111111107 0.19083333333333333
2 0.7447858796296296 0.15296296296296297 0.2020717592592593 0.30592592592592593
2 0.7072280092592592 0.8540162037037037 0.1808912037037036 0.23620370370370375
2 0.6451215277777778 0.7040277777777778 0.14861111111111108 0.19157407407407412
6 0.3577662037037037 0.41123263888888884 0.30570601851851853 0.44734953703703706
6 0.1204050925925926 0.20930555555555555 0.23488425925925926 0.3313888888888889
6 0.3845659722222222 0.9559259259259261 0.16501157407407413 0.07351851851851876
6 0.5654398148148149 0.9310011574074075 0.115763888888889 0.11105324074074048
4 0.6745138888888889 0.5528935185185185 0.121875 0.21417824074074082
4 0.9563975694444444 0.8334606481481481 0.08720486111111114 0.15986111111111115
5 0.9265538194444446 0.46528935185185183 0.14689236111111087 0.22489583333333324
5 0.9003703703703703 0.6135069444444444 0.13370370370370352 0.15057870370370363
5 0.9860358796296296 0.7596469907407408 0.02792824074074076 0.2535532407407407
4 0.5784664351851851 0.03876157407407407 0.2725578703703704 0.07752314814814815