5 0.30688657407407405 0.3473958333333333 0.19959490740740743 0.16359953703703703
5 0.055769675925925924 0.42398726851851853 0.11153935185185185 0.16672453703703702
0 0.7691261574074074 0.8216724537037038 0.38328703703703687 0.28912037037037025
5 0.4813078703703704 0.948755787037037 0.18368055555555554 0.10248842592592596
4 0.6825405092592594 0.16750578703703706 0.5755439814814813 0.3056134259259259
4 0.8360648148148148 0.43576388888888895 0.3235648148148151 0.2400462962962962
2 0.19045138888888888 0.6634837962962964 0.10526620370370372 0.08200231481481488
4 0.36565972222222226 0.6418402777777777 0.2229976851851852 0.15978009259259257
5 0.479369212962963 0.79921875 0.13211805555555553 0.12204861111111107
5 0.8406018518518519 0.971947337962963 0.12711805555555564 0.05610532407407405
5 0.611880787037037 0.947511574074074 0.19920138888888878 0.1049768518518519
5 0.1602488425925926 0.9013599537037038 0.3204976851851852 0.1652199074074076
5 0.02195601851851852 0.868894675925926 0.04391203703703704 0.0940393518518519
2 0.010185185185185186 0.6637442129629629 0.020370370370370372 0.07748842592592595
4 0.014542824074074073 0.5318576388888889 0.029085648148148145 0.05746527777777786
4 0.07296875 0.5934895833333333 0.12244212962962964 0.08107638888888893