6 0.8305208333333333 0.15850694444444446 0.3007291666666667 0.22822916666666665
6 0.5223958333333334 0.23850694444444445 0.18249999999999994 0.11638888888888888
4 0.13619791666666667 0.6691666666666667 0.27239583333333334 0.15833333333333321
5 0.5555208333333332 0.7861458333333333 0.22270833333333329 0.18125
6 0.1203125 0.3547569444444444 0.1564583333333333 0.10020833333333332
5 0.5034895833333334 0.6277256944444444 0.26697916666666666 0.19003472222222229
5 0.8333854166666667 0.9135937500000001 0.2232291666666665 0.14225694444444414
6 0.33609375 0.39241319444444445 0.3375 0.26493055555555556
6 0.1553125 0.5221875 0.30072916666666666 0.204826388888889
4 0.5643229166666666 0.37244791666666666 0.18979166666666672 0.13215277777777779
4 0.7363020833333334 0.3747048611111111 0.1977083333333333 0.13388888888888886
6 0.8871874999999999 0.5173263888888889 0.16583333333333314 0.10041666666666664
4 0.7775000000000001 0.6252083333333334 0.16520833333333335 0.11444444444444439
2 0.10182291666666668 0.9651736111111111 0.20364583333333336 0.06965277777777779
5 0.08041666666666666 0.8972048611111111 0.16083333333333333 0.10274305555555543
5 0.45265625 0.9484548611111112 0.33239583333333333 0.10309027777777757