3 0.49375 0.0875 0.15625 0.175
3 0.95234375 0.21796875 0.0953125 0.1953125
3 0.92109375 0.07421875 0.15625 0.14765625
3 0.89765625 0.56875 0.1984375 0.22734375
3 0.58203125 0.890625 0.175 0.21796875
3 0.4765625 0.86796875 0.184375 0.2640625
3 0.3 0.64609375 0.0640625 0.07421875
3 0.2125 0.72734375 0.08046875 0.08046875
3 0.209375 0.828125 0.096875 0.09375
3 0.2078125 0.93984375 0.10625 0.1203125
3 0.121875 0.91875 0.090625 0.12734375
3 0.09375 0.86484375 0.08671875 0.08671875
3 0.05 0.71796875 0.07578125 0.08359375
3 0.878125 0.70859375 0.065625 0.071875