4 0.6835416666666667 0.5527893518518519 0.11520833333333336 0.13773148148148148
5 0.5452951388888889 0.33232060185185186 0.13093749999999993 0.17606481481481487
5 0.9376909722222223 0.5976157407407408 0.08364583333333328 0.1639120370370371
5 0.6219618055555556 0.2992650462962963 0.098298611111111 0.14296296296296296
0 0.4128819444444445 0.33309027777777783 0.14996527777777774 0.2535532407407407
5 0.7418923611111111 0.4207349537037037 0.10447916666666668 0.14177083333333335
6 0.25210069444444444 0.6549016203703704 0.2850694444444445 0.383113425925926
0 0.28713541666666664 0.3248553240740741 0.216875 0.25128472222222226
5 0.7409375 0.24835069444444446 0.104548611111111 0.14333333333333337
5 0.5701215277777778 0.12621527777777777 0.11454861111111114 0.1579513888888889
2 0.07723090277777778 0.6554629629629629 0.15446180555555555 0.21027777777777779