2 0.11328125 0.81875 0.2265625 0.30859375
2 0.16640625 0.91796875 0.3328125 0.1609375
2 0.07421875 0.26875 0.1484375 0.26484375
2 0.090625 0.425 0.1765625 0.1640625
6 0.0875 0.6125 0.13203125 0.12109375
6 0.75234375 0.453125 0.2734375 0.2140625
6 0.47265625 0.6171875 0.3359375 0.30078125
6 0.9484375 0.82578125 0.103125 0.1734375
6 0.9625 0.66953125 0.075 0.11875
6 0.85859375 0.93671875 0.2828125 0.12578125
6 0.69453125 0.7296875 0.3234375 0.26640625
6 0.42265625 0.91953125 0.21953125 0.16015625
6 0.934375 0.50078125 0.13125 0.12734375
0 0.340625 0.46171875 0.35390625 0.25703125
4 0.71484375 0.1515625 0.44921875 0.303125
6 0.95 0.20234375 0.1 0.09765625
5 0.2484375 0.24140625 0.228125 0.115625
6 0.071875 0.0796875 0.14375 0.15859375
6 0.3234375 0.05703125 0.1421875 0.11328125
4 0.64296875 0.33828125 0.38203125 0.2875