5 0.07109375 0.0359375 0.1421875 0.071875
5 0.7703125 0.83125 0.18984375 0.10703125
4 0.0796875 0.3609375 0.15859375 0.146875
5 0.47578125 0.0640625 0.234375 0.11953125
5 0.13359375 0.20078125 0.19296875 0.1359375
5 0.05078125 0.93359375 0.10078125 0.1234375
0 0.8796875 0.1546875 0.221875 0.2453125
0 0.61484375 0.19453125 0.20390625 0.1234375
4 0.4609375 0.22734375 0.1390625 0.0890625
4 0.23984375 0.13671875 0.1625 0.12109375
0 0.2625 0.31875 0.26640625 0.1078125
5 0.2359375 0.4171875 0.10859375 0.04453125
4 0.09765625 0.48203125 0.184375 0.06484375
0 0.46796875 0.53203125 0.30078125 0.10859375
0 0.18125 0.64296875 0.22578125 0.090625
5 0.48203125 0.77109375 0.4609375 0.15703125
6 0.33671875 0.9421875 0.3953125 0.115625
2 0.746875 0.959375 0.215625 0.08125
4 0.3359375 0.93984375 0.39765625 0.1203125
1 0.45078125 0.46484375 0.159375 0.06875