4 0.7739872685185185 0.7998784722222222 0.288599537037037 0.373298611111111
4 0.9185474537037038 0.9241145833333334 0.09010416666666643 0.11440972222222215
4 0.943605324074074 0.6128645833333334 0.1127893518518519 0.18885416666666668
4 0.944386574074074 0.47151041666666665 0.11122685185185191 0.15878472222222229
4 0.9697916666666668 0.3629513888888889 0.06041666666666643 0.15159722222222224
6 0.6112847222222222 0.5446875 0.2616319444444445 0.36177083333333326
6 0.7021412037037037 0.3167013888888889 0.2142939814814815 0.26392361111111107
4 0.4413773148148148 0.24274305555555556 0.14461805555555554 0.1952430555555556
4 0.444849537037037 0.35760416666666667 0.1177662037037038 0.14468750000000002
6 0.6012152777777778 0.18836805555555555 0.1633101851851851 0.23625000000000002
0 0.22939814814814813 0.5993055555555555 0.16684027777777777 0.24725694444444457
5 0.20755208333333336 0.36835069444444446 0.222337962962963 0.3125