5 0.04942708333333333 0.4707233796296297 0.057048611111111105 0.13667824074074061
5 0.8222743055555556 0.7946875 0.07153935185185176 0.11503472222222229
5 0.04030671296296297 0.3551446759259259 0.04359953703703703 0.08807870370370371
4 0.2560706018518518 0.8069849537037037 0.35077546296296297 0.3814699074074074
5 0.9366030092592592 0.556875 0.08377314814814837 0.1401967592592591
4 0.3605555555555556 0.3793287037037037 0.12538194444444448 0.25010416666666674
5 0.18067708333333335 0.15212962962962964 0.1711689814814815 0.16959490740740737
4 0.17338541666666668 0.4337037037037037 0.26290509259259254 0.4332523148148148
5 0.7349884259259258 0.46838541666666667 0.08391203703703702 0.17298611111111112
4 0.07795717592592592 0.900318287037037 0.07197916666666666 0.18373842592592596
4 0.5714930555555556 0.4817534722222222 0.12376157407407398 0.21885416666666657
5 0.7655671296296297 0.27403356481481483 0.1227662037037037 0.2297685185185186
4 0.17283564814814817 0.03280671296296296 0.13317129629629632 0.06561342592592592
2 0.3184722222222222 0.14070601851851852 0.052731481481481525 0.08353009259259259
4 0.4719849537037037 0.22130787037037036 0.10688657407407405 0.1342939814814815
5 0.7112731481481481 0.6141608796296296 0.04729166666666664 0.09906249999999997
5 0.904866898148148 0.44241319444444444 0.05841435185185162 0.07268518518518512
5 0.8797280092592594 0.5154976851851852 0.04351851851851833 0.0865162037037038