4 0.8376041666666666 0.1251736111111111 0.32208333333333317 0.2503472222222222
6 0.7297395833333333 0.34067708333333335 0.21864583333333343 0.2885763888888889
6 0.6117708333333333 0.29918402777777775 0.21625000000000014 0.29937500000000006
2 0.09708333333333333 0.5650868055555556 0.12468749999999999 0.1644444444444444
2 0.09744791666666666 0.6647743055555555 0.12572916666666667 0.10996527777777772
2 0.2552083333333333 0.7052777777777778 0.09739583333333339 0.10559027777777778
6 0.5497395833333334 0.5052430555555556 0.12770833333333337 0.1630208333333334
6 0.65859375 0.6016666666666667 0.12531250000000008 0.19718750000000007
6 0.4755208333333333 0.7655902777777778 0.19645833333333335 0.23618055555555556
6 0.24906250000000002 0.35347222222222224 0.17822916666666666 0.2665277777777778
6 0.43515625 0.48307291666666663 0.26760416666666664 0.36864583333333345
1 0.38057291666666665 0.3086805555555555 0.0911458333333334 0.10531249999999996
5 0.05447916666666667 0.49864583333333334 0.10895833333333334 0.34020833333333333
5 0.061015625 0.9227083333333332 0.12203125 0.08496527777777771
5 0.07713541666666665 0.8058854166666667 0.05708333333333333 0.08510416666666672
5 0.08291666666666667 0.8710590277777778 0.052708333333333336 0.08958333333333321
4 0.27546875000000004 0.8570486111111111 0.14499999999999993 0.18871527777777786
6 0.17072916666666668 0.13807291666666666 0.11875 0.21559027777777778
5 0.09791666666666668 0.23711805555555557 0.1328125 0.19284722222222223