0 0.7719328703703703 0.18828125 0.45243055555555556 0.2765625
5 0.10989583333333333 0.59765625 0.17679398148148148 0.090625
4 0.535329861111111 0.64921875 0.26371527777777787 0.2015625
5 0.15361689814814813 0.49296875 0.1945601851851852 0.10625
5 0.627633101851852 0.30859375 0.1398148148148149 0.0625
5 0.5865162037037037 0.8703125 0.1578703703703704 0.0859375
5 0.29421296296296295 0.2828125 0.2125578703703704 0.0859375
5 0.8746238425925925 0.55859375 0.214525462962963 0.1390625
5 0.05756655092592593 0.28671875 0.11513310185185185 0.0828125
5 0.16533564814814813 0.02890625 0.13495370370370371 0.0578125
5 0.49774305555555554 0.46171875 0.3409722222222221 0.1359375
5 0.6569155092592592 0.3828125 0.14178240740740744 0.0734375
5 0.7872685185185185 0.40703125 0.15561342592592595 0.0671875
4 0.9573495370370371 0.37109375 0.06030092592592595 0.0671875
0 0.35298032407407404 0.19375 0.12233796296296298 0.0546875
0 0.31469907407407405 0.0671875 0.07089120370370364 0.0578125
4 0.8423321759259259 0.8609375 0.13888888888888892 0.1640625
5 0.771556712962963 0.97890625 0.0703125 0.0421875
3 0.21519097222222222 0.58125 0.0372106481481481 0.034375
3 0.23020833333333335 0.42890625 0.029803240740740745 0.0453125
3 0.1594039351851852 0.146875 0.029629629629629627 0.040625
5 0.05633680555555556 0.0609375 0.0675925925925926 0.0953125
5 0.3883391203703703 0.06171875 0.12256944444444447 0.0609375
5 0.5094618055555555 0.271875 0.08634259259259255 0.053125
5 0.903125 0.73828125 0.05173611111111107 0.046875
5 0.31278935185185186 0.371875 0.15538194444444448 0.0609375
0 0.9727430555555555 0.0609375 0.05208333333333322 0.05625