3 0.05986111111111111 0.16675347222222223 0.1179513888888889 0.11180555555555553
3 0.125 0.5183738425925926 0.06151620370370372 0.08263888888888893
3 0.3711226851851852 0.6095775462962962 0.14456018518518512 0.1200231481481481
3 0.07594328703703704 0.4383680555555555 0.07702546296296298 0.06817129629629619
3 0.0928125 0.3941261574074074 0.0645138888888889 0.06568287037037032
3 0.21468749999999998 0.490625 0.059976851851851795 0.0856481481481481
3 0.2097395833333333 0.24476273148148148 0.27971064814814806 0.2346643518518518
3 0.18131944444444445 0.4180555555555555 0.12416666666666662 0.1075810185185185
3 0.4800868055555555 0.7570601851851851 0.10983796296296297 0.0706018518518519
3 0.4010532407407408 0.7457175925925925 0.10355324074074072 0.06545138888888893
3 0.3254224537037037 0.7716435185185185 0.10056712962962955 0.08396990740740726
3 0.5693518518518518 0.4612268518518519 0.15417824074074069 0.15353009259259273
3 0.5303877314814816 0.371875 0.13343749999999996 0.09421296296296297
3 0.4645833333333334 0.24699074074074073 0.1648611111111112 0.11996527777777777
3 0.612349537037037 0.25089699074074073 0.0774537037037037 0.12598379629629627
3 0.7771759259259259 0.23634259259259255 0.09579861111111114 0.07268518518518512
3 0.8588194444444444 0.1779224537037037 0.13327546296296297 0.07233796296296298
3 0.7252141203703704 0.39730902777777777 0.06496527777777779 0.1266203703703704
3 0.9507696759259259 0.24458912037037034 0.06453703703703688 0.06880787037037042
3 0.6130439814814814 0.7667534722222222 0.10208333333333339 0.07783564814814828
3 0.6030150462962963 0.6791666666666666 0.07853009259259255 0.06047453703703702
3 0.6819965277777778 0.89453125 0.061400462962962976 0.06701388888888893
3 0.7040393518518518 0.9155671296296297 0.05799768518518515 0.029282407407407618
3 0.7795370370370371 0.7661458333333333 0.1365972222222222 0.09913194444444447
3 0.7441145833333334 0.6272858796296296 0.05821759259259256 0.05896990740740726
3 0.9230324074074074 0.6155960648148148 0.07553240740740748 0.07743055555555553
3 0.9754456018518518 0.4888310185185185 0.04910879629629648 0.04143518518518512
3 0.7892534722222222 0.38943865740740746 0.039733796296296295 0.09351851851851851
3 0.8522974537037037 0.3527199074074074 0.07562500000000014 0.08993055555555554
3 0.9047569444444445 0.46999421296296295 0.06145833333333357 0.07482638888888893
3 0.9342881944444444 0.3411747685185185 0.08796296296296298 0.06898148148148149
3 0.9891608796296296 0.6081597222222223 0.021678240740740762 0.04571759259259256
3 0.9098553240740742 0.7361689814814815 0.05973379629629605 0.0528356481481481
3 0.8390104166666668 0.6695023148148148 0.051967592592592385 0.058506944444444466
3 0.8170023148148147 0.7586805555555556 0.05821759259259238 0.05896990740740744