3 0.28046875 0.05625 0.18671875 0.11171875
3 0.159375 0.16640625 0.07109375 0.1140625
3 0.21875 0.25078125 0.08203125 0.07265625
3 0.30078125 0.3390625 0.046875 0.04765625
3 0.196875 0.340625 0.05234375 0.040625
3 0.44375 0.36484375 0.09765625 0.096875
3 0.36953125 0.640625 0.1609375 0.35234375
3 0.18671875 0.80859375 0.0953125 0.12734375
3 0.8640625 0.09765625 0.271875 0.1953125
3 0.51796875 0.20859375 0.16484375 0.17265625
3 0.68515625 0.8890625 0.1796875 0.2046875
3 0.21796875 0.96171875 0.1984375 0.0765625
3 0.88828125 0.7984375 0.11640625 0.109375
3 0.8921875 0.715625 0.08046875 0.10625
3 0.8484375 0.62890625 0.13359375 0.0765625
3 0.69921875 0.5640625 0.09296875 0.08515625
3 0.60625 0.64140625 0.0609375 0.08671875
3 0.66953125 0.72578125 0.140625 0.109375
3 0.49609375 0.671875 0.0625 0.08046875
3 0.8078125 0.509375 0.05703125 0.07109375