4 0.09463541666666667 0.9365914351851853 0.10721064814814815 0.1268171296296295
0 0.7857118055555556 0.6046180555555555 0.13115740740740733 0.20612268518518526
0 0.7002662037037037 0.9430208333333333 0.0931712962962962 0.11395833333333343
5 0.6063599537037037 0.5486574074074074 0.08524305555555553 0.12218750000000007
2 0.28983796296296294 0.12347222222222223 0.1700925925925926 0.19125
5 0.7336805555555556 0.2427835648148148 0.14506944444444442 0.18664351851851854
0 0.7733391203703703 0.059114583333333325 0.10019675925925924 0.032488425925925934
2 0.6939062500000001 0.1255324074074074 0.10906249999999992 0.17513888888888887
0 0.7051620370370371 0.7163020833333333 0.1562615740740741 0.22166666666666668
0 0.9281770833333333 0.8920891203703704 0.132673611111111 0.19996527777777756
0 0.9746469907407407 0.7385243055555555 0.041562499999999857 0.12896990740740738
4 0.4172974537037037 0.5374537037037037 0.23553240740740744 0.38098379629629625
2 0.30572337962962964 0.8278472222222224 0.0885416666666666 0.14581018518518504
2 0.3151851851851852 0.9097453703703703 0.19831018518518526 0.18050925925925937
4 0.16284722222222223 0.9083188657407408 0.12167824074074077 0.18336226851851833
2 0.11595486111111111 0.5960069444444445 0.23190972222222223 0.5263888888888889
2 0.4957696759259259 0.17866319444444442 0.11854166666666668 0.18975694444444446
4 0.4032754629629629 0.21460648148148148 0.09023148148148152 0.1630902777777778
3 0.5284143518518519 0.6253240740740741 0.052326388888888783 0.1061805555555555
1 0.5535127314814815 0.8245543981481482 0.13388888888888886 0.15318287037037023