6 0.2323726851851852 0.16994791666666667 0.2783217592592592 0.33989583333333334
6 0.1836574074074074 0.05427083333333334 0.20168981481481482 0.10854166666666668
6 0.17733796296296295 0.5684375 0.2531134259259259 0.3321875
6 0.3308506944444445 0.5316145833333333 0.14815972222222218 0.20187500000000008
6 0.44401620370370376 0.3051041666666666 0.15237268518518512 0.2755208333333334
4 0.4295486111111111 0.5954166666666667 0.21685185185185193 0.30791666666666656
0 0.6300983796296297 0.2496875 0.16237268518518527 0.31833333333333336
0 0.5705324074074074 0.8214062500000001 0.05743055555555561 0.08343750000000014
0 0.5321180555555556 0.8677604166666667 0.047662037037036954 0.05625
0 0.525173611111111 0.7157291666666666 0.05598379629629626 0.0911458333333334
1 0.5875868055555555 0.54734375 0.05934027777777775 0.10697916666666671
1 0.5394675925925926 0.6248437499999999 0.04136574074074062 0.05270833333333336
2 0.42915509259259255 0.8855729166666666 0.058807870370370455 0.07104166666666671
0 0.8657523148148147 0.6898958333333334 0.147013888888889 0.22989583333333333
0 0.8160590277777778 0.34442708333333333 0.15946759259259266 0.2276041666666666
3 0.9175289351851852 0.22583333333333333 0.08387731481481495 0.07739583333333337
5 0.5992013888888889 0.031093749999999996 0.0873495370370371 0.06218749999999999
4 0.5817997685185186 0.15671875000000002 0.07517361111111107 0.12208333333333332
6 0.39848958333333334 0.1353125 0.0717939814814815 0.1046875
4 0.6132638888888888 0.6441666666666667 0.17348379629629634 0.22541666666666665
1 0.6348668981481481 0.7827083333333333 0.07508101851851841 0.11583333333333332
6 0.3261689814814815 0.79625 0.0922685185185185 0.1169791666666665
6 0.34453703703703703 0.8747916666666666 0.10157407407407408 0.11291666666666664
6 0.507638888888889 0.16557291666666668 0.11005787037037038 0.15874999999999995
6 0.6866261574074074 0.37026041666666665 0.10065972222222222 0.1565625
5 0.9608275462962963 0.09302083333333333 0.0783449074074074 0.138125