0 0.58359375 0.340625 0.296875 0.11328125
5 0.33984375 0.20859375 0.19375 0.090625
6 0.26328125 0.803125 0.21328125 0.1796875
5 0.53046875 0.65859375 0.1140625 0.0859375
4 0.77578125 0.6484375 0.4296875 0.259375
4 0.61328125 0.88125 0.2453125 0.2375
5 0.15625 0.09296875 0.16640625 0.0796875
2 0.41796875 0.35390625 0.0953125 0.07578125
2 0.125 0.26484375 0.0390625 0.0453125
5 0.46953125 0.52578125 0.05625 0.06953125
1 0.946875 0.05625 0.10625 0.1125
6 0.9375 0.78671875 0.125 0.1296875
5 0.32734375 0.58203125 0.11328125 0.0796875
5 0.49140625 0.728125 0.13359375 0.1625
0 0.61484375 0.04375 0.38984375 0.0875