4 0.7547916666666665 0.18505208333333334 0.32993055555555556 0.3701041666666667
6 0.21937500000000001 0.26015625 0.43875000000000003 0.5203125
6 0.4446875 0.5204166666666667 0.17861111111111114 0.23312500000000008
4 0.6002604166666666 0.6886979166666667 0.14413194444444458 0.19343749999999993
4 0.40661458333333333 0.7039583333333332 0.13024305555555565 0.16135416666666663
4 0.16973958333333333 0.5575520833333334 0.1963541666666667 0.24677083333333344
4 0.0759375 0.4744791666666667 0.11687499999999999 0.1760416666666666
4 0.9415625000000001 0.8751562499999999 0.09638888888888886 0.13572916666666685
0 0.9437065972222222 0.6825520833333334 0.11258680555555571 0.19854166666666656
4 0.28822916666666665 0.8082291666666667 0.11013888888888887 0.16468750000000015
4 0.23147569444444444 0.7477604166666666 0.10947916666666666 0.11479166666666671
4 0.18953125 0.8618229166666665 0.07822916666666666 0.11270833333333315
4 0.8324652777777779 0.7829166666666667 0.10718749999999985 0.1333333333333334