3 0.9613570601851851 0.7018402777777778 0.07728587962962977 0.08659722222222221
3 0.7968981481481482 0.8216608796296295 0.0561689814814816 0.05162037037037024
3 0.7118055555555556 0.694380787037037 0.11753472222222214 0.12056712962962965
3 0.5367997685185185 0.7785416666666667 0.08834490740740737 0.08379629629629619
3 0.7305497685185185 0.8783622685185186 0.056956018518518545 0.07818287037037024
3 0.74515625 0.8435243055555557 0.04224537037037024 0.05589120370370395
3 0.9797048611111112 0.7892881944444444 0.04059027777777757 0.05346064814814806
3 0.9579456018518517 0.5830902777777778 0.06715277777777758 0.05350694444444457
3 0.9998553240740741 0.570625 0.0002893518518519045 0.05988425925925931
3 0.5534895833333333 0.49733217592592593 0.08792824074074072 0.06973379629629636
3 0.8167650462962964 0.14626157407407409 0.06356481481481495 0.03778935185185186
3 0.9185127314814814 0.25506365740740744 0.09045138888888857 0.04951388888888886
3 0.9117476851851851 0.10591435185185186 0.05763888888888893 0.048541666666666664
3 0.8641087962962963 0.08152199074074074 0.09238425925925924 0.06206018518518519
3 0.5559375 0.23687500000000003 0.07027777777777774 0.05359953703703706
3 0.5492824074074074 0.2761689814814815 0.05134259259259259 0.046793981481481506
3 0.607204861111111 0.25177662037037035 0.040173611111111104 0.03865740740740744
3 0.6122453703703703 0.2899421296296296 0.05773148148148159 0.05166666666666666
3 0.6342824074074074 0.29476273148148147 0.05621527777777775 0.053182870370370415
3 0.6144618055555556 0.3383564814814815 0.043206018518518616 0.03562500000000002
3 0.8021180555555556 0.31168402777777776 0.03369212962962962 0.030659722222222286
3 0.8023611111111112 0.26710648148148153 0.038750000000000284 0.04329861111111111
3 0.7706712962962963 0.35875 0.035208333333333286 0.02914351851851853
3 0.8646874999999999 0.3121759259259259 0.026018518518518618 0.035115740740740795
3 0.8896354166666667 0.28328703703703706 0.038703703703703594 0.041736111111111106
3 0.8988599537037036 0.33071180555555557 0.04991898148148124 0.051435185185185264
3 0.9435648148148148 0.2824710648148148 0.060671296296296265 0.045509259259259235
3 0.4791377314814815 0.09918402777777777 0.08200231481481488 0.08048611111111112
3 0.5763831018518518 0.10881365740740741 0.05437499999999993 0.043761574074074085
3 0.5337962962962963 0.07019675925925925 0.06761574074074073 0.06913194444444444
3 0.03925925925925926 0.37494791666666666 0.05796296296296296 0.05947916666666666
3 0.15923032407407406 0.49181134259259257 0.05309027777777779 0.05309027777777793
3 0.03461226851851852 0.45562500000000006 0.04413194444444444 0.06687499999999993
2 0.26338541666666665 0.7874247685185185 0.4321527777777778 0.359375
5 0.2840567129629629 0.9572743055555556 0.2942708333333333 0.07896990740740754
5 0.10655092592592592 0.6403761574074074 0.1640509259259259 0.16253472222222226
2 0.2902835648148148 0.5340625 0.08365740740740737 0.08365740740740737
2 0.2726273148148148 0.5979224537037038 0.06269675925925924 0.06118055555555557
2 0.26749421296296294 0.6621932870370371 0.03690972222222229 0.03387731481481478
3 0.13923032407407407 0.5557407407407406 0.0538310185185185 0.07809027777777793
3 0.9800868055555554 0.3977199074074074 0.03982638888888914 0.062418981481481506
3 0.9296238425925927 0.5245023148148148 0.07473379629629626 0.045925925925925884
3 0.8122280092592593 0.41538194444444443 0.045046296296296265 0.045046296296296265
3 0.7512210648148148 0.41484375 0.044768518518518444 0.035671296296296263
3 0.8363483796296297 0.38495370370370374 0.039988425925925955 0.03240740740740744
6 0.2419849537037037 0.22449363425925925 0.467650462962963 0.4489872685185185