3 0.37874421296296296 0.12282986111111109 0.22063657407407405 0.22494212962962962
3 0.5386631944444444 0.40506365740740746 0.10241898148148146 0.17065972222222214
3 0.733912037037037 0.4890046296296296 0.15193287037037032 0.16313657407407406
3 0.6178703703703704 0.6890046296296296 0.12200231481481474 0.15734953703703702
3 0.6350752314814815 0.7647858796296296 0.09398148148148149 0.12824074074074082
3 0.46780671296296295 0.6544849537037036 0.17818287037037042 0.24832175925925917
3 0.4381192129629629 0.8647280092592592 0.20403935185185187 0.20561342592592596
3 0.26066550925925924 0.9740740740740741 0.13440972222222225 0.051851851851851906
3 0.4060879629629629 0.9588252314814815 0.21587962962962964 0.08234953703703703
3 0.15615162037037036 0.8832465277777779 0.07641203703703706 0.09016203703703703
3 0.08263310185185185 0.6679976851851852 0.1652662037037037 0.14571759259259257
3 0.7320775462962963 0.2979456018518518 0.09023148148148152 0.08599537037037042
3 0.7116087962962963 0.14924768518518522 0.09126157407407405 0.1359375
3 0.7255208333333334 0.06209490740740742 0.08958333333333321 0.07349537037037038
3 0.8544097222222222 0.20306712962962964 0.17295138888888886 0.2075810185185185