6 0.5539641203703705 0.09326967592592593 0.14230324074074083 0.1722337962962963
5 0.9265914351851852 0.40392361111111114 0.11209490740740762 0.14369212962962957
6 0.8054976851851852 0.9078240740740741 0.14936342592592594 0.14112268518518506
5 0.3550347222222222 0.1574363425925926 0.10798611111111107 0.15143518518518517
5 0.6303819444444445 0.9624131944444445 0.09363425925925917 0.07517361111111107
6 0.40749421296296295 0.812962962962963 0.257175925925926 0.2270023148148148
6 0.6496238425925925 0.24686342592592592 0.11892361111111108 0.15159722222222224
6 0.6890625 0.7898206018518519 0.21047453703703703 0.24972222222222235
5 0.6861689814814815 0.05542824074074073 0.10046296296296298 0.09201388888888888
5 0.8820891203703702 0.1613425925925926 0.09131944444444429 0.1371412037037037
6 0.3943287037037037 0.034716435185185184 0.11365740740740744 0.05943287037037036
6 0.3208912037037037 0.5814641203703703 0.1607060185185185 0.2099652777777777
6 0.16588541666666667 0.4800578703703703 0.12181712962962962 0.10637731481481474
6 0.5544560185185186 0.44757523148148143 0.191087962962963 0.2619212962962962
5 0.12821180555555556 0.28752314814814817 0.10109953703703703 0.12167824074074077
5 0.7589409722222221 0.5005497685185185 0.21886574074074083 0.34193287037037035
6 0.05804398148148149 0.19361689814814814 0.10173611111111111 0.1934837962962963
6 0.3477141203703703 0.7223321759259259 0.12123842592592596 0.14070601851851858
6 0.3978877314814815 0.45149884259259265 0.12609953703703702 0.16418981481481473
6 0.44027777777777777 0.6550289351851852 0.10480324074074084 0.1295370370370371
6 0.6241030092592592 0.3869560185185185 0.19045138888888893 0.2743981481481482
6 0.4257233796296296 0.15302083333333333 0.14675925925925917 0.16917824074074073
6 0.4624421296296296 0.2167766203703704 0.11996527777777785 0.12351851851851858
5 0.4578414351851851 0.43912037037037044 0.06012731481481488 0.07424768518518512
5 0.45541087962962956 0.38523726851851847 0.0787037037037038 0.09325231481481477
3 0.829832175925926 0.551545138888889 0.07158564814814809 0.06037037037037045
6 0.8206597222222223 0.35396990740740736 0.1309606481481481 0.14553240740740742
5 0.6782986111111111 0.1809548611111111 0.0953125 0.12783564814814818
5 0.842013888888889 0.05227430555555555 0.09965277777777785 0.08107638888888888
4 0.9571180555555555 0.30296296296296293 0.08576388888888893 0.15274305555555562
5 0.9613136574074075 0.5515393518518519 0.07737268518518511 0.3390509259259259