4 0.3424826388888889 0.9030497685185186 0.5762847222222223 0.1939004629629629
6 0.13484374999999998 0.9302083333333332 0.17350694444444445 0.13958333333333356
4 0.67765625 0.8357349537037037 0.2371180555555556 0.20754629629629626
4 0.5745138888888889 0.5135821759259259 0.4836458333333333 0.2767708333333333
4 0.3472569444444445 0.2849884259259259 0.3899652777777778 0.2743402777777778
5 0.06560763888888889 0.4165740740740741 0.13121527777777778 0.26752314814814826
4 0.8817708333333334 0.38081018518518517 0.20281249999999992 0.2086342592592592
5 0.8573263888888889 0.24872106481481482 0.18725694444444443 0.1406134259259259
4 0.9381597222222222 0.6243113425925926 0.103125 0.21677083333333336
4 0.9373784722222223 0.8002777777777776 0.09725694444444458 0.23358796296296305
4 0.8550520833333334 0.9425347222222221 0.2525347222222223 0.11493055555555572