5 0.7682928240740741 0.9805729166666666 0.10392361111111104 0.038854166666666856
5 0.3627662037037037 0.8200925925925926 0.1726273148148148 0.29878472222222213
5 0.5061863425925927 0.0541724537037037 0.11237268518518526 0.05501157407407407
4 0.23570023148148148 0.40078703703703705 0.2972685185185185 0.3467245370370371
4 0.18723958333333332 0.08128472222222222 0.33697916666666666 0.16034722222222222
4 0.8447280092592593 0.4251793981481482 0.1659143518518519 0.28278935185185183
5 0.6911574074074075 0.6905960648148148 0.18540509259259252 0.3089004629629629
0 0.5583159722222222 0.4448611111111111 0.19259259259259273 0.3935532407407408
5 0.19411458333333334 0.7344502314814815 0.25645833333333334 0.33806712962962954
5 0.9156307870370369 0.7124768518518518 0.13318287037037066 0.23093749999999993
4 0.6618287037037037 0.4377372685185185 0.07743055555555553 0.19175925925925927
5 0.8732407407407408 0.9135937500000001 0.097152777777778 0.17281249999999987
5 0.5696122685185185 0.9130613425925926 0.15753472222222217 0.1738773148148148
4 0.48172453703703705 0.6235937500000001 0.14385416666666656 0.27524305555555556
4 0.06879629629629629 0.8479050925925925 0.09537037037037037 0.27081018518518507