4 0.8486168981481482 0.8548958333333333 0.3027662037037036 0.29020833333333335
5 0.4867997685185186 0.21954861111111112 0.159050925925926 0.20688657407407404
5 0.3763946759259259 0.1679513888888889 0.18171296296296297 0.2525
5 0.4738888888888889 0.06088541666666666 0.11652777777777779 0.10945601851851852
5 0.6024652777777778 0.11665509259259259 0.1490277777777777 0.19424768518518518
6 0.8327604166666667 0.13177662037037036 0.169710648148148 0.14146990740740742
6 0.771701388888889 0.23391782407407408 0.11149305555555564 0.1328009259259259
0 0.8376793981481481 0.6783043981481482 0.31625000000000014 0.2576157407407408
1 0.38191550925925927 0.8916956018518519 0.19482638888888887 0.20429398148148153
6 0.5421759259259259 0.3390277777777778 0.14016203703703703 0.17381944444444447
6 0.3645775462962963 0.3465451388888889 0.09432870370370372 0.10288194444444443
4 0.20336226851851852 0.8055208333333332 0.27156250000000004 0.2991087962962965
1 0.06859375000000001 0.4647222222222222 0.08274305555555554 0.09021990740740744
2 0.23527777777777778 0.2166030092592593 0.08667824074074071 0.10589120370370368
4 0.2739756944444444 0.10476273148148148 0.24795138888888885 0.2050810185185185
1 0.6028819444444444 0.9476678240740741 0.26668981481481496 0.10466435185185183