4 0.557795138888889 0.669212962962963 0.19675925925925916 0.16244212962962976
6 0.6590856481481482 0.1442997685185185 0.46192129629629636 0.288599537037037
5 0.3795775462962963 0.907494212962963 0.17943287037037034 0.12847222222222215
5 0.3665046296296296 0.11087962962962963 0.23981481481481487 0.21232638888888894
4 0.8798726851851851 0.22578125 0.23170138888888908 0.17592592592592596
5 0.7810706018518518 0.8612847222222222 0.31031250000000005 0.191087962962963
5 0.7712847222222223 0.7028067129629629 0.3242476851851851 0.24971064814814808
5 0.27064814814814814 0.7124421296296297 0.37957175925925934 0.17598379629629637
5 0.16032407407407406 0.7778645833333334 0.24837962962962967 0.19739583333333321
5 0.16024305555555557 0.882175925925926 0.23460648148148144 0.1418981481481481
6 0.8997280092592593 0.4051793981481481 0.2005439814814814 0.19600694444444447
4 0.905150462962963 0.515162037037037 0.18969907407407405 0.17847222222222214
5 0.7513252314814816 0.4086226851851852 0.20292824074074076 0.16134259259259257
6 0.33090277777777777 0.422511574074074 0.16892361111111107 0.10590277777777786
6 0.39563657407407404 0.5063368055555555 0.3350694444444445 0.1882523148148149
6 0.41945601851851855 0.03298611111111111 0.2576620370370371 0.06597222222222222
4 0.12126736111111111 0.4027488425925926 0.2040856481481481 0.1536458333333334
5 0.9380381944444445 0.6238136574074075 0.12392361111111114 0.14612268518518512
5 0.5215162037037037 0.8467881944444444 0.16291666666666665 0.11012731481481489
4 0.1417534722222222 0.6012152777777777 0.22728009259259258 0.15069444444444446
0 0.5558275462962963 0.6615162037037037 0.21179398148148146 0.18223379629629619