4 0.1140625 0.834375 0.228125 0.33125
6 0.3484375 0.73984375 0.2625 0.1734375
6 0.3140625 0.61484375 0.27578125 0.16875
2 0.60859375 0.14453125 0.15 0.0984375
2 0.7078125 0.16171875 0.09375 0.10859375
2 0.73828125 0.32734375 0.09453125 0.08046875
6 0.521875 0.58828125 0.1484375 0.1015625
6 0.6109375 0.71328125 0.1828125 0.09453125
6 0.784375 0.5578125 0.21328125 0.16015625
6 0.38984375 0.2609375 0.246875 0.1359375
6 0.50703125 0.46953125 0.3375 0.209375
1 0.3375 0.384375 0.09296875 0.07421875
5 0.54765625 0.05859375 0.3234375 0.1171875
5 0.965625 0.16875 0.06875 0.11328125
5 0.8484375 0.165625 0.07734375 0.04375
5 0.9125 0.1828125 0.08359375 0.0375
4 0.8875 0.3734375 0.171875 0.115625
6 0.18125 0.1453125 0.20234375 0.08515625
5 0.28359375 0.0890625 0.17890625 0.1015625