4 0.81796875 0.0976388888888889 0.1734375 0.1676388888888889
4 0.92109375 0.3938020833333334 0.1578125 0.3718634259259259
2 0.34453125 0.040503472222222225 0.1453125 0.08100694444444445
0 0.75859375 0.8572106481481481 0.2453125 0.24789351851851862
5 0.921875 0.8039351851851851 0.065625 0.12225694444444457
0 0.8546875 0.798113425925926 0.1046875 0.16247685185185184
1 0.62734375 0.5009432870370369 0.0546875 0.07818287037037024
2 0.71875 0.3607349537037037 0.078125 0.11325231481481479
4 0.62734375 0.11642650462962963 0.15 0.23285300925925925
5 0.34453125 0.15072916666666666 0.0859375 0.15567129629629628
5 0.43828125 0.017488425925925928 0.0734375 0.034976851851851856
4 0.15546875 0.010422453703703703 0.1359375 0.020844907407407406
4 0.08359375 0.12564814814814815 0.0640625 0.13471064814814815
4 0.14140625 0.15284143518518517 0.125 0.17245370370370372
0 0.34375 0.8366898148148149 0.2125 0.2922337962962963
5 0.47578125 0.7804340277777777 0.1171875 0.16909722222222215
4 0.9484375 0.08986689814814815 0.103125 0.09836805555555554
5 0.90859375 0.18479745370370368 0.128125 0.2037962962962963
5 0.21953125 0.7536516203703704 0.1375 0.19626157407407413
5 0.42265625 0.35153935185185187 0.1484375 0.19346064814814817