5 0.59140625 0.7881423611111111 0.165625 0.09274305555555547
4 0.9109375 0.9146006944444445 0.178125 0.17079861111111114
5 0.5796875 0.6824131944444444 0.15625 0.08940972222222214
5 0.69765625 0.9719357638888889 0.11875 0.05612847222222221
5 0.7921875 0.8402604166666666 0.1765625 0.09298611111111121
5 0.5171875 0.10211805555555556 0.525 0.19291666666666668
0 0.31875 0.4992708333333333 0.3640625 0.39715277777777763
0 0.81640625 0.11501736111111112 0.0890625 0.06447916666666664
1 0.83671875 0.4178125 0.10625 0.057048611111111217
0 0.8765625 0.3499479166666667 0.15 0.07052083333333332
1 0.8046875 0.2655381944444445 0.1265625 0.06218749999999993
5 0.321875 0.21809027777777779 0.115625 0.29163194444444446
2 0.87421875 0.7022395833333334 0.134375 0.07173611111111118
0 0.73671875 0.6523090277777778 0.1375 0.0686805555555555
2 0.9015625 0.6223784722222222 0.196875 0.09343749999999992
0 0.97421875 0.34508680555555554 0.0375 0.058645833333333286
1 0.6859375 0.5418055555555557 0.1296875 0.05913194444444443
6 0.6890625 0.395 0.05 0.05423611111111111
1 0.8453125 0.5484722222222222 0.1296875 0.08725694444444443
5 0.5265625 0.5804513888888889 0.1296875 0.06850694444444443
5 0.5625 0.87890625 0.1171875 0.052604166666666785