5 0.5421875 0.053125 0.12734375 0.06640625
5 0.23984375 0.77734375 0.1046875 0.06015625
5 0.65 0.03828125 0.08203125 0.07578125
4 0.2 0.24609375 0.4 0.3046875
5 0.46328125 0.89140625 0.12890625 0.06875
4 0.628125 0.35703125 0.23203125 0.10078125
5 0.84140625 0.19609375 0.15390625 0.14921875
4 0.5765625 0.18046875 0.39921875 0.21796875
5 0.54609375 0.70546875 0.16015625 0.0671875
4 0.11171875 0.05625 0.2234375 0.096875
4 0.5328125 0.55234375 0.20234375 0.103125
5 0.728125 0.740625 0.2125 0.09921875
4 0.96171875 0.19453125 0.07421875 0.11953125
2 0.85234375 0.3265625 0.075 0.04375
4 0.7765625 0.4671875 0.121875 0.0921875
5 0.40859375 0.6796875 0.0921875 0.03828125
5 0.57109375 0.86640625 0.06640625 0.04921875
5 0.50234375 0.840625 0.08046875 0.034375