6 0.3177777777777778 0.4889525462962963 0.08041666666666672 0.05387731481481488
3 0.24640625 0.7043113425925925 0.0682291666666666 0.09564814814814823
3 0.2821875 0.7616956018518518 0.054340277777777765 0.06402777777777775
6 0.36949652777777775 0.5749710648148147 0.08347222222222221 0.05240740740740737
1 0.8275520833333333 0.4422569444444445 0.16843749999999993 0.10329861111111108
3 0.3163715277777778 0.1509664351851852 0.0625694444444445 0.07363425925925923
3 0.09784722222222222 0.2274131944444444 0.08791666666666668 0.08218750000000004
3 0.22697916666666665 0.24375578703703704 0.09545138888888882 0.07616898148148152
3 0.727204861111111 0.2358912037037037 0.08947916666666664 0.08223379629629628
3 0.6655208333333333 0.3036863425925926 0.07899305555555554 0.056956018518518545
3 0.14750000000000002 0.4127199074074074 0.06909722222222223 0.08006944444444439
3 0.27515625 0.33905671296296297 0.062152777777777765 0.06425925925925924
3 0.9150347222222223 0.6388541666666667 0.12118055555555571 0.1284259259259258
3 0.9221701388888889 0.14388310185185185 0.12107638888888879 0.16119212962962962
3 0.9444097222222222 0.04832175925925926 0.06430555555555557 0.04247685185185186
3 0.9405034722222222 0.40023148148148147 0.08642361111111115 0.15392361111111103
0 0.2662673611111111 0.9614872685185185 0.07451388888888885 0.06150462962962955
6 0.2881423611111111 0.4340972222222222 0.06899305555555557 0.042615740740740905
6 0.3660069444444444 0.38946759259259256 0.0865277777777778 0.05093750000000004
2 0.06473958333333332 0.6731134259259259 0.07864583333333333 0.049143518518518545
3 0.6426215277777778 0.9069270833333334 0.0691319444444444 0.0457407407407409