5 0.9713194444444444 0.4814583333333333 0.057361111111111286 0.13062500000000005
5 0.8905671296296296 0.5659375 0.1822685185185186 0.14958333333333335
5 0.42299189814814814 0.03359375 0.1428587962962963 0.0671875
5 0.12609375 0.7724479166666667 0.1851388888888889 0.32624999999999993
4 0.0903125 0.479375 0.17631944444444445 0.40062499999999995
5 0.6804803240740741 0.4838020833333333 0.14998842592592593 0.2192708333333334
5 0.70796875 0.18494791666666668 0.21894675925925924 0.25197916666666664
6 0.879826388888889 0.17114583333333336 0.15157407407407392 0.2225
4 0.48224537037037035 0.524375 0.3249537037037037 0.4370833333333334
5 0.9144675925925926 0.7323958333333334 0.13651620370370382 0.29802083333333335
6 0.7393518518518519 0.7284375 0.40486111111111106 0.4720833333333333
2 0.28333912037037035 0.06343750000000001 0.10730324074074069 0.12687500000000002
1 0.1437210648148148 0.0996875 0.17494212962962963 0.199375
0 0.21600694444444443 0.8813541666666665 0.13062500000000005 0.1352083333333333
1 0.333443287037037 0.69609375 0.07273148148148145 0.12041666666666676