3 0.3871759259259259 0.11385416666666666 0.17728009259259264 0.17155092592592588
3 0.04223958333333334 0.22538194444444443 0.08447916666666667 0.08502314814814813
3 0.8608738425925926 0.15253472222222225 0.1439004629629629 0.13538194444444446
3 0.6702951388888889 0.04482638888888889 0.08128472222222224 0.08025462962962962
3 0.8163483796296298 0.34994791666666664 0.13553240740740763 0.12594907407407413
3 0.49028356481481483 0.7875694444444444 0.09719907407407398 0.1116087962962963
3 0.8278356481481481 0.7760011574074074 0.16773148148148137 0.19490740740740725
3 0.8090393518518517 0.8821585648148147 0.09554398148148166 0.11003472222222221
3 0.70640625 0.9126620370370372 0.08386574074074069 0.0974537037037038
3 0.915943287037037 0.8587210648148147 0.07311342592592603 0.10049768518518505
3 0.6431770833333333 0.6870949074074074 0.11961805555555553 0.09459490740740754
3 0.5510011574074074 0.5543229166666667 0.10693287037037039 0.09137731481481488
3 0.48543402777777783 0.6319965277777777 0.10215277777777772 0.08978009259259245
3 0.43154513888888885 0.48622106481481475 0.08809027777777771 0.08967592592592588
3 0.12412615740740743 0.5300578703703703 0.08716435185185185 0.07405092592592588
3 0.5744328703703704 0.8843287037037036 0.08054398148148145 0.06775462962962955
3 0.5484490740740741 0.9271238425925926 0.09288194444444446 0.11782407407407405
3 0.8703298611111112 0.38864583333333336 0.08597222222222242 0.08028935185185179
2 0.9145949074074075 0.4726041666666667 0.12210648148148166 0.11023148148148146
6 0.14399305555555555 0.6036747685185185 0.18608796296296296 0.13569444444444442
6 0.31891782407407404 0.5666724537037038 0.23730324074074077 0.18292824074074082
6 0.12445023148148149 0.8411342592592593 0.18591435185185184 0.15912037037037052
6 0.2267361111111111 0.7637326388888889 0.08185185185185188 0.11618055555555565
6 0.32870949074074074 0.4541956018518519 0.17119212962962962 0.12152777777777786
6 0.1839988425925926 0.44296296296296295 0.19437499999999996 0.17011574074074076
6 0.4053414351851852 0.29531828703703705 0.13010416666666663 0.11341435185185186
3 0.1094849537037037 0.17041666666666666 0.10813657407407407 0.1116898148148148
6 0.2962268518518519 0.9611574074074074 0.17034722222222226 0.07768518518518519
6 0.24563657407407408 0.9445601851851851 0.17229166666666665 0.11087962962962976
3 0.30185185185185187 0.18200231481481483 0.08993055555555554 0.09437500000000001
2 0.2983738425925926 0.2538831018518518 0.15078703703703705 0.11981481481481478
0 0.3136921296296296 0.3251215277777778 0.14958333333333335 0.09950231481481478