3 0.16243055555555555 0.9014583333333335 0.07600694444444445 0.12052083333333315
3 0.29248263888888887 0.8388020833333332 0.10152777777777774 0.14562499999999973
3 0.3240104166666667 0.7083854166666667 0.11541666666666668 0.13874999999999993
3 0.38081597222222224 0.8352604166666667 0.084375 0.07583333333333328
3 0.5167187500000001 0.8598437499999999 0.11503472222222229 0.12156250000000028
3 0.4557812500000001 0.7582812499999999 0.09427083333333322 0.09989583333333343
3 0.6353819444444444 0.8128125 0.1082638888888889 0.09770833333333329
3 0.5827083333333334 0.9070833333333332 0.11652777777777779 0.11854166666666685
3 0.7591145833333334 0.7122395833333334 0.2125 0.29499999999999993
3 0.7826041666666667 0.07927083333333333 0.09086805555555558 0.08718749999999997
3 0.7332986111111112 0.1490625 0.10743055555555543 0.13041666666666668
3 0.5606597222222222 0.2228125 0.47444444444444434 0.445625
3 0.22708333333333336 0.21958333333333332 0.12913194444444445 0.12406249999999996
3 0.31104166666666666 0.3360416666666667 0.1130902777777778 0.10427083333333335
3 0.16743055555555558 0.140625 0.1125 0.07770833333333335
3 0.2683506944444444 0.10494791666666665 0.10413194444444444 0.1223958333333333
3 0.7644791666666666 0.030052083333333333 0.09770833333333329 0.06010416666666667
3 0.2575 0.5672916666666666 0.28055555555555556 0.40875000000000006