5 0.8813483796296296 0.9560243055555556 0.11149305555555564 0.07582175925925938
0 0.7007175925925926 0.408113425925926 0.16652777777777777 0.12310185185185177
4 0.5546238425925927 0.6201446759259259 0.28254629629629624 0.1770833333333332
0 0.8120891203703703 0.2549363425925926 0.10059027777777771 0.0804282407407408
5 0.8657233796296296 0.7451909722222222 0.22143518518518518 0.1531944444444445
0 0.5985358796296296 0.32527199074074076 0.16959490740740737 0.11531250000000001
5 0.7758101851851851 0.14581597222222223 0.44837962962962974 0.29082175925925924
5 0.5614641203703703 0.06937499999999999 0.19480324074074068 0.13874999999999998
5 0.34149884259259256 0.3263946759259259 0.1726967592592592 0.11221064814814818
2 0.1567361111111111 0.38089120370370366 0.30993055555555554 0.2882175925925926
0 0.8844965277777778 0.43175347222222227 0.14593750000000014 0.08545138888888885
1 0.7806481481481482 0.5458101851851852 0.11177083333333329 0.11332175925925939
0 0.6592766203703704 0.5092071759259259 0.06434027777777782 0.03797453703703688
4 0.19262152777777777 0.5845428240740741 0.1428587962962963 0.09167824074074069
5 0.07258101851851852 0.5166782407407406 0.13842592592592592 0.1260185185185186
2 0.6933680555555556 0.8925694444444444 0.47182870370370367 0.2081712962962964
6 0.8890740740740741 0.8387731481481481 0.13493055555555564 0.0759953703703701
2 0.7916261574074074 0.7621469907407408 0.12245370370370381 0.07902777777777778
5 0.9006597222222222 0.5042939814814815 0.1050462962962964 0.04921296296296305