3 0.14414930555555555 0.9275868055555556 0.19524305555555554 0.14177083333333335
3 0.01484375 0.6244791666666666 0.0296875 0.1258333333333333
3 0.0703125 0.8417708333333334 0.06541666666666668 0.062361111111111
3 0.34130208333333334 0.77015625 0.12093749999999996 0.10107638888888885
3 0.25914930555555554 0.18008680555555556 0.03979166666666671 0.03368055555555553
3 0.19008680555555557 0.19567708333333333 0.0380208333333333 0.024270833333333332
3 0.1895659722222222 0.14883680555555556 0.0318402777777778 0.027256944444444466
3 0.16147569444444443 0.11276041666666665 0.024305555555555535 0.039583333333333304
3 0.2542013888888889 0.22704861111111113 0.032222222222222284 0.04444444444444447
3 0.3392534722222222 0.22984374999999999 0.036666666666666715 0.033611111111111126
3 0.2977430555555555 0.23545138888888886 0.027187499999999965 0.028715277777777715
3 0.28675347222222225 0.1677604166666667 0.025624999999999964 0.028680555555555553
3 0.3115451388888889 0.17657986111111112 0.03197916666666671 0.033506944444444464
3 0.3406423611111111 0.20248263888888887 0.03673611111111112 0.03673611111111112
3 0.36532986111111115 0.18085069444444443 0.038437500000000034 0.043020833333333376
3 0.37234375000000003 0.21661458333333333 0.03489583333333339 0.024201388888888876
3 0.39664930555555555 0.17703125 0.025763888888888965 0.034930555555555555
3 0.45947916666666666 0.1607986111111111 0.03993055555555554 0.03993055555555554
3 0.49930555555555556 0.16069444444444442 0.036805555555555536 0.039861111111111125
3 0.4950520833333334 0.21154513888888887 0.049236111111111217 0.03701388888888886
3 0.5135590277777778 0.22206597222222219 0.041319444444444284 0.03215277777777779
3 0.54296875 0.12848958333333332 0.06364583333333336 0.05295138888888888
3 0.5939409722222223 0.18904513888888888 0.04791666666666679 0.0479166666666667
3 0.5846527777777778 0.15020833333333333 0.046215277777777786 0.041631944444444444
3 0.6201041666666667 0.10100694444444444 0.05399305555555554 0.04024305555555556
3 0.6343229166666667 0.12880208333333334 0.038125000000000145 0.02895833333333333
3 0.6694618055555555 0.12880208333333334 0.04312499999999986 0.04312500000000004
3 0.7014409722222222 0.1304340277777778 0.032361111111111104 0.050694444444444466
3 0.7307118055555556 0.11338541666666666 0.0578125 0.07156250000000001
3 0.7686631944444444 0.09223958333333333 0.04166666666666678 0.04777777777777779
3 0.7968055555555555 0.1259722222222222 0.04489583333333336 0.05253472222222224
3 0.8008159722222222 0.08605902777777777 0.04135416666666671 0.03371527777777776
3 0.6551909722222222 0.17362847222222225 0.06052083333333336 0.052881944444444426
3 0.8928819444444445 0.47600694444444447 0.19465277777777779 0.11520833333333336
3 0.9360590277777778 0.6413715277777777 0.10128472222222236 0.13031250000000014
3 0.8323784722222222 0.5632465277777777 0.13625000000000007 0.087361111111111
3 0.7401215277777778 0.4278645833333333 0.060798611111111 0.06538194444444442
3 0.8063020833333333 0.40140624999999996 0.09364583333333343 0.06767361111111114
3 0.8243229166666668 0.29324652777777777 0.08694444444444435 0.11749999999999998
3 0.7474652777777777 0.30822916666666667 0.09142361111111122 0.10822916666666664
3 0.7991319444444445 0.7240624999999999 0.21031249999999985 0.18739583333333343
3 0.6629340277777778 0.7739409722222221 0.051284722222222176 0.05892361111111129
3 0.7326909722222222 0.9379340277777779 0.09298611111111121 0.037986111111111144
3 0.7895659722222221 0.9085590277777778 0.057048611111111217 0.03718749999999993
3 0.824392361111111 0.8874826388888888 0.03659722222222221 0.03048611111111086
3 0.8126562500000001 0.8533854166666668 0.03687499999999986 0.04298611111111086
3 0.7593229166666667 0.8639409722222222 0.05409722222222228 0.04493055555555543
3 0.70234375 0.8628645833333334 0.05743055555555561 0.05437499999999993
3 0.6415798611111111 0.85640625 0.05281249999999993 0.057395833333333354
3 0.6556076388888888 0.6468229166666666 0.07177083333333342 0.0671875
3 0.515451388888889 0.7342708333333332 0.1767708333333335 0.1538541666666667
3 0.4878993055555556 0.6036979166666667 0.06715277777777792 0.07020833333333343
3 0.37885416666666666 0.5912847222222222 0.10753472222222227 0.1304513888888888
3 0.3579340277777778 0.9001909722222223 0.05111111111111111 0.05111111111111129
3 0.3489236111111111 0.8488541666666667 0.06062500000000002 0.05756944444444443
3 0.3859548611111111 0.8691145833333334 0.03357638888888888 0.035104166666666714
3 0.38128472222222226 0.8332986111111111 0.038090277777777716 0.027395833333333286
3 0.4291145833333333 0.8595659722222223 0.035069444444444466 0.03201388888888914
3 0.4657986111111111 0.8251736111111111 0.040347222222222354 0.058680555555555715
3 0.06274305555555555 0.5147569444444444 0.10975694444444443 0.16017361111111122
3 0.04119791666666667 0.8869270833333334 0.016597222222222218 0.04409722222222214
3 0.028437499999999998 0.7935069444444445 0.01996527777777778 0.05510416666666664
3 0.89875 0.8795833333333334 0.07065972222222214 0.08746527777777757
6 0.9151562500000001 0.24671875000000001 0.12256944444444429 0.17451388888888886
6 0.5832118055555556 0.4961631944444445 0.10083333333333329 0.1802777777777777
6 0.4998958333333333 0.45038194444444446 0.1442708333333334 0.1671875
6 0.48984375 0.30536458333333333 0.10472222222222224 0.14444444444444446
6 0.35788194444444443 0.3754513888888889 0.12048611111111115 0.1510416666666666
6 0.4226388888888889 0.5184722222222222 0.1 0.14277777777777773
3 0.41916666666666663 0.7098611111111112 0.07218750000000007 0.0859375
3 0.38046875 0.6943229166666667 0.049409722222222285 0.04482638888888886
3 0.3237847222222222 0.6799652777777778 0.04756944444444446 0.03229166666666679
3 0.43076388888888884 0.9610416666666666 0.05284722222222236 0.058958333333333
3 0.3740625 0.9474652777777777 0.07381944444444448 0.08909722222222242
3 0.5392013888888888 0.9656597222222221 0.12909722222222228 0.046597222222222
3 0.6067881944444444 0.84078125 0.04458333333333329 0.03847222222222228
3 0.6978125000000001 0.9262152777777779 0.03864583333333336 0.05239583333333329
3 0.2488368055555555 0.7144270833333334 0.054201388888888855 0.04961805555555543
3 0.21354166666666666 0.6863194444444444 0.039826388888888876 0.035243055555555715
3 0.2088715277777778 0.6505034722222222 0.028680555555555553 0.02562500000000014
3 0.17880208333333333 0.6332118055555556 0.0353472222222222 0.044513888888888783
3 0.15392361111111114 0.5580208333333333 0.04326388888888886 0.04937500000000004
3 0.11612847222222222 0.43157986111111113 0.05927083333333334 0.06690972222222218
3 0.1914236111111111 0.4869097222222223 0.0462847222222222 0.044756944444444356
3 0.23194444444444445 0.3852777777777778 0.038437500000000034 0.043020833333333286
3 0.28322916666666664 0.39663194444444444 0.04340277777777786 0.055625000000000036
3 0.11156250000000001 0.7776041666666667 0.04482638888888886 0.049409722222222285
3 0.10625 0.7004166666666667 0.028784722222222215 0.030312499999999964
3 0.15078125 0.6994270833333334 0.03815972222222221 0.030520833333333285
3 0.013472222222222222 0.5300520833333333 0.026944444444444444 0.11177083333333329