6 0.865625 0.72265625 0.16171875 0.0875
6 0.7984375 0.8109375 0.165625 0.0921875
3 0.565625 0.0453125 0.07109375 0.090625
3 0.4578125 0.06328125 0.05078125 0.08125
3 0.4359375 0.14765625 0.05 0.053125
3 0.7125 0.17265625 0.10390625 0.09140625
3 0.62890625 0.14375 0.05859375 0.06328125
3 0.290625 0.678125 0.05859375 0.05390625
3 0.1109375 0.69765625 0.05546875 0.053125
3 0.11171875 0.6296875 0.06328125 0.0640625
3 0.77109375 0.6890625 0.084375 0.0734375
3 0.6765625 0.6296875 0.1171875 0.12109375
3 0.86953125 0.6 0.08046875 0.08359375
3 0.7796875 0.60234375 0.08046875 0.096875
3 0.3828125 0.3875 0.0578125 0.0828125
3 0.06328125 0.47734375 0.09609375 0.071875
3 0.25703125 0.37578125 0.14609375 0.08203125
3 0.73515625 0.28984375 0.09140625 0.0921875
3 0.4671875 0.359375 0.0484375 0.0609375
3 0.32109375 0.325 0.1125 0.05859375
3 0.2328125 0.4921875 0.11328125 0.05625
3 0.25 0.43359375 0.078125 0.06484375
3 0.5609375 0.41796875 0.08984375 0.06328125
3 0.64375 0.403125 0.0515625 0.06953125
3 0.54609375 0.7421875 0.06484375 0.05234375
3 0.61171875 0.7921875 0.084375 0.04921875