5 0.9396643518518518 0.39838541666666666 0.0798379629629629 0.12778935185185186
5 0.5724247685185185 0.7215625 0.09379629629629634 0.15665509259259255
5 0.4586516203703703 0.5725347222222222 0.1274537037037037 0.2349768518518518
5 0.7503761574074075 0.5941898148148148 0.11451388888888872 0.16567129629629634
5 0.8877256944444444 0.10740740740740742 0.1932986111111113 0.21481481481481485
5 0.3986805555555556 0.9180034722222221 0.09168981481481478 0.11603009259259238
5 0.07522569444444445 0.5578645833333333 0.1504513888888889 0.18959490740740748
5 0.354068287037037 0.7119155092592593 0.13542824074074078 0.23856481481481495
4 0.5875520833333333 0.3997800925925926 0.18637731481481482 0.2898726851851851
5 0.4363888888888889 0.1306886574074074 0.165625 0.22010416666666668
5 0.7401967592592593 0.7754861111111111 0.08239583333333336 0.11703703703703709
5 0.4881018518518518 0.8457233796296297 0.07940972222222235 0.14957175925925908
0 0.8958969907407408 0.8519328703703704 0.10211805555555564 0.13689814814814838
0 0.8902951388888889 0.6295138888888889 0.10395833333333329 0.20243055555555572
5 0.8037673611111111 0.19537037037037036 0.12534722222222214 0.1943518518518519
2 0.5931886574074074 0.876880787037037 0.06898148148148149 0.12870370370370382
4 0.10732638888888887 0.1451736111111111 0.21465277777777775 0.2784027777777778
4 0.32578703703703704 0.8818229166666667 0.08608796296296291 0.12815972222222208
5 0.8272395833333335 0.44866319444444447 0.12332175925925952 0.1552893518518518
0 0.8252430555555555 0.7875810185185186 0.08888888888888893 0.1220949074074074