5 0.6846006944444445 0.778125 0.12781249999999994 0.2023611111111112
5 0.9172743055555556 0.7471006944444445 0.10927083333333343 0.14065972222222226
6 0.5624826388888888 0.7617708333333334 0.1197916666666666 0.1926388888888889
5 0.13039930555555557 0.7402256944444445 0.11968749999999999 0.1879513888888889
5 0.04567708333333333 0.5803645833333333 0.06871527777777778 0.14197916666666668
5 0.756875 0.8344097222222222 0.09229166666666658 0.1492708333333333
5 0.9585069444444445 0.7762499999999999 0.06520833333333335 0.12465277777777786
6 0.8869097222222223 0.43434027777777773 0.1898958333333333 0.3268750000000001
5 0.9159201388888889 0.46875 0.16815972222222228 0.529513888888889
4 0.7598263888888889 0.15942708333333333 0.1305902777777778 0.18687500000000004
4 0.7960590277777777 0.6308854166666666 0.17250000000000015 0.24649305555555542
6 0.6948958333333334 0.6443402777777778 0.05861111111111121 0.10875000000000004
2 0.65890625 0.4647916666666666 0.09875000000000007 0.1589236111111111
1 0.4151736111111111 0.6303472222222222 0.09246527777777783 0.1570833333333333
4 0.21473958333333334 0.5316840277777778 0.08364583333333328 0.11142361111111114
1 0.47717013888888893 0.43486111111111114 0.12333333333333343 0.14128472222222221