6 0.6638773148148148 0.1988888888888889 0.1718055555555555 0.09896990740740738
5 0.39254050925925926 0.12197337962962962 0.42258101851851854 0.24394675925925924
6 0.08634837962962963 0.15396412037037038 0.13708333333333333 0.12027777777777775
6 0.17016203703703703 0.18347800925925925 0.11542824074074072 0.15326388888888892
2 0.41251736111111115 0.32349537037037035 0.14723379629629624 0.07570601851851855
6 0.6804861111111111 0.3076157407407408 0.1763310185185185 0.09612268518518512
1 0.19527199074074075 0.7281944444444445 0.06336805555555554 0.05048611111111114
1 0.16575810185185186 0.9297743055555555 0.06805555555555554 0.05076388888888879
1 0.16698495370370373 0.8325289351851852 0.04814814814814818 0.05737268518518519
1 0.08072337962962964 0.7255787037037037 0.05356481481481481 0.071712962962963
4 0.1369386574074074 0.343744212962963 0.24454861111111112 0.1500115740740741
1 0.6255497685185185 0.4723032407407407 0.12018518518518526 0.06475694444444446