6 0.59609375 0.45703125 0.55078125 0.44921875
2 0.21328125 0.31171875 0.1796875 0.1
6 0.5984375 0.71328125 0.153125 0.0984375
6 0.34921875 0.8859375 0.40703125 0.228125
6 0.66328125 0.94140625 0.24609375 0.11640625
4 0.18515625 0.6796875 0.36875 0.16015625
2 0.39921875 0.415625 0.125 0.03828125
5 0.2046875 0.20703125 0.3984375 0.23671875
4 0.69453125 0.08125 0.221875 0.08515625
5 0.9015625 0.4375 0.19140625 0.1015625
4 0.91015625 0.7484375 0.17890625 0.0671875
6 0.8609375 0.9125 0.17578125 0.078125