6 0.7655902777777778 0.7138541666666667 0.4286342592592593 0.5722916666666666
6 0.9570023148148149 0.2911458333333333 0.07627314814814809 0.2697916666666667
2 0.3632696759259259 0.22098958333333335 0.1540277777777778 0.3279166666666667
5 0.23268518518518516 0.06333333333333334 0.12837962962962965 0.10354166666666667
6 0.4966435185185185 0.9839583333333334 0.18449074074074084 0.03208333333333328
5 0.00274884259259259 0.8719270833333332 0.00549768518518518 0.08760416666666657
5 0.11279513888888888 0.8086458333333333 0.22559027777777776 0.3141666666666666
4 0.31544560185185183 0.891640625 0.18041666666666661 0.21671875000000007
6 0.4683680555555555 0.8974479166666667 0.2087037037037037 0.20510416666666664
6 0.524537037037037 0.28583333333333333 0.1660069444444444 0.2586458333333333
4 0.5283796296296297 0.15125 0.1276157407407407 0.2389583333333333