3 0.701851851851852 0.18715277777777778 0.16793981481481488 0.19502314814814814
3 0.3253761574074074 0.06524884259259259 0.1836226851851852 0.11290509259259258
3 0.43420138888888893 0.18975694444444444 0.11192129629629619 0.07280092592592591
3 0.5450520833333334 0.36519097222222224 0.14513888888888893 0.16921296296296298
3 0.46241319444444445 0.4841724537037037 0.16724537037037024 0.1762731481481481
3 0.3554976851851852 0.37146990740740743 0.1546875 0.13211805555555553
3 0.7508391203703704 0.4698206018518519 0.07262731481481488 0.06510416666666678
3 0.6958043981481481 0.4560474537037037 0.04427083333333322 0.0578125
3 0.7120081018518519 0.504369212962963 0.053298611111111074 0.048784722222222146
3 0.6763020833333333 0.49678819444444444 0.03101851851851851 0.03703703703703702
3 0.6279224537037037 0.49343171296296295 0.05046296296296297 0.05648148148148149
3 0.7173900462962963 0.5491608796296296 0.03385416666666661 0.029340277777777857
3 0.68671875 0.5535011574074075 0.03726851851851851 0.03726851851851851
3 0.6563946759259259 0.5695891203703705 0.030613425925925954 0.026099537037037025
3 0.5841435185185185 0.5348379629629629 0.03888888888888893 0.03888888888888893
3 0.5468171296296296 0.507638888888889 0.06753472222222215 0.09612268518518512
3 0.7051215277777778 0.584693287037037 0.051446759259259164 0.0409143518518519
3 0.559230324074074 0.5949363425925925 0.0747106481481481 0.07922453703703702
3 0.5713541666666666 0.6689236111111111 0.07552083333333322 0.05896990740740726
3 0.5072337962962963 0.6681134259259259 0.0796875 0.08721064814814809
3 0.449681712962963 0.6166956018518519 0.07436342592592596 0.06984953703703703
3 0.872974537037037 0.8897569444444444 0.07743055555555571 0.152662037037037
3 0.8236979166666668 0.9997685185185186 0.05896990740740762 0.0004629629629629761
3 0.7701967592592591 0.9702546296296297 0.10138888888888893 0.059490740740740476
3 0.5571469907407407 0.8835358796296298 0.1421875 0.1316550925925924
3 0.675144675925926 0.978269675925926 0.14311342592592596 0.043460648148148096
3 0.3329861111111111 0.9302228009259259 0.1757523148148148 0.1395543981481481
3 0.16710069444444448 0.8323206018518519 0.18402777777777776 0.2081018518518519
3 0.23527199074074073 0.8504918981481481 0.10700231481481479 0.15063657407407405
3 0.009056712962962963 0.5624131944444445 0.018113425925925925 0.07795138888888893
3 0.029021990740740737 0.5195891203703704 0.058043981481481474 0.08049768518518512
3 0.04985532407407407 0.42821180555555555 0.060127314814814814 0.06464120370370381
3 0.06961805555555556 0.3804398148148148 0.07488425925925926 0.08391203703703702
3 0.11041666666666668 0.37725694444444446 0.026157407407407397 0.032175925925925955
3 0.09664351851851852 0.4111689814814815 0.032638888888888884 0.03865740740740744
3 0.018460648148148146 0.604195601851852 0.03692129629629629 0.08026620370370381
3 0.12361111111111112 0.29560185185185184 0.04971064814814814 0.03616898148148149
3 0.0732349537037037 0.2827835648148148 0.02754629629629628 0.027546296296296367
3 0.05353009259259258 0.30787037037037035 0.03703703703703702 0.03101851851851851
6 0.35228587962962965 0.45818865740740744 0.11423611111111107 0.0931712962962962
6 0.19811921296296295 0.35390625 0.14513888888888887 0.12708333333333338
6 0.2788483796296296 0.4765914351851851 0.09594907407407405 0.06284722222222214
6 0.2748263888888889 0.5429398148148148 0.15410879629629629 0.11649305555555553
6 0.1449074074074074 0.5021412037037036 0.15914351851851852 0.12604166666666677
6 0.4627604166666666 0.3480613425925926 0.10486111111111107 0.09282407407407404
3 0.9416666666666668 0.34467592592592594 0.09756944444444429 0.10659722222222215
3 0.9702256944444445 0.270630787037037 0.04427083333333322 0.0578125
3 0.9051215277777779 0.23301504629629627 0.05775462962962976 0.04270833333333339
3 0.8668113425925927 0.29574652777777777 0.05399305555555571 0.06753472222222223
3 0.9365451388888889 0.44071180555555556 0.09971064814814809 0.08015046296296298
3 0.88203125 0.5607349537037037 0.20283564814814808 0.1682291666666666
3 0.76875 0.5987847222222221 0.1268518518518519 0.09675925925925917
2 0.9024016203703704 0.7077835648148147 0.140625 0.21585648148148148
3 0.7666956018518519 0.865480324074074 0.0971643518518519 0.09565972222222215
3 0.7706597222222222 0.8006944444444445 0.06805555555555554 0.06805555555555536
3 0.707667824074074 0.7905381944444445 0.04583333333333321 0.05787037037037024
3 0.6907986111111111 0.7390625 0.04236111111111107 0.048379629629629585
3 0.4161168981481481 0.7625289351851852 0.18350694444444446 0.1940393518518519