0 0.34138888888888885 0.37712962962962965 0.17899305555555553 0.32540509259259254
5 0.15684027777777776 0.6012037037037037 0.1328125 0.2147337962962963
6 0.7330381944444444 0.7761921296296297 0.22899305555555555 0.25662037037037033
5 0.6466319444444444 0.4836342592592592 0.11069444444444443 0.1328819444444445
4 0.6904340277777777 0.2398900462962963 0.35444444444444445 0.4797800925925926
4 0.86625 0.4380902777777778 0.2533333333333335 0.2979398148148148
5 0.029982638888888892 0.7668576388888889 0.059965277777777784 0.18503472222222223
2 0.31810763888888893 0.5464583333333334 0.09774305555555554 0.11219907407407419
2 0.16666666666666666 0.8265451388888888 0.054201388888888855 0.0500115740740739
5 0.5013368055555556 0.5222916666666666 0.08277777777777776 0.07115740740740754
1 0.14184027777777777 0.014374999999999999 0.11631944444444446 0.028749999999999998
6 0.8621180555555557 0.09703125 0.1547569444444445 0.14824074074074073
5 0.5260416666666667 0.6753645833333334 0.10444444444444442 0.13269675925925917
5 0.70796875 0.5341261574074074 0.19277777777777771 0.17278935185185187
0 0.06921875 0.2986979166666667 0.1384375 0.4088541666666667