3 0.04155092592592593 0.8692361111111111 0.020486111111111115 0.047847222222222284
3 0.07013888888888889 0.8831944444444446 0.059548611111111115 0.04987268518518491
3 0.12948495370370372 0.8854918981481482 0.03917824074074074 0.047256944444444574
3 0.08715277777777779 0.8372916666666667 0.05185185185185186 0.052592592592592524
3 0.0722800925925926 0.7725810185185186 0.07175925925925926 0.08481481481481482
3 0.2211226851851852 0.7491087962962963 0.08541666666666661 0.07460648148148152
3 0.18946759259259258 0.6733912037037036 0.0696759259259259 0.0706712962962964
3 0.037673611111111116 0.6382291666666667 0.030439814814814815 0.06395833333333342
3 0.23246527777777776 0.10796296296296296 0.18368055555555554 0.2013425925925926
3 0.3857060185185185 0.14008101851851854 0.09461805555555554 0.11251157407407408
3 0.36067708333333337 0.05379050925925925 0.15885416666666669 0.07841435185185186
3 0.6138020833333334 0.21428819444444444 0.3494791666666668 0.3830439814814815
3 0.7935474537037037 0.37254050925925924 0.08755787037037041 0.0903125000000001
3 0.6147858796296296 0.4303298611111111 0.1065393518518519 0.09753472222222222
3 0.5135706018518519 0.3923321759259259 0.07824074074074083 0.09138888888888888
3 0.43842592592592594 0.3634837962962963 0.06846064814814809 0.07996527777777782
3 0.837210648148148 0.5829976851851851 0.12424768518518547 0.15459490740740733
2 0.293605324074074 0.8113483796296297 0.20509259259259255 0.18997685185185204
2 0.5375 0.9811689814814816 0.16782407407407404 0.037662037037036813
3 0.19985532407407408 0.3854224537037037 0.0870949074074074 0.07781250000000002