5 0.05078125 0.87109375 0.1015625 0.0890625
0 0.30859375 0.38359375 0.13984375 0.0890625
4 0.40859375 0.59765625 0.2421875 0.121875
0 0.23125 0.22734375 0.08359375 0.06015625
5 0.1 0.6640625 0.2 0.109375
0 0.4140625 0.32421875 0.14453125 0.08125
5 0.26328125 0.121875 0.41875 0.2125
5 0.48828125 0.08125 0.16015625 0.134375
5 0.64765625 0.3640625 0.146875 0.07890625
2 0.840625 0.44296875 0.31875 0.2234375
0 0.1375 0.3765625 0.12578125 0.05625
1 0.215625 0.496875 0.08828125 0.0890625
0 0.33125 0.48203125 0.0546875 0.0265625
4 0.74375 0.621875 0.12265625 0.06328125
5 0.90234375 0.5796875 0.19140625 0.0953125
2 0.23515625 0.88046875 0.40625 0.2328125
6 0.065625 0.74609375 0.13046875 0.0484375
2 0.171875 0.690625 0.103125 0.05546875
5 0.1125 0.440625 0.09296875 0.0296875