5 0.6609085648148147 0.4557986111111111 0.16521990740740744 0.29124999999999995
5 0.9603587962962962 0.3951041666666667 0.07928240740740762 0.18222222222222229
5 0.5331018518518519 0.6391145833333333 0.11475694444444429 0.19229166666666658
5 0.4223668981481482 0.5016145833333334 0.15486111111111106 0.26427083333333334
4 0.13449074074074072 0.6098784722222221 0.24212962962962964 0.5146180555555556
6 0.33587962962962964 0.9554166666666667 0.2054398148148148 0.07152777777777786
3 0.3375578703703704 0.7894444444444444 0.0953125 0.1305902777777778
3 0.521730324074074 0.8814236111111111 0.09444444444444447 0.10715277777777779
3 0.6601273148148149 0.7516319444444444 0.12708333333333321 0.10392361111111104
0 0.7983217592592593 0.3628298611111111 0.14571759259259257 0.22798611111111117
0 0.8930266203703703 0.08864583333333334 0.11880787037037024 0.17531249999999998
4 0.6879050925925926 0.10715277777777779 0.11041666666666679 0.20145833333333335