4 0.7105787037037037 0.23515625 0.46946759259259263 0.4703125
4 0.8571875 0.675 0.27298611111111093 0.496875
6 0.3438194444444444 0.10078125 0.19962962962962968 0.1859375
0 0.21438078703703703 0.55859375 0.3086689814814815 0.4796875
5 0.6033275462962963 0.4609375 0.24637731481481479 0.2828125
1 0.5442476851851852 0.7046875 0.2938773148148147 0.325
5 0.7605787037037037 0.02421875 0.25071759259259263 0.0484375
0 0.37274884259259256 0.94296875 0.10469907407407408 0.10625
4 0.891724537037037 0.453125 0.16488425925925937 0.1609375
1 0.7163020833333333 0.85078125 0.26312499999999994 0.253125
2 0.12192129629629629 0.6296875 0.07956018518518518 0.096875
2 0.02791956018518519 0.53828125 0.05583912037037038 0.071875
0 0.11436921296296296 0.1796875 0.22873842592592591 0.23125
1 0.34619212962962964 0.46796875 0.1982870370370371 0.30625