6 0.6223321759259259 0.49734375000000003 0.1988888888888889 0.27624999999999994
5 0.2574537037037037 0.06274305555555555 0.1289467592592592 0.11378472222222222
5 0.5832465277777777 0.17699652777777777 0.11023148148148146 0.11805555555555554
5 0.22140046296296295 0.573576388888889 0.13467592592592598 0.25451388888888893
5 0.14515625 0.08758680555555556 0.11020833333333332 0.11493055555555554
6 0.04241319444444445 0.5586631944444445 0.07876157407407407 0.298576388888889
6 0.9055092592592594 0.3365277777777778 0.18898148148148125 0.6151388888888889
6 0.7613425925925925 0.5988541666666667 0.19107638888888906 0.27607638888888886
6 0.4885590277777778 0.8852256944444445 0.2501967592592592 0.229548611111111
2 0.3513483796296296 0.6116145833333333 0.07424768518518521 0.1110069444444445
6 0.40064236111111107 0.3065104166666667 0.2834837962962963 0.3078125
2 0.24839699074074076 0.7382118055555555 0.04320601851851853 0.13843750000000005
6 0.2543171296296296 0.9047222222222222 0.06387731481481485 0.18732638888888892
4 0.15868055555555555 0.9643055555555555 0.050416666666666644 0.057361111111111286
5 0.09918402777777777 0.9465798611111111 0.06468750000000001 0.085798611111111
5 0.01828125 0.8861979166666668 0.024293981481481486 0.11614583333333357
5 0.11715856481481482 0.5259548611111111 0.1044675925925926 0.18354166666666671
5 0.36563078703703705 0.11435763888888888 0.07435185185185186 0.12506944444444446
4 0.7496932870370371 0.6079687500000001 0.2039236111111112 0.3232291666666667
4 0.9016030092592594 0.3301909722222222 0.19679398148148125 0.6028125