4 0.74296875 0.4140625 0.26796875 0.13671875
5 0.91484375 0.7125 0.1609375 0.07734375
5 0.22109375 0.734375 0.13125 0.0890625
5 0.45390625 0.41640625 0.1875 0.15390625
5 0.56953125 0.19140625 0.35234375 0.3109375
5 0.60390625 0.61484375 0.22421875 0.14296875
4 0.53671875 0.8140625 0.303125 0.13125
4 0.9265625 0.4421875 0.13125 0.071875
0 0.91640625 0.33828125 0.1671875 0.09453125
0 0.78359375 0.2203125 0.14765625 0.103125
4 0.94140625 0.51875 0.11640625 0.0578125
0 0.13515625 0.39140625 0.09375 0.059375
0 0.93984375 0.16484375 0.11953125 0.09453125
0 0.96953125 0.1015625 0.06015625 0.07890625
1 0.92265625 0.04921875 0.0890625 0.0984375
0 0.7421875 0.41015625 0.2734375 0.121875