6 0.9792708333333333 0.3775115740740741 0.041458333333333285 0.07541666666666665
4 0.8465798611111112 0.7946585648148148 0.3068402777777777 0.4106828703703703
5 0.734201388888889 0.2826909722222222 0.11833333333333336 0.2023726851851852
5 0.44208333333333333 0.0712210648148148 0.11854166666666668 0.13677083333333334
5 0.5663194444444445 0.12524884259259259 0.13656249999999998 0.22593749999999999
5 0.6467708333333333 0.28360532407407407 0.10541666666666671 0.19290509259259264
5 0.9794791666666667 0.20567129629629627 0.04104166666666664 0.13472222222222224
6 0.9667187500000001 0.4484259259259259 0.06656249999999986 0.08172453703703705
3 0.49906249999999996 0.15833333333333333 0.062013888888888855 0.05981481481481481
4 0.19381944444444446 0.8464699074074072 0.2156944444444444 0.21402777777777757
1 0.5694791666666668 0.934380787037037 0.07979166666666657 0.10836805555555529
5 0.7017013888888889 0.98984375 0.05111111111111111 0.0203125
0 0.4733680555555556 0.8786805555555557 0.15777777777777774 0.2426388888888887
0 0.048802083333333336 0.7290277777777778 0.03732638888888888 0.10180555555555557
4 0.06861111111111111 0.8760011574074074 0.05802083333333332 0.07540509259259273
0 0.08244791666666668 0.7480208333333334 0.06583333333333334 0.07546296296296298
0 0.7568923611111111 0.5999421296296296 0.09868055555555558 0.11163194444444428
0 0.8692187499999999 0.38600115740740737 0.06447916666666664 0.0801388888888889
0 0.9203472222222221 0.323900462962963 0.06031249999999986 0.056678240740740723
3 0.3332118055555556 0.20474537037037038 0.03482638888888889 0.04555555555555557
3 0.3792361111111111 0.1332349537037037 0.037256944444444426 0.029953703703703694
3 0.4540451388888889 0.21735532407407407 0.04059027777777775 0.034664351851851814
3 0.43154513888888885 0.1679861111111111 0.030659722222222286 0.022094907407407403
3 0.6297743055555556 0.16476851851851854 0.03861111111111111 0.025277777777777777
3 0.8197048611111111 0.15055555555555555 0.04038194444444443 0.02997685185185186
3 0.885121527777778 0.28693287037037035 0.035902777777777575 0.034629629629629656
0 0.2606423611111111 0.5400347222222222 0.057256944444444444 0.05821759259259256
3 0.4751215277777778 0.3049826388888889 0.05381944444444446 0.08630787037037031
3 0.8662152777777777 0.08998263888888888 0.08503472222222222 0.05061342592592592
3 0.8716666666666667 0.17749421296296297 0.059791666666666646 0.08010416666666668
5 0.48211805555555554 0.23396412037037034 0.049861111111111 0.06753472222222223
6 0.8493055555555555 0.8032696759259259 0.30138888888888893 0.3934606481481481