6 0.26850694444444445 0.2567013888888889 0.22121527777777777 0.4734375
3 0.06956597222222223 0.7370891203703703 0.09156249999999999 0.1171180555555555
4 0.06428819444444445 0.8163599537037036 0.06638888888888887 0.10800925925925924
6 0.1787673611111111 0.7236053240740741 0.08444444444444446 0.14796296296296313
6 0.1122048611111111 0.8256076388888889 0.08895833333333333 0.21062499999999992
6 0.07680555555555556 0.9924768518518519 0.05958333333333334 0.012453703703703667
6 0.2382986111111111 0.7979513888888888 0.10631944444444441 0.2193287037037038
6 0.08604166666666667 0.28180555555555553 0.07770833333333334 0.12576388888888887
6 0.12572916666666667 0.3782986111111111 0.11819444444444445 0.19185185185185186
4 0.052517361111111105 0.07549189814814815 0.09784722222222222 0.11900462962962963
4 0.025451388888888888 0.23019675925925925 0.04291666666666666 0.10523148148148147
4 0.20460069444444443 0.05771701388888889 0.1602777777777778 0.11543402777777778
5 0.4406770833333333 0.3314641203703704 0.1593055555555555 0.21583333333333332
2 0.47762152777777783 0.6212905092592592 0.06524305555555543 0.19690972222222225
2 0.5877430555555556 0.7548032407407408 0.07371527777777782 0.1567708333333334
2 0.5428819444444445 0.5662847222222223 0.06788194444444447 0.24542824074074082
5 0.3738020833333333 0.45460069444444445 0.10277777777777777 0.13018518518518524
6 0.7232291666666667 0.6570486111111111 0.2758680555555554 0.6151736111111111