4 0.1883101851851852 0.09842013888888888 0.27337962962962964 0.1914236111111111
6 0.393599537037037 0.1412152777777778 0.378425925925926 0.263125
6 0.26749421296296294 0.24758680555555554 0.37684027777777784 0.2926736111111111
6 0.4913252314814815 0.34053819444444444 0.1850462962962963 0.20152777777777775
2 0.3769733796296296 0.9149131944444445 0.20481481481481484 0.16187499999999985
2 0.466568287037037 0.8632986111111112 0.11423611111111107 0.09861111111111143
6 0.7433159722222222 0.479375 0.2787962962962963 0.20569444444444435
6 0.6507696759259259 0.22546875000000002 0.238599537037037 0.1820833333333333
6 0.39130208333333333 0.5177604166666667 0.5124884259259259 0.3532638888888888
6 0.19855324074074074 0.6861631944444444 0.2345833333333333 0.16475694444444447
5 0.7428125 0.9345833333333333 0.23204861111111122 0.13083333333333336
5 0.7569444444444444 0.8206076388888889 0.23927083333333315 0.16496527777777778
5 0.27553819444444444 0.9574131944444446 0.3391550925925927 0.08517361111111085
5 0.042841435185185184 0.8246180555555555 0.08568287037037037 0.19298611111111086
0 0.5678414351851852 0.7072743055555556 0.12862268518518521 0.10548611111111121