6 0.91484375 0.85234375 0.1703125 0.23203125
6 0.10078125 0.5609375 0.2015625 0.31875
6 0.28359375 0.59609375 0.46796875 0.2359375
5 0.7390625 0.190625 0.521875 0.2703125
5 0.1109375 0.22890625 0.221875 0.29140625
5 0.48046875 0.0640625 0.41171875 0.12734375
5 0.83671875 0.0546875 0.3265625 0.109375
5 0.5875 0.66953125 0.47265625 0.096875
0 0.73828125 0.915625 0.21328125 0.1046875
4 0.4484375 0.934375 0.121875 0.084375
3 0.36953125 0.75859375 0.08203125 0.08046875
0 0.21484375 0.77734375 0.11328125 0.09765625
0 0.60859375 0.5421875 0.159375 0.0578125
5 0.48359375 0.334375 0.19375 0.0578125