5 0.91484375 0.5408796296296297 0.1703125 0.1215740740740742
5 0.90625 0.417505787037037 0.1875 0.14045138888888892
2 0.0609375 0.7292361111111111 0.121875 0.1446527777777778
1 0.18359375 0.4728587962962963 0.3671875 0.26990740740740743
4 0.90546875 0.2581365740740741 0.1890625 0.256087962962963
4 0.55625 0.2092303240740741 0.6125 0.4184606481481482
4 0.51171875 0.4024594907407407 0.271875 0.15513888888888888
4 0.13828125 0.22710069444444442 0.21875 0.22349537037037043
1 0.22109375 0.09352430555555555 0.3203125 0.1870486111111111
5 0.82109375 0.6314178240740741 0.290625 0.15371527777777771
6 0.3453125 0.8099421296296295 0.525 0.35388888888888914
5 0.89453125 0.6902488425925926 0.16875 0.14031249999999992