4 0.1890625 0.7578125 0.33984375 0.23671875
5 0.165625 0.559375 0.14375 0.1171875
5 0.46796875 0.41015625 0.38125 0.18671875
5 0.64453125 0.94921875 0.19453125 0.1015625
6 0.85625 0.30546875 0.284375 0.14453125
4 0.41875 0.95625 0.15859375 0.08671875
4 0.23984375 0.9453125 0.19765625 0.109375
6 0.91015625 0.60546875 0.1796875 0.1859375
6 0.76875 0.48359375 0.209375 0.146875
5 0.365625 0.19453125 0.18359375 0.1421875
2 0.190625 0.371875 0.2109375 0.10859375
4 0.8625 0.0734375 0.275 0.140625
5 0.52109375 0.10390625 0.16015625 0.06484375
5 0.1875 0.21171875 0.15078125 0.06171875
2 0.62734375 0.28359375 0.20078125 0.06875
5 0.83515625 0.20546875 0.1828125 0.0578125