4 0.13026041666666666 0.2965625 0.2605208333333333 0.40374999999999994
5 0.5932523148148148 0.46781249999999996 0.15034722222222213 0.1734375
5 0.4184027777777778 0.45067708333333334 0.14780092592592595 0.23552083333333335
0 0.5869444444444445 0.7055729166666665 0.39 0.4882291666666667
5 0.7413136574074073 0.8976041666666668 0.18239583333333337 0.11020833333333328
5 0.1836111111111111 0.7538541666666667 0.3672222222222222 0.4547916666666666
6 0.25763888888888886 0.08015625 0.4222222222222222 0.1603125
1 0.5135416666666666 0.21088541666666666 0.1067592592592593 0.12072916666666664
1 0.8376678240740741 0.2958854166666667 0.07100694444444429 0.12145833333333336
4 0.7572453703703704 0.5105729166666666 0.144212962962963 0.22750000000000004
0 0.8672858796296297 0.6627604166666667 0.1927083333333332 0.3630208333333334
5 0.9076504629629628 0.41494791666666664 0.14525462962962976 0.2976041666666667
0 0.036759259259259255 0.5310416666666666 0.07351851851851851 0.18166666666666664
3 0.8744444444444444 0.7914583333333333 0.0552546296296299 0.03947916666666664