4 0.5568576388888888 0.8583854166666667 0.5588541666666667 0.28322916666666664
4 0.11427083333333335 0.2453125 0.2285416666666667 0.228125
5 0.8393229166666666 0.8081770833333334 0.2227777777777778 0.17531250000000007
5 0.3442361111111111 0.11776041666666666 0.2959027777777778 0.2082291666666667
0 0.80390625 0.19463541666666667 0.2859375 0.2994791666666667
1 0.5195486111111112 0.26343750000000005 0.22965277777777776 0.18979166666666672
0 0.35769097222222224 0.29104166666666664 0.18934027777777782 0.15906249999999994
5 0.16163194444444445 0.38296874999999997 0.14197916666666663 0.14500000000000002
0 0.009322916666666667 0.43947916666666664 0.018645833333333334 0.10083333333333329
0 0.04666666666666667 0.5170312499999999 0.09333333333333334 0.17156249999999992
6 0.06913194444444444 0.6347916666666666 0.13826388888888888 0.10697916666666671
1 0.4373958333333333 0.6309375 0.35107638888888887 0.22281250000000002
1 0.3859548611111111 0.5366145833333333 0.17906250000000004 0.13812499999999997
1 0.19907986111111112 0.8273958333333333 0.3021180555555556 0.24291666666666673
2 0.8374652777777778 0.9305729166666665 0.252986111111111 0.13885416666666686
4 0.8421875 0.9316666666666666 0.24340277777777786 0.13666666666666671
0 0.937361111111111 0.5240104166666667 0.09249999999999972 0.18843750000000004
0 0.1817361111111111 0.45953125000000006 0.3470833333333333 0.23812499999999998