3 0.484375 0.6453125 0.1671875 0.12734375
3 0.79921875 0.71875 0.0484375 0.071875
3 0.759375 0.74296875 0.040625 0.08046875
3 0.409375 0.93046875 0.08046875 0.07734375
3 0.6046875 0.9390625 0.17265625 0.12109375
3 0.1796875 0.80859375 0.06171875 0.065625
3 0.07734375 0.71640625 0.071875 0.06640625
3 0.2140625 0.72109375 0.0515625 0.05546875
3 0.0703125 0.5828125 0.04453125 0.0578125
3 0.2484375 0.48203125 0.05078125 0.08125
3 0.0296875 0.346875 0.059375 0.1
3 0.09921875 0.19296875 0.0640625 0.0703125
3 0.64609375 0.26015625 0.04765625 0.06796875
3 0.18671875 0.2765625 0.0578125 0.0671875
3 0.36796875 0.35546875 0.0421875 0.03828125
3 0.453125 0.46171875 0.09375 0.05625
3 0.73984375 0.4859375 0.07734375 0.06875
3 0.65234375 0.50625 0.0515625 0.05078125
3 0.621875 0.5421875 0.05625 0.05234375
3 0.6515625 0.58515625 0.05078125 0.05390625
3 0.6390625 0.62109375 0.071875 0.04765625
3 0.7171875 0.65390625 0.0859375 0.0953125
3 0.80234375 0.61015625 0.09921875 0.1203125
3 0.7890625 0.41484375 0.0828125 0.12265625
3 0.93671875 0.10234375 0.121875 0.1578125
3 0.79140625 0.21953125 0.109375 0.13828125
3 0.88203125 0.02421875 0.1171875 0.04765625
3 0.8046875 0.09453125 0.0859375 0.128125
3 0.65859375 0.16328125 0.05859375 0.065625
3 0.5734375 0.328125 0.17734375 0.07109375
3 0.48984375 0.08046875 0.23203125 0.1265625
3 0.321875 0.17265625 0.29921875 0.15078125
2 0.33984375 0.24453125 0.18515625 0.11015625
3 0.040625 0.53125 0.0671875 0.06484375
3 0.31796875 0.38828125 0.03046875 0.03671875
3 0.309375 0.34375 0.025 0.04609375
3 0.56875 0.38046875 0.03359375 0.04375
3 0.47265625 0.39140625 0.040625 0.05703125
3 0.06171875 0.13515625 0.0390625 0.0453125
3 0.04453125 0.20390625 0.0359375 0.0671875
3 0.06875 0.2546875 0.06640625 0.04921875
3 0.075 0.33671875 0.0390625 0.04921875
3 0.03125 0.59921875 0.0625 0.0671875
3 0.34140625 0.7140625 0.10390625 0.08671875
3 0.63125 0.39921875 0.04765625 0.046875
3 0.5328125 0.44765625 0.03515625 0.046875
3 0.85859375 0.378125 0.07578125 0.11484375
3 0.6734375 0.05859375 0.04765625 0.05234375