5 0.8978298611111111 0.8725289351851853 0.14979166666666685 0.2549421296296295
5 0.8711689814814815 0.5887905092592594 0.2576620370370371 0.4229050925925925
4 0.6229629629629629 0.6436400462962963 0.18115740740740732 0.33940972222222215
4 0.10593749999999999 0.7212615740740741 0.13049768518518517 0.23359953703703695
4 0.5033333333333333 0.39432870370370365 0.16998842592592603 0.21413194444444442
5 0.913923611111111 0.12659143518518517 0.115347222222222 0.15170138888888887
5 0.5540740740740742 0.1862673611111111 0.20898148148148152 0.3052314814814815
5 0.42719907407407404 0.1577199074074074 0.12759259259259254 0.2676967592592593
5 0.25657407407407407 0.23172453703703702 0.12644675925925924 0.15547453703703704
4 0.10961805555555555 0.1163136574074074 0.19412037037037036 0.16883101851851853
6 0.05796875 0.17166666666666666 0.11042824074074076 0.2370833333333333
6 0.4062847222222222 0.9126967592592592 0.18800925925925932 0.17460648148148153
6 0.34504629629629624 0.57109375 0.2759606481481482 0.36527777777777787
6 0.636545138888889 0.8866030092592592 0.1492476851851851 0.22679398148148167
2 0.7453703703703705 0.7061921296296296 0.13604166666666656 0.19031249999999994