4 0.5737731481481482 0.3194444444444444 0.2790162037037037 0.38871527777777776
5 0.24308449074074073 0.94609375 0.09392361111111107 0.1078125
5 0.3388715277777778 0.915486111111111 0.15737268518518518 0.169027777777778
5 0.8946874999999999 0.29305555555555557 0.18861111111111128 0.29413194444444446
5 0.3154050925925926 0.5565625 0.1090046296296296 0.19065972222222224
6 0.01918402777777778 0.09852430555555555 0.03836805555555556 0.10329861111111112
4 0.0071817129629629635 0.2597569444444444 0.014363425925925927 0.13826388888888888
6 0.023408564814814813 0.3550520833333334 0.046817129629629625 0.06947916666666672
6 0.11719907407407408 0.4265798611111111 0.10905092592592594 0.19378472222222226
6 0.1948226015625 0.307057634375 0.1992651125 0.2991724265625 0.20019191875 0.294401534375 0.20334072500000003 0.290221415625 0.20453717968750001 0.28543419375 0.21458623437500002 0.2645158421875 0.2161923109375 0.2582531171875 0.22062450937500003 0.25326992187499997 0.2337251203125 0.2270893203125 0.238048275 0.21485925312499998 0.2433836890625 0.1927756921875 0.24259537187500002 0.1870206578125 0.23998437031250003 0.1821013625 0.23355560625 0.179952009375 0.2284544484375 0.183525025 0.16554307968749998 0.20147955624999997 0.1332165515625 0.1947332609375 0.1152799703125 0.19727029375 0.1060589859375 0.20326887187499998 0.102770203125 0.20890816406249998 0.1010344578125 0.2137280484375 0.10118623125 0.2184336125 0.0999249453125 0.22249941406249998 0.10048634218750001 0.22572947499999998 0.0953866703125 0.23836924375000001 0.0922393515625 0.25161611562499997 0.0940429 0.2656511546875 0.1012511578125 0.2855243078125 0.10503799062500001 0.29146041093749997 0.10659251562500001 0.2997077546875 0.11142700000000001 0.3142845734375 0.120294371875 0.322451684375 0.1248680328125 0.325076065625 0.13110378281249999 0.3341279109375 0.142235878125 0.3403444890625 0.1439406921875 0.3442306484375 0.14864402031249999 0.348297871875 0.15608802187499998 0.358727234375 0.16470636562500002 0.361106646875 0.1720928703125 0.3497790703125 0.181322678125 0.3318117265625 0.191922821875 0.31702545 0.1948226015625 0.307057634375
6 0.4179108796296296 0.44463541666666667 0.18840277777777778 0.28006944444444437
5 0.5643981481481481 0.9374652777777778 0.17717592592592588 0.1250694444444445
6 0.8277662037037038 0.5887152777777778 0.16953703703703696 0.27142361111111113
5 0.8400694444444443 0.07486111111111111 0.09486111111111128 0.07916666666666665
6 0.015052083333333332 0.26088541666666665 0.030104166666666664 0.15614583333333334