6 0.7756712962962963 0.56875 0.41476851851851854 0.565625
6 0.41190393518518514 0.31328125 0.48556712962962967 0.6265625
6 0.8673726851851853 0.2078125 0.25784722222222245 0.290625
6 0.7594965277777778 0.98671875 0.14376157407407392 0.0265625
6 0.6253356481481481 0.9171875 0.24106481481481482 0.165625
4 0.2439699074074074 0.86640625 0.21802083333333327 0.225
5 0.09046875 0.6984375 0.1809375 0.384375
5 0.07630208333333334 0.475 0.15260416666666668 0.246875
5 0.07396990740740741 0.2546875 0.12479166666666668 0.1546875
5 0.1309201388888889 0.01875 0.06315972222222221 0.0375
5 0.2167939814814815 0.16484375 0.21969907407407413 0.2796875
4 0.2778761574074074 0.04375 0.11299768518518523 0.0875
0 0.19403356481481482 0.61484375 0.24616898148148145 0.278125