5 0.28118055555555554 0.13702546296296297 0.09586805555555555 0.15378472222222223
0 0.6979513888888889 0.4762384259259259 0.10343750000000007 0.18351851851851855
4 0.4727604166666667 0.702199074074074 0.2109375 0.3530092592592592
4 0.30571180555555555 0.8824016203703703 0.18684027777777779 0.2325578703703705
4 0.18151041666666665 0.8309606481481481 0.14430555555555555 0.22443287037037046
6 0.08559027777777778 0.6597395833333334 0.12506944444444443 0.28364583333333326
6 0.20076388888888888 0.5432233796296296 0.2662847222222222 0.3331134259259258
4 0.31671875 0.3915335648148148 0.1953819444444445 0.2841666666666667
4 0.4247916666666667 0.2735069444444444 0.19489583333333335 0.2732291666666667
2 0.6489236111111112 0.32264467592592594 0.10447916666666668 0.13666666666666671
5 0.95671875 0.49921875 0.08656250000000014 0.3382523148148149
5 0.8542361111111111 0.09259837962962963 0.24284722222222221 0.18519675925925927
5 0.9370486111111112 0.22907407407407407 0.11788194444444429 0.15707175925925929
5 0.8654340277777777 0.25304976851851857 0.063923611111111 0.13792824074074073
5 0.9000694444444445 0.4520775462962964 0.06180555555555571 0.12541666666666665
5 0.7938541666666665 0.38331018518518517 0.14472222222222228 0.16351851851851854
5 0.8434375 0.5142361111111111 0.0859375 0.1412152777777777
5 0.8164236111111112 0.891122685185185 0.14486111111111127 0.1666435185185186
5 0.6421875 0.5579282407407408 0.0936805555555555 0.20999999999999996
5 0.7565625 0.5289467592592593 0.09652777777777768 0.1334837962962963
4 0.40057291666666667 0.1330150462962963 0.13180555555555545 0.2243402777777778
0 0.6242361111111111 0.05093171296296296 0.06409722222222225 0.10186342592592593