3 0.19305555555555554 0.39717592592592593 0.14142361111111112 0.13048611111111114
3 0.31071180555555555 0.5249768518518518 0.09281249999999996 0.0889930555555555
3 0.12456597222222224 0.42421875 0.1271527777777778 0.1250694444444445
3 0.3382986111111111 0.10618055555555554 0.14003472222222219 0.16938657407407404
3 0.25753472222222223 0.08609375 0.12295138888888886 0.13576388888888888
3 0.23208333333333334 0.21818287037037037 0.084375 0.07452546296296295
3 0.2764236111111111 0.19395833333333334 0.06312499999999996 0.08745370370370371
3 0.07961805555555555 0.24096643518518518 0.04930555555555556 0.05711805555555553
3 0.03842013888888889 0.4944618055555555 0.035173611111111114 0.054826388888889
3 0.0812673611111111 0.5071180555555556 0.07350694444444446 0.07552083333333322
3 0.34239583333333334 0.5859780092592592 0.10947916666666666 0.11324074074074061
3 0.30557291666666664 0.761724537037037 0.07392361111111115 0.08489583333333339
3 0.34598958333333335 0.64921875 0.06520833333333335 0.06417824074074083
3 0.4060416666666667 0.57328125 0.08659722222222221 0.12452546296296312
3 0.41690972222222217 0.18354166666666666 0.08506944444444446 0.09015046296296295
3 0.4951041666666667 0.32200231481481484 0.06503472222222229 0.09534722222222225
3 0.7461805555555555 0.61515625 0.07468749999999993 0.10208333333333339
3 0.8227083333333333 0.7513541666666667 0.06541666666666686 0.06886574074074084
3 0.5251041666666667 0.8208159722222221 0.16656250000000003 0.20505787037037032
3 0.832673611111111 0.27082754629629624 0.07843749999999972 0.11630787037037038
3 0.9570833333333333 0.2000810185185185 0.08583333333333343 0.14648148148148152
0 0.8399305555555555 0.8569560185185185 0.09902777777777771 0.12361111111111107
3 0.8079340277777778 0.05668692129629629 0.11017361111111121 0.11337384259259257
3 0.8873090277777778 0.10825231481481482 0.11586805555555557 0.18684027777777779