5 0.529375 0.5963020833333333 0.2819097222222222 0.15828703703703706
5 0.49811342592592595 0.9129918981481481 0.1765046296296296 0.10674768518518504
5 0.39166087962962964 0.42765046296296294 0.1858796296296296 0.10702546296296304
5 0.5532118055555555 0.35877314814814815 0.2535995370370371 0.1449537037037037
4 0.5333622685185185 0.08560763888888889 0.49484953703703705 0.17121527777777779
6 0.10303819444444444 0.1493576388888889 0.14836805555555554 0.21055555555555555
3 0.3046759259259259 0.2012210648148148 0.12475694444444443 0.09271990740740739
3 0.16467592592592592 0.35309027777777774 0.10442129629629626 0.0905555555555555
3 0.24997685185185184 0.518605324074074 0.0986574074074074 0.12318287037037035
0 0.579369212962963 0.7527025462962963 0.22071759259259255 0.13929398148148148
0 0.8115451388888889 0.9138657407407408 0.16724537037037024 0.1142824074074074
4 0.8523668981481481 0.7149131944444445 0.1936689814814816 0.10569444444444435