6 0.36166666666666664 0.16587962962962963 0.1546875 0.18855324074074073
2 0.29854166666666665 0.30831018518518516 0.07385416666666664 0.12392361111111114
2 0.13026041666666668 0.29066550925925927 0.12854166666666664 0.1243287037037037
6 0.5345833333333333 0.19449074074074074 0.14437499999999998 0.3384027777777778
6 0.5269270833333334 0.325619212962963 0.20635416666666656 0.237349537037037
6 0.7845833333333333 0.38375 0.18000000000000008 0.24027777777777776
6 0.7848958333333333 0.27130787037037035 0.13208333333333327 0.1540277777777778
6 0.8719791666666665 0.17520254629629628 0.25604166666666683 0.28628472222222223
2 0.34458333333333335 0.7881018518518519 0.0666666666666667 0.08638888888888889
6 0.41916666666666663 0.8878240740740739 0.11281250000000007 0.1929282407407406
6 0.6568229166666667 0.7513715277777778 0.30145833333333344 0.4457638888888889
6 0.6404687499999999 0.4240682870370371 0.15947916666666656 0.21357638888888886
6 0.879296875 0.6789641203703705 0.24140625 0.26909722222222215
6 0.5102083333333333 0.8576215277777777 0.18479166666666663 0.28475694444444455