5 0.95703125 0.46484375 0.0859375 0.1015625
5 0.87734375 0.5484375 0.2125 0.1046875
1 0.8375 0.25703125 0.08828125 0.0609375
5 0.34609375 0.4140625 0.2578125 0.10625
5 0.64296875 0.5234375 0.11640625 0.04375
5 0.34921875 0.73828125 0.184375 0.1703125
5 0.940625 0.109375 0.1171875 0.06640625
5 0.61953125 0.81953125 0.11640625 0.1203125
4 0.78671875 0.67578125 0.0671875 0.0453125
0 0.721875 0.08984375 0.1875 0.09375
0 0.83984375 0.16640625 0.0796875 0.03203125
4 0.2265625 0.92421875 0.453125 0.1484375
0 0.65859375 0.2125 0.09921875 0.0578125
5 0.59140625 0.01875 0.1890625 0.0375
5 0.56015625 0.27109375 0.0921875 0.03984375
4 0.55859375 0.32109375 0.0796875 0.06796875
5 0.56953125 0.378125 0.08125 0.05703125
5 0.64453125 0.41640625 0.10546875 0.06171875
4 0.77421875 0.45546875 0.23359375 0.12421875
5 0.90234375 0.26015625 0.06640625 0.0875
5 0.61015625 0.58515625 0.14140625 0.0765625
5 0.74140625 0.6 0.1140625 0.04765625
5 0.64609375 0.70546875 0.1046875 0.05078125
5 0.74375 0.7328125 0.14921875 0.0515625
0 0.13359375 0.73125 0.0796875 0.05390625