4 0.9197222222222223 0.24953124999999998 0.16055555555555542 0.29989583333333336
6 0.8270833333333334 0.8712500000000001 0.17673611111111107 0.25749999999999995
0 0.41331597222222227 0.37885416666666666 0.11687499999999992 0.1760416666666667
0 0.36289930555555555 0.08572916666666666 0.10704861111111112 0.13020833333333331
4 0.5108159722222222 0.1890625 0.08732638888888893 0.17718749999999997
4 0.5664583333333333 0.5121354166666666 0.10024305555555557 0.18739583333333343
4 0.8674652777777778 0.5573958333333333 0.26506944444444436 0.43104166666666666
6 0.8225 0.13895833333333335 0.11763888888888907 0.12312500000000001
0 0.30321180555555555 0.7407291666666665 0.13625000000000007 0.19135416666666671
4 0.5020138888888889 0.46421875 0.10388888888888896 0.1642708333333333
4 0.6648611111111111 0.9508333333333333 0.12479166666666668 0.09833333333333343
6 0.9318402777777777 0.9276041666666668 0.13631944444444458 0.14479166666666643