5 0.17098958333333333 0.030636574074074073 0.1326041666666667 0.05817129629629629
4 0.2442013888888889 0.1628703703703704 0.21856481481481485 0.24055555555555555
4 0.5235011574074073 0.08425925925925926 0.21575231481481474 0.1562037037037037
5 0.08435763888888889 0.3923553240740741 0.14149305555555555 0.25971064814814815
5 0.47468750000000004 0.9307638888888888 0.14807870370370377 0.13847222222222227
4 0.252806712962963 0.4643287037037037 0.21574074074074073 0.276423611111111
5 0.3284201388888889 0.10088541666666666 0.2099652777777778 0.19515046296296296
4 0.6581481481481481 0.10655092592592592 0.12569444444444447 0.1657986111111111
1 0.5518518518518519 0.48046875 0.11311342592592588 0.1640509259259259
2 0.5414236111111111 0.24924189814814818 0.07655092592592591 0.12135416666666661
3 0.6375 0.22021990740740743 0.04157407407407412 0.04901620370370363
4 0.5809722222222222 0.25919560185185186 0.0578240740740739 0.09141203703703704
4 0.5463541666666667 0.3593865740740741 0.08858796296296294 0.08249999999999993
5 0.4388310185185185 0.5139236111111111 0.0962731481481482 0.14038194444444443
4 0.6167013888888888 0.526707175925926 0.22475694444444444 0.42019675925925914
4 0.8595775462962963 0.2274131944444444 0.2225347222222222 0.3171180555555555
5 0.5935648148148148 0.7730497685185185 0.12289351851851862 0.17200231481481473
5 0.10287615740740741 0.16233796296296296 0.11163194444444442 0.16559027777777774