3 0.0765625 0.20834490740740738 0.0821759259259259 0.08043981481481488
3 0.13387731481481482 0.30649305555555556 0.13803240740740738 0.16478009259259263
3 0.06725694444444444 0.4953645833333333 0.13451388888888888 0.22177083333333342
3 0.2406886574074074 0.7323206018518518 0.4813773148148148 0.5352662037037037
3 0.4934606481481481 0.24669560185185185 0.12585648148148146 0.17065972222222223
6 0.8533217592592592 0.4372858796296296 0.26824074074074067 0.44945601851851846
6 0.70890625 0.4844675925925926 0.14714120370370373 0.19001157407407412
6 0.8051736111111112 0.8092361111111112 0.19143518518518512 0.23188657407407404
3 0.58171875 0.5303587962962963 0.0827430555555555 0.09137731481481488
3 0.6588657407407407 0.907957175925926 0.08341435185185198 0.07423611111111121
3 0.6429108796296296 0.6439930555555555 0.06846064814814809 0.056631944444444395
3 0.5643229166666667 0.6853240740740741 0.10825231481481482 0.07185185185185183
3 0.7179224537037037 0.03162326388888889 0.07107638888888879 0.06324652777777778
3 0.7572222222222222 0.6959895833333334 0.08799768518518522 0.1024537037037037
4 0.3629513888888889 0.15420717592592592 0.37722222222222224 0.30841435185185184
3 0.41290509259259256 0.4011921296296296 0.07468749999999993 0.08645833333333339
3 0.2611921296296296 0.4236284722222223 0.13091435185185185 0.1177662037037038