5 0.3279166666666667 0.025138888888888888 0.11916666666666664 0.050277777777777775
5 0.7263715277777778 0.22053819444444445 0.21646990740740737 0.3297569444444444
4 0.7831828703703703 0.6707638888888889 0.35128472222222235 0.3921180555555555
4 0.7530092592592592 0.9479513888888889 0.3083333333333334 0.07715277777777771
4 0.13922453703703702 0.6077430555555555 0.20695601851851855 0.310798611111111
5 0.3521354166666667 0.33664930555555556 0.23061342592592596 0.34100694444444446
0 0.44701388888888893 0.6040277777777778 0.25159722222222225 0.43208333333333326
5 0.867013888888889 0.3205208333333333 0.2637037037037036 0.3792361111111111
5 0.11651041666666666 0.2997048611111111 0.16591435185185185 0.2536458333333333
4 0.3352951388888889 0.6065104166666667 0.10307870370370367 0.20694444444444446
5 0.20633680555555553 0.09217013888888889 0.13107638888888892 0.18434027777777778
5 0.5257581018518518 0.10378472222222221 0.18910879629629634 0.20756944444444442
4 0.5631944444444444 0.4210069444444445 0.18032407407407405 0.3008333333333333
4 0.9873379629629628 0.21083333333333334 0.02393518518518505 0.27861111111111114