4 0.37996527777777783 0.3557986111111111 0.35888888888888887 0.26722222222222225
5 0.9215625 0.7744444444444445 0.13631944444444458 0.09048611111111118
5 0.9061631944444445 0.6786111111111112 0.18767361111111108 0.1510416666666668
5 0.4024826388888889 0.07359375 0.27059027777777783 0.1471875
5 0.5581076388888888 0.6340104166666667 0.17725694444444445 0.10545138888888879
6 0.07885416666666667 0.8752430555555556 0.12215277777777778 0.15576388888888887
4 0.23527777777777778 0.9147569444444444 0.1384027777777778 0.11395833333333343
6 0.3277951388888889 0.8923784722222223 0.06927083333333331 0.09524305555555586
6 0.4092361111111111 0.7936458333333334 0.18038194444444447 0.10552083333333329
6 0.31221544687499997 0.7016466968749999 0.30567489062500003 0.6961796625 0.30145597031250004 0.6944904765625 0.2981065890625 0.690862771875 0.2939128078125 0.68892289375 0.2763037203125 0.67601543125 0.270823415625 0.6734400968750001 0.26693133593749996 0.668491890625 0.2449702578125 0.651856175 0.23444441875000002 0.6457362484375 0.215071109375 0.6369565125000001 0.20969873125 0.6366709390625 0.204818765625 0.6382072546875001 0.2019010890625 0.6437385953125 0.2044060734375 0.6490541203125 0.21145622656250002 0.710026396875 0.200493784375 0.7385531671875001 0.2001460984375 0.7554837203125 0.204254028125 0.765011446875 0.208915078125 0.769023909375 0.213058571875 0.7714651781249999 0.2173780609375 0.7721515890624999 0.2209034359375 0.7740244359374999 0.22393639687500003 0.7740753921875 0.234721015625 0.78098091875 0.2463500296875 0.7861986203125 0.2594342 0.7870043843750001 0.2786523640625 0.78386744375 0.2846355015625 0.781428903125 0.2923975796875 0.7814477046875 0.306426715625 0.779562871875 0.3152018234375 0.772846459375 0.318277709375 0.7691034921875 0.32746980312499996 0.7649610515624999 0.334800175 0.7558208093750001 0.3386021078125 0.754936025 0.343014803125 0.7513271234375 0.353644271875 0.7463159734375 0.3570972859375 0.7388126015625 0.3478506125 0.7300355921875 0.332814575 0.7183990375 0.320886921875 0.706061359375 0.31221544687499997 0.7016466968749999
6 0.47118055555555555 0.5210416666666667 0.25857638888888895 0.1806597222222223
5 0.9428645833333335 0.47368055555555555 0.11427083333333314 0.1668055555555556
6 0.6634548611111111 0.1689409722222222 0.2504166666666666 0.16486111111111107
5 0.15847222222222224 0.06135416666666667 0.14895833333333336 0.09701388888888891
6 0.23746527777777776 0.907673611111111 0.15597222222222218 0.131527777777778