5 0.27734375 0.38926504629629627 0.203125 0.09988425925925934
4 0.1046875 0.9210821759259259 0.209375 0.14216435185185183
5 0.325 0.7540335648148149 0.165625 0.0915162037037037
5 0.70234375 0.8604050925925926 0.2078125 0.15151620370370367
5 0.396875 0.20197337962962963 0.225 0.18614583333333332
5 0.80625 0.09319444444444444 0.3875 0.16199074074074074
5 0.53203125 0.8735069444444445 0.1125 0.12197916666666657
4 0.84609375 0.7344097222222222 0.296875 0.1450231481481481
5 0.834375 0.5842361111111112 0.21875 0.17980324074074083
5 0.71171875 0.9207002314814815 0.215625 0.1078819444444445
2 0.58203125 0.6078414351851852 0.196875 0.10760416666666668
6 0.59453125 0.3822453703703704 0.4078125 0.23104166666666667
2 0.88671875 0.422511574074074 0.1796875 0.07766203703703703
0 0.925 0.2504224537037037 0.15 0.21628472222222223
2 0.75859375 0.19873842592592594 0.23125 0.0971759259259259
4 0.4515625 0.04497106481481482 0.1875 0.07934027777777777
1 0.29296875 0.02465277777777778 0.1734375 0.043194444444444445
0 0.034375 0.08644675925925925 0.04375 0.09908564814814816
4 0.09375 0.3068576388888889 0.184375 0.29960648148148145
5 0.075 0.030798611111111113 0.121875 0.06118055555555556
5 0.36953125 0.6218807870370371 0.165625 0.0930787037037037
5 0.1734375 0.6439756944444445 0.1515625 0.06630787037037038
5 0.05234375 0.769525462962963 0.1046875 0.08905092592592592
4 0.13984375 0.08644675925925925 0.2015625 0.1686111111111111
2 0.459375 0.7341493055555556 0.1921875 0.10128472222222218
4 0.30078125 0.8497685185185186 0.165625 0.06339120370370352