3 0.9981249999999999 0.8233854166666668 0.003750000000000142 0.10290509259259259
3 0.9377748842592591 0.8515277777777779 0.12445023148148167 0.1116550925925928
3 0.8323611111111111 0.8720254629629629 0.11628472222222222 0.1064120370370368
3 0.5841898148148148 0.9599710648148149 0.08844907407407412 0.050983796296296194
3 0.49107060185185186 0.9447337962962962 0.07576388888888896 0.07712962962962991
3 0.14401041666666667 0.5590972222222221 0.17685185185185187 0.16125000000000006
3 0.17460069444444443 0.7717997685185185 0.07479166666666667 0.058379629629629545
3 0.16862847222222221 0.8377025462962961 0.10197916666666665 0.10130787037037052
3 0.2599768518518519 0.8036979166666667 0.09861111111111107 0.09652777777777785
3 0.3015393518518518 0.9714756944444444 0.12249999999999997 0.04575231481481481
3 0.37634837962962964 0.950480324074074 0.07913194444444453 0.08190972222222222
3 0.5311111111111111 0.5851851851851851 0.09912037037037039 0.07626157407407419
3 0.6170659722222223 0.6131539351851851 0.07190972222222225 0.06297453703703706
3 0.6357407407407407 0.550787037037037 0.05366898148148138 0.04215277777777775
3 0.6961631944444445 0.5239583333333334 0.07643518518518526 0.05998842592592588
3 0.8399594907407408 0.5658622685185185 0.07815972222222242 0.06315972222222221
3 0.9230960648148148 0.5696585648148148 0.06204861111111128 0.053321759259259235
3 0.841568287037037 0.5063483796296296 0.0676273148148148 0.07064814814814824
3 0.8438136574074075 0.36857060185185186 0.09112268518518504 0.10254629629629627
3 0.8069733796296296 0.2616840277777778 0.08589120370370366 0.061828703703703705
3 0.9261921296296297 0.43217592592592596 0.14761574074074063 0.2892361111111111
3 0.8842245370370371 0.06143518518518519 0.09179398148148152 0.08540509259259259
3 0.9254166666666667 0.17679976851851853 0.07075231481481481 0.07074074074074073