3 0.4998263888888889 0.3091377314814815 0.0825231481481481 0.08128472222222224
3 0.8339699074074073 0.2929224537037037 0.11869212962962976 0.1317592592592593
3 0.6868055555555556 0.37659143518518523 0.13078703703703703 0.16365740740740745
3 0.5287037037037037 0.3750520833333334 0.06701388888888893 0.08348379629629629
3 0.6168981481481481 0.4460474537037037 0.06828703703703702 0.07576388888888878
3 0.6734375 0.5895486111111111 0.07309027777777785 0.07916666666666679
3 0.7779224537037037 0.6223611111111111 0.08993055555555554 0.11290509259259274
3 0.5614872685185185 0.6525983796296296 0.06302083333333339 0.05986111111111114
3 0.48191550925925924 0.6870312500000001 0.06782407407407405 0.06326388888888879
3 0.681886574074074 0.7208043981481481 0.1111689814814815 0.097013888888889
3 0.36791087962962965 0.6787094907407407 0.07690972222222223 0.05600694444444443
3 0.3163773148148148 0.6114525462962963 0.1197916666666666 0.11935185185185197
3 0.3037326388888889 0.5089178240740742 0.10526620370370372 0.14811342592592602
3 0.04464699074074073 0.929675925925926 0.03298611111111112 0.0487268518518519
3 0.6196759259259259 0.9917939814814816 0.07332175925925917 0.016412037037036954