5 0.6455787037037037 0.673420138888889 0.17027777777777792 0.21374999999999994
5 0.5671759259259259 0.9252604166666668 0.16479166666666673 0.10572916666666643
0 0.16063078703703704 0.2451215277777778 0.2998263888888889 0.41163194444444445
5 0.04362268518518518 0.5448611111111111 0.08724537037037036 0.1852777777777778
4 0.8328703703703703 0.2874479166666667 0.3340740740740742 0.5748958333333334
4 0.5487673611111111 0.15692708333333333 0.24934027777777779 0.31385416666666666
2 0.3258391203703704 0.8211805555555556 0.08518518518518521 0.11312500000000014
4 0.3467013888888889 0.640625 0.16731481481481483 0.23548611111111112
5 0.18578703703703703 0.5392187500000001 0.12446759259259257 0.14454861111111122
5 0.01750578703703704 0.18826388888888887 0.03501157407407408 0.12972222222222224
5 0.04413773148148148 0.41595486111111113 0.08827546296296296 0.20559027777777777
5 0.10224537037037038 0.852204861111111 0.13805555555555554 0.29197916666666685
4 0.4574710648148148 0.9746527777777778 0.0547569444444445 0.011805555555555713
4 0.3969155092592593 0.9257986111111112 0.08364583333333328 0.11618055555555529