2 0.7176041666666666 0.1091550925925926 0.36479166666666674 0.20210648148148147
2 0.8235185185185185 0.14278356481481483 0.24671296296296283 0.26436342592592593
2 0.17075810185185186 0.14015046296296296 0.3043171296296296 0.20901620370370372
2 0.32816550925925925 0.12293402777777777 0.21240740740740743 0.21233796296296292
6 0.5119618055555556 0.08265046296296295 0.15732638888888886 0.15219907407407407
6 0.46612268518518524 0.7638194444444444 0.288923611111111 0.31806712962962963
6 0.5813310185185185 0.4558796296296296 0.3906134259259259 0.4007523148148149
6 0.8597800925925926 0.8767766203703704 0.18636574074074092 0.14170138888888886
6 0.7154571759259258 0.923900462962963 0.13873842592592603 0.10196759259259273
6 0.9118055555555555 0.7641666666666668 0.10546296296296305 0.3044212962962963
6 0.7294097222222222 0.6488657407407408 0.35347222222222213 0.3799074074074074
6 0.8718229166666667 0.3436747685185185 0.21940972222222221 0.25146990740740743
6 0.542980324074074 0.9265104166666667 0.1638541666666667 0.14697916666666658
0 0.4056365740740741 0.3594444444444444 0.3534837962962964 0.4064467592592592
4 0.1872916666666667 0.7672569444444445 0.3745833333333334 0.465486111111111
6 0.2525173611111111 0.9745196759259258 0.12042824074074074 0.05096064814814838
5 0.1728414351851852 0.3161168981481482 0.17878472222222222 0.2508680555555555
6 0.04111111111111111 0.17799189814814814 0.08222222222222222 0.1778587962962963
6 0.03976851851851852 0.4280844907407408 0.07953703703703704 0.16554398148148158
4 0.33417245370370374 0.6813252314814815 0.3914583333333333 0.4413541666666667