6 0.661892361111111 0.8236631944444444 0.13969907407407406 0.18888888888888894
2 0.7279803240740741 0.6621701388888889 0.0609375 0.12781249999999994
2 0.9076967592592592 0.6573958333333334 0.12013888888888857 0.12444444444444436
6 0.477199074074074 0.8152777777777779 0.10659722222222215 0.3489583333333336
6 0.485474537037037 0.6761458333333333 0.18836805555555552 0.23836805555555554
6 0.21004050925925927 0.6518229166666667 0.15885416666666669 0.2423958333333333
6 0.21030092592592592 0.77125 0.12123842592592596 0.15413194444444436
6 0.11799768518518519 0.8759722222222223 0.23599537037037038 0.24805555555555542
2 0.6787905092592593 0.15664930555555556 0.05949074074074083 0.08875000000000002
6 0.5983506944444444 0.08052083333333333 0.09392361111111107 0.16104166666666667
6 0.3462962962962963 0.23975694444444443 0.2619791666666667 0.45545138888888886
6 0.3638888888888889 0.5867361111111111 0.14068287037037033 0.21545138888888893
6 0.11069155092592593 0.3513541666666667 0.22138310185185187 0.26447916666666665
6 0.500636574074074 0.12566840277777777 0.15653935185185192 0.25133680555555554