3 0.72140625 0.2583043981481482 0.10017361111111107 0.09728009259259256
3 0.6487326388888889 0.22520254629629627 0.052164351851851976 0.07366898148148149
3 0.6794849537037037 0.23179976851851852 0.03737268518518526 0.059085648148148096
3 0.7195081018518519 0.16154513888888888 0.07288194444444436 0.08223379629629628
3 0.6342824074074074 0.14201388888888888 0.07312499999999993 0.08692129629629627
3 0.6138020833333334 0.19817708333333334 0.040011574074074116 0.049826388888888885
3 0.7207233796296297 0.07971643518518519 0.03631944444444457 0.03877314814814814
3 0.8358796296296296 0.10503472222222224 0.11320601851851855 0.04785879629629628
3 0.8345138888888888 0.16892361111111112 0.09743055555555565 0.1346064814814815
3 0.9015104166666668 0.15269097222222222 0.0671180555555555 0.09137731481481479
3 0.9266087962962963 0.18559027777777778 0.06062499999999993 0.08645833333333335
3 0.8854861111111111 0.2947916666666667 0.07854166666666665 0.10115740740740745
3 0.8718576388888888 0.5282118055555556 0.08028935185185163 0.0747106481481481
3 0.9229803240740739 0.4614872685185185 0.0653356481481481 0.05700231481481488
3 0.9294155092592593 0.43521412037037044 0.03936342592592581 0.03732638888888893
3 0.9236458333333333 0.5043981481481481 0.06665509259259253 0.05237268518518512
3 0.781076388888889 0.46168981481481486 0.08349537037037039 0.07638888888888892
3 0.6458564814814816 0.38026620370370373 0.05612268518518526 0.05978009259259256
3 0.5433622685185184 0.569068287037037 0.036400462962962975 0.04033564814814809
3 0.5833622685185185 0.528443287037037 0.036400462962962975 0.04033564814814809
3 0.6567476851851852 0.7557291666666667 0.0809606481481481 0.05758101851851851
3 0.8996527777777779 0.6883101851851852 0.06787037037037039 0.07581018518518512
3 0.9925173611111111 0.591724537037037 0.014965277777777786 0.0625
3 0.839068287037037 0.918431712962963 0.0528356481481481 0.0565393518518519
3 0.842662037037037 0.9876157407407409 0.05587962962962969 0.024768518518518336
3 0.915763888888889 0.997337962962963 0.07842592592592582 0.005324074074074048
3 0.6744560185185186 0.9318287037037036 0.04437499999999996 0.04375
3 0.7137962962962963 0.986082175925926 0.047986111111111285 0.027835648148148096
3 0.6373726851851852 0.9234375 0.050277777777777824 0.06736111111111107
3 0.6594328703703705 0.9913194444444444 0.04733796296296298 0.01736111111111107
3 0.6230902777777778 0.9868489583333332 0.036400462962962975 0.02630208333333357
3 0.68984375 0.9729456018518519 0.04453703703703695 0.046875
3 0.6817013888888889 0.7106481481481481 0.04165509259259252 0.051446759259259164
3 0.6734085648148148 0.6409432870370371 0.04979166666666668 0.05798611111111107
3 0.6298726851851851 0.6284143518518519 0.053321759259259235 0.0659143518518519
3 0.7681250000000001 0.8284722222222222 0.04890046296296298 0.040798611111111424
3 0.789212962962963 0.8892939814814815 0.06902777777777783 0.06805555555555572
3 0.8400752314814814 0.7874710648148148 0.05612268518518526 0.05978009259259256
3 0.9254745370370371 0.7953125 0.043460648148148096 0.05619212962962976
3 0.9733275462962963 0.8610243055555555 0.029722222222222074 0.06192129629629619
3 0.9513136574074075 0.8274594907407407 0.05760416666666686 0.05827546296296297
3 0.9522164351851853 0.7245659722222222 0.07964120370370367 0.0622106481481481
3 0.9791666666666667 0.7575810185185186 0.04166666666666643 0.040625
3 0.9442390046296296 0.5613715277777779 0.11152199074074076 0.08692129629629619
3 0.9904369212962962 0.4869502314814815 0.01912615740740762 0.04351851851851851
3 0.9972337962962964 0.40457175925925926 0.005532407407407192 0.04618055555555554
3 0.9902719907407407 0.24823495370370371 0.019456018518518546 0.09010416666666661
3 0.6565046296296296 0.43524305555555554 0.0659837962962964 0.06950231481481488
3 0.693113425925926 0.524710648148148 0.07872685185185198 0.07465277777777786
3 0.759224537037037 0.7470486111111111 0.05604166666666668 0.05821759259259274
3 0.7307233796296296 0.6485243055555555 0.06784722222222221 0.10543981481481488
3 0.8243171296296297 0.6940972222222223 0.05267361111111128 0.05341435185185191
3 0.8304456018518518 0.48145254629629636 0.05932870370370367 0.06145833333333321
3 0.892048611111111 0.8424189814814815 0.07708333333333357 0.07303240740740727
3 0.8725810185185185 0.6023148148148147 0.05523148148148138 0.04259259259259256
3 0.9237152777777778 0.6260416666666667 0.026539351851851835 0.030613425925925954
3 0.9687442129629631 0.6222511574074074 0.032627314814814665 0.027719907407407263