3 0.09197916666666667 0.06812499999999999 0.10010416666666669 0.1015625
3 0.20375000000000001 0.07479166666666667 0.133125 0.13020833333333331
3 0.30609375 0.11692708333333335 0.10604166666666667 0.09729166666666664
3 0.35046875 0.05161458333333333 0.11156249999999997 0.0634375
3 0.48942708333333335 0.05067708333333334 0.09302083333333329 0.04197916666666668
3 0.5683333333333334 0.11479166666666667 0.09031249999999993 0.0946875
3 0.6386458333333334 0.19010416666666666 0.07010416666666668 0.07156250000000001
3 0.6913541666666667 0.09395833333333332 0.09833333333333343 0.075
3 0.78171875 0.66890625 0.16229166666666667 0.14770833333333327
3 0.8444270833333333 0.46984375000000006 0.06875 0.05124999999999993
3 0.8779166666666667 0.4147916666666667 0.09187499999999993 0.09479166666666679
3 0.7834375 0.40770833333333334 0.08833333333333329 0.08833333333333329
3 0.82578125 0.21984374999999998 0.11489583333333328 0.09010416666666661
3 0.7429166666666667 0.226875 0.06958333333333329 0.08708333333333336
3 0.4515625 0.48916666666666664 0.09010416666666661 0.0682291666666666
3 0.385625 0.43062500000000004 0.06604166666666664 0.05729166666666678
3 0.3432291666666667 0.47802083333333334 0.049270833333333285 0.0390625
3 0.27817708333333335 0.4768229166666667 0.0703125 0.05135416666666668
3 0.16833333333333333 0.3823958333333334 0.07072916666666669 0.05760416666666668
3 0.09786458333333332 0.3447395833333333 0.05770833333333334 0.048958333333333395
3 0.14213541666666668 0.4340104166666666 0.06052083333333336 0.06781249999999997
3 0.08239583333333333 0.5532291666666667 0.08104166666666668 0.09562500000000007
3 0.07046875 0.6615104166666667 0.07989583333333335 0.05510416666666664
3 0.04875 0.4539583333333333 0.0975 0.2704166666666666