4 0.45390625 0.79453125 0.415625 0.225
4 0.10234375 0.0546875 0.2015625 0.109375
5 0.18984375 0.15390625 0.15703125 0.13359375
4 0.4171875 0.15546875 0.25703125 0.09765625
4 0.89765625 0.5359375 0.203125 0.17265625
0 0.84765625 0.2296875 0.28125 0.23125
1 0.51796875 0.209375 0.19296875 0.1421875
4 0.1609375 0.325 0.32109375 0.1671875
1 0.371875 0.3828125 0.13828125 0.08671875
6 0.05625 0.4390625 0.1125 0.090625
1 0.3921875 0.52578125 0.2796875 0.1375
4 0.15703125 0.6484375 0.23515625 0.15546875
6 0.33359375 0.940625 0.29921875 0.11875