4 0.7591435185185185 0.2567476851851852 0.48171296296296295 0.4757638888888889
4 0.3063078703703704 0.14704861111111112 0.5188657407407408 0.29409722222222223
6 0.9262586805555555 0.6146354166666667 0.14748263888888893 0.20283564814814808
0 0.5042824074074075 0.7908912037037037 0.49907407407407406 0.3111458333333331
5 0.552951388888889 0.38860532407407405 0.29548611111111106 0.25085648148148143
1 0.31591435185185185 0.4724884259259259 0.3411458333333333 0.3002314814814815
5 0.9723090277777778 0.1840451388888889 0.05538194444444429 0.2522337962962963
0 0.09898726851851852 0.6689583333333333 0.10584490740740742 0.10583333333333336
4 0.5243344907407408 0.09761574074074074 0.16950231481481487 0.16716435185185186
1 0.15034722222222224 0.31359375 0.2546875 0.26710648148148153
2 0.444994212962963 0.8909201388888889 0.10254629629629619 0.08230324074074069
2 0.5498263888888889 0.9608217592592592 0.06724537037037023 0.02576388888888914
0 0.8887731481481481 0.8475694444444445 0.22245370370370382 0.21967592592592594
1 0.5793113425925925 0.6491261574074074 0.32303240740740724 0.20270833333333335