5 0.19578125000000002 0.13178819444444445 0.21125 0.17319444444444448
5 0.6794791666666666 0.2399652777777778 0.20010416666666658 0.12302083333333336
5 0.5822916666666667 0.8477083333333333 0.24437499999999995 0.20201388888888872
5 0.3963541666666667 0.9457291666666666 0.12354166666666666 0.07451388888888885
4 0.22921874999999997 0.014930555555555555 0.19281249999999997 0.02986111111111111
6 0.4255729166666667 0.17519097222222224 0.34593749999999995 0.22767361111111112
4 0.9476041666666667 0.08600694444444443 0.10479166666666657 0.12583333333333332
4 0.8361979166666667 0.4926215277777778 0.3276041666666668 0.3109375
4 0.6898958333333333 0.41968750000000005 0.21052083333333335 0.11545138888888892
6 0.2244791666666667 0.5270486111111111 0.2939583333333333 0.12666666666666657
5 0.6295833333333334 0.6886111111111111 0.24708333333333332 0.1490277777777777
5 0.11598958333333334 0.7657465277777777 0.13927083333333332 0.14663194444444444
5 0.16713541666666668 0.6996701388888888 0.24822916666666667 0.11940972222222221
0 0.38791666666666663 0.6548611111111111 0.17843750000000008 0.12565972222222221
5 0.5808333333333333 0.6263194444444444 0.34281250000000013 0.11059027777777786
6 0.1978125 0.4204513888888889 0.17479166666666668 0.09437499999999996