4 0.8189756944444444 0.6662673611111112 0.3620486111111113 0.6332291666666666
3 0.35392361111111115 0.3446527777777778 0.09354166666666668 0.06298611111111115
3 0.42810763888888886 0.37661458333333336 0.09100694444444439 0.08947916666666664
3 0.44350694444444444 0.26059027777777777 0.07472222222222218 0.0594444444444445
4 0.933984375 0.24019097222222224 0.13203125 0.45451388888888894
4 0.7353298611111111 0.1764236111111111 0.18003472222222214 0.3528472222222222
4 0.5200694444444445 0.43475694444444446 0.17868055555555565 0.3803472222222222
4 0.20986111111111114 0.8613888888888889 0.15597222222222218 0.2720833333333335
0 0.14296875 0.5244270833333333 0.2359375 0.49718750000000006
2 0.13972222222222222 0.2376388888888889 0.07829861111111111 0.15010416666666665
2 0.027552083333333338 0.07911458333333334 0.05475694444444444 0.14489583333333333