3 0.8578125 0.59765625 0.15859375 0.2640625
3 0.684375 0.72734375 0.2015625 0.17890625
3 0.83359375 0.8796875 0.18828125 0.15625
3 0.3265625 0.93125 0.12109375 0.128125
3 0.19609375 0.88359375 0.12109375 0.17734375
3 0.29140625 0.5203125 0.13828125 0.22734375
3 0.184375 0.63046875 0.22734375 0.2875
3 0.12109375 0.30078125 0.21328125 0.409375
3 0.5328125 0.33828125 0.1109375 0.17734375
3 0.6796875 0.15546875 0.24765625 0.31015625
3 0.16015625 0.04921875 0.3203125 0.0984375
3 0.39296875 0.44296875 0.1 0.17734375