4 0.7672916666666666 0.7831597222222222 0.3460416666666667 0.4140972222222222
0 0.5153125000000001 0.6409432870370371 0.12166666666666667 0.16258101851851842
0 0.5442708333333333 0.46412615740740737 0.13416666666666668 0.1393518518518519
0 0.4403125 0.9347337962962964 0.10770833333333325 0.11710648148148124
5 0.42057291666666663 0.3996180555555555 0.16812499999999986 0.20385416666666673
4 0.24130208333333333 0.47798032407407404 0.21135416666666665 0.26693287037037033
4 0.026979166666666665 0.60328125 0.05395833333333333 0.29656249999999995
4 0.8057812500000001 0.42825231481481485 0.17718750000000014 0.22271990740740738
4 0.6313020833333333 0.7625405092592593 0.15145833333333342 0.21141203703703706
4 0.5161979166666667 0.9320486111111113 0.12510416666666657 0.12048611111111143
5 0.5941145833333333 0.9457233796296297 0.11843749999999993 0.09072916666666657