3 0.652332175925926 0.11355902777777778 0.13090277777777787 0.1659837962962963
3 0.2539930555555555 0.015480324074074073 0.12673611111111108 0.025312499999999998
3 0.26687500000000003 0.06722800925925926 0.16320601851851854 0.0977199074074074
3 0.39966435185185184 0.17152777777777778 0.10193287037037031 0.05150462962962963
3 0.5444560185185185 0.3142824074074074 0.11356481481481495 0.14541666666666667
3 0.49386574074074074 0.4447685185185185 0.13388888888888886 0.14728009259259256
3 0.36747106481481484 0.36009259259259263 0.13200231481481478 0.10350694444444439
3 0.7620428240740741 0.37140625 0.0628819444444444 0.05248842592592595
3 0.708130787037037 0.3698263888888889 0.03162037037037031 0.05046296296296297
3 0.7334375 0.41160300925925924 0.04405092592592581 0.04127314814814813
3 0.698292824074074 0.41264467592592596 0.023680555555555573 0.033159722222222146
3 0.6522511574074074 0.41899305555555555 0.03943287037037031 0.05057870370370363
3 0.7485937500000001 0.45401041666666664 0.028298611111111073 0.02385416666666664
3 0.7213194444444444 0.4629803240740741 0.029907407407407403 0.030127314814814808
3 0.6964930555555556 0.4860474537037037 0.025150462962962906 0.02068287037037031
3 0.6205787037037037 0.46695601851851853 0.02993055555555557 0.03325231481481481
3 0.5782696759259259 0.44992476851851854 0.05064814814814813 0.08824074074074062
3 0.7457407407407407 0.4906828703703704 0.04398148148148149 0.03189814814814831
3 0.6108854166666667 0.5293055555555555 0.061423611111111144 0.06652777777777778
3 0.6395081018518518 0.5969097222222223 0.06750000000000007 0.043182870370370455
3 0.5771122685185185 0.6100462962962963 0.06460648148148138 0.07438657407407412
3 0.5112210648148148 0.5731365740740741 0.06292824074074091 0.05873842592592595
3 0.9725868055555555 0.7432349537037037 0.046377314814814954 0.14442129629629613
3 0.9676851851851852 0.9251736111111111 0.03380787037037045 0.13486111111111115
3 0.8968460648148149 0.8530381944444445 0.08797453703703724 0.06535879629629626
3 0.6738483796296297 0.8036458333333334 0.11952546296296304 0.10644675925925924
3 0.8128125 0.8978819444444444 0.1302314814814814 0.07535879629629605
3 0.8810011574074075 0.9285763888888889 0.11768518518518505 0.06892361111111107
3 0.8291319444444444 0.9855439814814815 0.06280092592592582 0.02891203703703695
3 0.47163773148148147 0.9200578703703703 0.15591435185185193 0.1598842592592593
3 0.29443287037037036 0.8347395833333333 0.14349537037037036 0.1786689814814814
3 0.36241898148148144 0.8380902777777777 0.07756944444444444 0.1370717592592591
3 0.3158275462962963 0.9811342592592591 0.05957175925925924 0.02744212962962962
3 0.055358796296296295 0.6187210648148149 0.0676736111111111 0.06662037037037045
3 0.08935185185185185 0.567667824074074 0.05207175925925924 0.06951388888888879
3 0.09179976851851852 0.47630787037037037 0.0472800925925926 0.05538194444444446
3 0.09846643518518519 0.427193287037037 0.05988425925925926 0.06962962962962962
3 0.13743634259259258 0.4152719907407407 0.018969907407407404 0.02996527777777782
3 0.13145254629629627 0.45111689814814815 0.02524305555555557 0.03318287037037031
3 0.05391782407407407 0.7405613425925927 0.04731481481481481 0.06006944444444429
3 0.08530092592592593 0.6535358796296296 0.05832175925925927 0.06960648148148145
3 0.05483796296296296 0.8647800925925926 0.08657407407407407 0.08721064814814809
3 0.1305902777777778 0.33471064814814816 0.043935185185185154 0.025648148148148132
3 0.08059027777777779 0.3339699074074074 0.023611111111111117 0.02378472222222223
3 0.0682986111111111 0.3619097222222222 0.03142361111111112 0.023900462962962978
6 0.3837037037037037 0.44235532407407413 0.10053240740740747 0.07335648148148159
6 0.2152546296296296 0.3750231481481482 0.12260416666666671 0.10024305555555557
6 0.3191087962962963 0.47498842592592594 0.08782407407407415 0.045046296296296265
6 0.3305266203703704 0.539994212962963 0.13657407407407404 0.0879513888888889
6 0.19841435185185183 0.5271006944444444 0.14131944444444447 0.09583333333333321
6 0.4632291666666667 0.3162037037037037 0.08959490740740747 0.07319444444444442
3 0.9349537037037038 0.2075925925925926 0.13009259259259237 0.0769444444444444
3 0.9391898148148148 0.13655671296296296 0.06283564814814824 0.046238425925925954
3 0.8546701388888888 0.11577546296296296 0.05023148148148167 0.03199074074074071
3 0.8325115740740741 0.1826273148148148 0.04106481481481481 0.059976851851851885
3 0.932633101851852 0.3059722222222222 0.08795138888888872 0.06223379629629626
3 0.9095081018518518 0.429855324074074 0.18098379629629627 0.13083333333333336
3 0.8082291666666667 0.49004629629629637 0.11302083333333321 0.07197916666666657
2 0.9548032407407409 0.5649016203703704 0.09039351851851833 0.19670138888888894
3 0.8679108796296295 0.7432465277777778 0.08025462962962955 0.07774305555555543
3 0.8565104166666666 0.6805844907407408 0.055081018518518474 0.05393518518518512
3 0.7948206018518519 0.6835763888888888 0.03318287037037031 0.05048611111111114
3 0.7671527777777778 0.6394212962962963 0.03156250000000007 0.04265046296296297
3 0.5130729166666667 0.7176793981481481 0.1464930555555556 0.16152777777777771
6 0.15618055555555557 0.9420543981481482 0.175625 0.08696759259259253