3 0.07461805555555555 0.4784143518518519 0.14337962962962963 0.1662037037037038
3 0.13277777777777777 0.1056712962962963 0.08032407407407409 0.08888888888888888
3 0.1796238425925926 0.947019675925926 0.12393518518518523 0.07175925925925916
3 0.039380787037037034 0.782494212962963 0.06774305555555556 0.07748842592592595
3 0.3793981481481481 0.9239583333333334 0.12278935185185187 0.12795138888888893
3 0.7953240740740741 0.5582175925925925 0.11000000000000014 0.08842592592592595
3 0.8323379629629629 0.9157407407407409 0.19482638888888887 0.15248842592592596
3 0.9321238425925926 0.8905381944444445 0.08653935185185162 0.08443287037037024
3 0.9484837962962963 0.7794560185185185 0.07394675925925931 0.07146990740740726
3 0.92671875 0.9866608796296298 0.07387731481481481 0.02667824074074048
3 0.7114293981481481 0.7253761574074075 0.08678240740740754 0.11724537037037024
3 0.5568807870370371 0.6329571759259259 0.08825231481481488 0.10480324074074084
3 0.6289756944444445 0.5598668981481482 0.08508101851851854 0.0984375
3 0.46693287037037035 0.5101273148148149 0.08809027777777771 0.08292824074074083
3 0.4684085648148148 0.18214699074074076 0.0709143518518518 0.0838541666666667
3 0.909982638888889 0.6429108796296296 0.06462962962962955 0.07893518518518512
3 0.9461342592592594 0.6114872685185185 0.10773148148148123 0.08061342592592595
3 0.42821180555555555 0.9695891203703703 0.07709490740740747 0.06082175925925952
2 0.5282986111111111 0.9814236111111111 0.09571759259259274 0.037152777777777854
6 0.5489814814814815 0.19918981481481482 0.12319444444444443 0.18263888888888888
6 0.5355266203703704 0.3861400462962963 0.17041666666666658 0.23125
6 0.7971180555555556 0.1677662037037037 0.15128472222222236 0.17899305555555553
6 0.731568287037037 0.280931712962963 0.11766203703703706 0.06840277777777777
6 0.41693287037037036 0.4028356481481481 0.11060185185185176 0.16967592592592595
6 0.3845543981481481 0.24933449074074074 0.1607060185185185 0.18559027777777776
6 0.26059027777777777 0.48998842592592595 0.10715277777777779 0.1258101851851851
3 0.08493055555555555 0.18356481481481482 0.11009259259259259 0.1009259259259259
6 0.9594212962962964 0.3394097222222222 0.08115740740740733 0.16400462962962958
6 0.9323726851851852 0.29149305555555555 0.10749999999999993 0.1726851851851851
3 0.12470486111111109 0.38654513888888886 0.0927777777777778 0.08310185185185182
2 0.2011921296296296 0.379224537037037 0.11041666666666661 0.14467592592592596
0 0.27861111111111114 0.3922453703703704 0.08701388888888886 0.14849537037037033