4 0.3441666666666666 0.6950231481481481 0.2484375 0.3586921296296296
5 0.7313715277777778 0.08655671296296295 0.08100694444444442 0.1320023148148148
5 0.6323611111111112 0.10942129629629631 0.14152777777777778 0.18532407407407409
5 0.05350694444444445 0.6986574074074074 0.1070138888888889 0.2707060185185185
5 0.6201909722222222 0.4811805555555556 0.09458333333333328 0.18081018518518518
6 0.9174826388888888 0.9528298611111111 0.12593749999999987 0.09434027777777772
4 0.9399479166666665 0.7971064814814814 0.088923611111111 0.13692129629629618
6 0.9170833333333335 0.7002719907407406 0.09666666666666686 0.06376157407407419
6 0.8038715277777777 0.623431712962963 0.09461805555555572 0.18237268518518518
6 0.716639484375 0.7348680640625 0.7115196578125 0.7422982234375 0.7101596296875 0.746919865625 0.7066623171875 0.7508019296875 0.705034703125 0.7554203171875 0.6931657390625 0.7752557859375 0.690996153125 0.7812947140625 0.6861575125 0.7858740234375 0.670786134375 0.810661846875 0.665378325 0.8223699124999999 0.6580515171875 0.8436877968750001 0.6582919046875 0.84939926875 0.6604087921875 0.854420009375 0.666551365625 0.856992253125 0.6719183796875 0.8538465109375 0.7356700828125 0.8407077765625001 0.7669368171875 0.849651109375 0.7848718625 0.8484422374999999 0.794530446875 0.8432080187500001 0.7983021453125 0.8379021578125 0.8004649296874999 0.8332902843750001 0.8007546140624999 0.828655615625 0.8023788265625 0.8247507562499999 0.802126540625 0.8215366281250001 0.8083388078124999 0.8094815671875001 0.812681375 0.7966901859375 0.8122124984375001 0.7827698984375 0.8069559765625 0.7627260140625001 0.8037738453125 0.75662195625 0.8030101859375 0.7484066265625 0.799601265625 0.733736990625 0.7916144890625 0.7250769734375 0.787346715625 0.7221707609375 0.782039196875 0.71282978125 0.77163565 0.7059242703125 0.7703164218749999 0.701983590625 0.7660554484375 0.697650325 0.7596843859375 0.6868692656250001 0.7514028265625 0.68391420625 0.743056671875 0.694516159375 0.7322716484375 0.7115105500000001 0.72043158125 0.725281040625 0.716639484375 0.7348680640625
6 0.5100173611111112 0.5842361111111112 0.16663194444444435 0.2610185185185184
5 0.4110763888888889 0.07628472222222221 0.16378472222222218 0.13289351851851852
6 0.1182638888888889 0.41236689814814814 0.14774305555555553 0.2542129629629629
5 0.05489583333333333 0.9403530092592594 0.08548611111111111 0.11929398148148138
6 0.9314409722222223 0.7929456018518518 0.10649305555555558 0.1546180555555555