3 0.6103761574074074 0.10981481481481481 0.28831018518518514 0.18011574074074072
3 0.726105324074074 0.2888773148148148 0.2047800925925925 0.21819444444444444
3 0.8957928240740742 0.1364525462962963 0.17738425925925938 0.2033449074074074
3 0.8929456018518518 0.658275462962963 0.13268518518518527 0.1333912037037038
3 0.8390277777777777 0.7916724537037036 0.19371527777777792 0.1367592592592592
3 0.4760706018518519 0.6916840277777778 0.24638888888888885 0.15703703703703695
3 0.577951388888889 0.8017476851851851 0.3159143518518519 0.2511226851851852
3 0.23417824074074076 0.8649652777777778 0.4419212962962963 0.24549768518518533
3 0.3130381944444444 0.4422743055555555 0.1915046296296296 0.12577546296296305
3 0.15570891203703702 0.29130208333333335 0.31141782407407403 0.2750694444444445
3 0.02347800925925926 0.8198206018518519 0.04695601851851852 0.3291087962962962
3 0.4066782407407407 0.5861168981481482 0.1908564814814815 0.11483796296296304