4 0.7390625 0.5710358796296295 0.4390625 0.532523148148148
4 0.75859375 0.15989583333333332 0.3640625 0.31979166666666664
6 0.4515625 0.862644675925926 0.2 0.22262731481481488
0 0.1453125 0.49861111111111106 0.275 0.4953703703703704
5 0.5421875 0.40046296296296297 0.2296875 0.29045138888888894
1 0.39140625 0.21085069444444446 0.275 0.3344328703703704
5 0.87734375 0.791261574074074 0.2453125 0.2181712962962962
0 0.13984375 0.08495370370370371 0.096875 0.09936342592592592
4 0.81015625 0.26967592592592593 0.1546875 0.1661458333333333
1 0.496875 0.06339699074074075 0.240625 0.1267939814814815
2 0.03515625 0.47786458333333337 0.0703125 0.10052083333333321
0 0.2046875 0.879369212962963 0.234375 0.22829861111111108
1 0.30234375 0.5166666666666667 0.178125 0.3194444444444445