3 0.159375 0.6578125 0.0796875 0.08671875
3 0.228125 0.67890625 0.06875 0.121875
3 0.4171875 0.6578125 0.06953125 0.08671875
3 0.4875 0.640625 0.1046875 0.0984375
3 0.1703125 0.53203125 0.1125 0.115625
3 0.328125 0.553125 0.09765625 0.09453125
3 0.25078125 0.56328125 0.06484375 0.05234375
3 0.43984375 0.484375 0.25390625 0.20703125
3 0.62265625 0.51484375 0.15234375 0.08125
3 0.434375 0.11875 0.115625 0.23671875
3 0.2265625 0.2796875 0.0859375 0.15859375
3 0.8859375 0.525 0.14765625 0.0859375
3 0.9296875 0.69453125 0.0765625 0.07734375
3 0.9515625 0.79609375 0.096875 0.1296875
3 0.83046875 0.7609375 0.146875 0.12578125
3 0.85703125 0.03515625 0.11328125 0.0703125
3 0.64453125 0.0375 0.09765625 0.075
3 0.46171875 0.0125 0.03828125 0.025
3 0.5515625 0.0203125 0.053125 0.040625