3 0.78828125 0.4338425925925926 0.08125 0.08858796296296294
3 0.7953125 0.5084259259259258 0.0671875 0.04098379629629641
3 0.79921875 0.47972222222222227 0.053125 0.02931712962962969
3 0.87890625 0.4651041666666666 0.0703125 0.06302083333333322
3 0.86875 0.5466087962962962 0.0765625 0.06178240740740755
3 0.80859375 0.5481770833333334 0.04375 0.03195601851851855
3 0.96328125 0.4890104166666667 0.0453125 0.033599537037036956
3 0.98046875 0.5227141203703705 0.0390625 0.036400462962962975
3 0.9890625 0.5786284722222222 0.021875 0.04644675925925927
3 0.97734375 0.37958333333333333 0.0453125 0.11328703703703713
3 0.9109375 0.3597337962962963 0.1203125 0.08123842592592592
3 0.953125 0.3048900462962963 0.09375 0.05642361111111107
3 0.92578125 0.27222222222222225 0.0796875 0.04788194444444445
3 0.809375 0.2763425925925926 0.0921875 0.06571759259259258
3 0.5859375 0.21788194444444448 0.0609375 0.07034722222222226
3 0.665625 0.1931076388888889 0.046875 0.058680555555555534
3 0.6921875 0.1952662037037037 0.03125 0.03443287037037033
3 0.62578125 0.17854166666666668 0.040625 0.06148148148148147
3 0.6171875 0.3195023148148148 0.0640625 0.07363425925925923
3 0.6484375 0.4640914351851852 0.0515625 0.049548611111111106
3 0.4375 0.49924768518518514 0.0328125 0.029826388888889
3 0.48984375 0.4769618055555556 0.0328125 0.032951388888889
3 0.3 0.3421180555555556 0.04375 0.07414351851851855
3 0.44453125 0.14492476851851852 0.0671875 0.05817129629629632
3 0.5734375 0.0633275462962963 0.0578125 0.0654976851851852
3 0.20859375 0.1311284722222222 0.0484375 0.04626157407407407
3 0.128125 0.09961226851851852 0.053125 0.04962962962962965
3 0.11796875 0.030335648148148146 0.0859375 0.05289351851851852
3 0.140625 0.2729166666666667 0.0375 0.03631944444444439
3 0.08046875 0.2135474537037037 0.0671875 0.039421296296296315
3 0.13671875 0.30943287037037037 0.059375 0.04214120370370367
3 0.06484375 0.26273726851851853 0.0421875 0.039687499999999966
3 0.06640625 0.301099537037037 0.034375 0.029907407407407403
3 0.1078125 0.24699652777777778 0.040625 0.03648148148148147
3 0.35078125 0.3330324074074074 0.0453125 0.03359953703703704
3 0.4140625 0.36209490740740746 0.05 0.04321759259259252
3 0.41171875 0.40494212962962967 0.059375 0.04526620370370367
3 0.2703125 0.2210474537037037 0.034375 0.0439699074074074
3 0.21953125 0.18403935185185186 0.0578125 0.060810185185185175
3 0.33203125 0.1695601851851852 0.05 0.05103009259259261
3 0.353125 0.09018518518518519 0.0484375 0.03532407407407408
3 0.309375 0.026197916666666664 0.059375 0.023391203703703713
3 0.33203125 0.057060185185185186 0.05 0.05103009259259259
3 0.428125 0.08704282407407407 0.05 0.0713425925925926
3 0.4078125 0.04927083333333333 0.034375 0.0439699074074074
3 0.5796875 0.14177662037037037 0.0671875 0.10504629629629632
3 0.6671875 0.11662615740740741 0.0390625 0.03327546296296298
3 0.7515625 0.12412615740740743 0.0390625 0.04265046296296297
4 0.82890625 0.09141782407407409 0.1515625 0.06410879629629629
3 0.89453125 0.17528935185185185 0.08125 0.05421296296296294
3 0.6015625 0.4390046296296296 0.0609375 0.05628472222222207
3 0.5296875 0.3790277777777778 0.0609375 0.06722222222222225
3 0.34296875 0.25293981481481487 0.05 0.04790509259259253
3 0.42578125 0.3087962962962963 0.0953125 0.05337962962962965
3 0.41484375 0.2105729166666667 0.046875 0.04618055555555554
3 0.61640625 0.26946180555555554 0.05 0.052592592592592614
3 0.29765625 0.10527777777777778 0.0609375 0.0687847222222222
3 0.04296875 0.14988425925925924 0.034375 0.06896990740740741
3 0.7125 0.06428819444444445 0.0515625 0.02923611111111111
3 0.734375 0.0872974537037037 0.040625 0.033356481481481494
3 0.49453125 0.03657986111111111 0.0203125 0.022928240740740735
3 0.52734375 0.03828125 0.0453125 0.02422453703703704
3 0.51640625 0.19552662037037039 0.0359375 0.051863425925925945
3 0.51171875 0.14215856481481481 0.0265625 0.0201273148148148
3 0.5296875 0.10324652777777779 0.0234375 0.03090277777777777