5 0.26031250000000006 0.7292881944444445 0.19739583333333338 0.26194444444444454
4 0.0917361111111111 0.44847222222222227 0.15972222222222224 0.3625694444444445
5 0.8098090277777779 0.5370138888888889 0.17791666666666686 0.35048611111111116
4 0.12493055555555554 0.07145833333333333 0.14361111111111108 0.14055555555555554
4 0.30114583333333333 0.2782986111111111 0.2575694444444444 0.3865972222222222
5 0.6915625000000001 0.9056597222222222 0.2932638888888889 0.18868055555555543
5 0.8574826388888889 0.9325347222222222 0.14267361111111115 0.13493055555555564
5 0.9108854166666667 0.8795486111111112 0.14756944444444428 0.2296180555555555
5 0.6361458333333333 0.5456423611111111 0.1921875 0.2852430555555555
2 0.4897222222222222 0.7281423611111111 0.10107638888888885 0.13180555555555565
4 0.524236111111111 0.556423611111111 0.14295138888888878 0.23107638888888893
4 0.15616319444444446 0.5810243055555555 0.22979166666666667 0.3235416666666667
5 0.8239930555555557 0.8034722222222221 0.1446180555555557 0.12809027777777757
2 0.08602430555555556 0.44288194444444445 0.14940972222222224 0.37638888888888894