5 0.8132638888888888 0.001579861111111111 0.15472222222222243 0.003159722222222222
1 0.20687499999999998 0.6434201388888889 0.25159722222222225 0.18739583333333343
5 0.823420138888889 0.06533854166666667 0.19416666666666665 0.13067708333333333
4 0.6694791666666667 0.72578125 0.1531944444444445 0.14871527777777765
1 0.5446527777777778 0.8677777777777778 0.3656944444444445 0.22833333333333314
1 0.11687499999999999 0.4930381944444444 0.17524305555555553 0.1886805555555556
1 0.1830034722222222 0.3559895833333333 0.2670486111111111 0.2192708333333334
1 0.5102604166666667 0.2205902777777778 0.26597222222222233 0.2301388888888889
1 0.6161631944444445 0.3640277777777778 0.3945833333333333 0.24677083333333333
1 0.7411805555555555 0.44579861111111113 0.4241666666666667 0.2808333333333334
4 0.8157986111111111 0.7317534722222222 0.315486111111111 0.36177083333333326
1 0.4690972222222222 0.05534722222222223 0.3055555555555555 0.11069444444444446
1 0.6560416666666666 0.09111111111111111 0.31934027777777774 0.18222222222222223