0 0.6222395833333334 0.49021990740740745 0.14052083333333343 0.21687499999999993
5 0.1839583333333333 0.6054282407407408 0.10770833333333334 0.1682407407407407
5 0.07447916666666667 0.29456597222222225 0.14895833333333333 0.29997685185185186
5 0.05684895833333333 0.6903819444444445 0.11369791666666666 0.3150462962962962
0 0.8628125000000001 0.17583912037037036 0.19312499999999985 0.25890046296296293
5 0.9327083333333335 0.5156770833333333 0.08645833333333357 0.19966435185185177
0 0.18625 0.22986689814814815 0.20187500000000003 0.3668055555555555
4 0.36192708333333334 0.5359722222222223 0.25947916666666676 0.4604861111111111
2 0.43083333333333335 0.16122106481481482 0.1304166666666667 0.27541666666666664
2 0.74484375 0.40414930555555556 0.24343749999999992 0.4533101851851852
0 0.5157812500000001 0.3576331018518518 0.08833333333333329 0.13440972222222217
3 0.43916666666666665 0.0715162037037037 0.07989583333333332 0.07788194444444443