4 0.21128472222222222 0.0886400462962963 0.34930555555555554 0.1772800925925926
5 0.7453298611111111 0.5870312500000001 0.21565972222222224 0.15478009259259268
5 0.7526388888888889 0.7145543981481481 0.26451388888888905 0.17640046296296302
5 0.908732638888889 0.6421064814814815 0.12274305555555572 0.11650462962962962
5 0.8925520833333334 0.4924826388888889 0.19357638888888892 0.14410879629629642
6 0.9502083333333333 0.250318287037037 0.08958333333333321 0.16915509259259257
6 0.8471701388888888 0.28763310185185187 0.13663194444444465 0.10952546296296291
0 0.4163368055555555 0.135 0.254826388888889 0.27
1 0.056059027777777784 0.5237326388888889 0.11211805555555557 0.18378472222222228
6 0.6450868055555555 0.49856481481481485 0.18097222222222217 0.1386805555555556
6 0.5645659722222222 0.6812268518518518 0.10666666666666665 0.09526620370370367
4 0.08927083333333333 0.7302430555555556 0.17854166666666665 0.2551388888888889
1 0.32390625 0.9428182870370371 0.08708333333333336 0.05665509259259238
2 0.64515625 0.8465393518518518 0.11114583333333332 0.08616898148148167
4 0.8091145833333334 0.8415046296296296 0.2782986111111111 0.2349537037037038
1 0.04491319444444444 0.27199074074074076 0.08982638888888889 0.2721875000000001