3 0.10234375 0.090625 0.08359375 0.05546875
3 0.3828125 0.0375 0.0515625 0.05625
3 0.28203125 0.075 0.05078125 0.0484375
3 0.20234375 0.0390625 0.03046875 0.03828125
3 0.16875 0.02109375 0.025 0.0421875
3 0.13125 0.0234375 0.04765625 0.040625
3 0.2375 0.01484375 0.0515625 0.02578125
3 0.0375 0.05625 0.02734375 0.03515625
3 0.021875 0.1421875 0.0328125 0.05234375
3 0.36328125 0.096875 0.05 0.04453125
3 0.4171875 0.146875 0.0640625 0.07890625
3 0.4921875 0.06953125 0.046875 0.0703125
3 0.46328125 0.02578125 0.078125 0.046875
3 0.5875 0.13359375 0.0609375 0.04609375
3 0.65546875 0.05859375 0.04921875 0.03203125
3 0.71171875 0.165625 0.046875 0.028125
3 0.86171875 0.0546875 0.04765625 0.03046875
3 0.78984375 0.2171875 0.06015625 0.0421875
3 0.28984375 0.37421875 0.08828125 0.09921875
3 0.2203125 0.4375 0.06875 0.096875
3 0.13359375 0.384375 0.0359375 0.0359375
3 0.05546875 0.43125 0.03203125 0.0609375
3 0.12890625 0.51796875 0.0625 0.04296875
3 0.22421875 0.5453125 0.04375 0.0375
3 0.39609375 0.59609375 0.05859375 0.04140625
3 0.33828125 0.5671875 0.04453125 0.05546875
3 0.41953125 0.49765625 0.06015625 0.053125
3 0.3609375 0.4640625 0.05703125 0.07890625
3 0.4671875 0.42578125 0.071875 0.0796875
3 0.45859375 0.36015625 0.05 0.04765625
3 0.5734375 0.40703125 0.0578125 0.0609375
3 0.77265625 0.6046875 0.096875 0.1203125
3 0.59921875 0.628125 0.0921875 0.0859375
3 0.9390625 0.66953125 0.109375 0.14921875
3 0.47578125 0.78515625 0.05234375 0.03984375
3 0.390625 0.790625 0.03828125 0.06484375
3 0.33828125 0.8234375 0.04921875 0.07109375
3 0.2859375 0.7015625 0.05078125 0.06640625
3 0.121875 0.6453125 0.1109375 0.071875
3 0.08984375 0.59296875 0.06796875 0.08046875
3 0.05859375 0.52109375 0.059375 0.05546875
3 0.80703125 0.440625 0.11953125 0.05078125
3 0.6734375 0.4453125 0.065625 0.0390625
3 0.809375 0.39140625 0.0640625 0.05546875
3 0.70546875 0.88984375 0.15625 0.21953125
3 0.90625 0.36640625 0.0765625 0.06015625
3 0.8171875 0.2984375 0.06484375 0.08203125
3 0.81640625 0.23125 0.05390625 0.07578125
3 0.59609375 0.20859375 0.06875 0.0578125
3 0.421875 0.240625 0.08203125 0.06484375
3 0.1171875 0.2515625 0.06875 0.05390625
3 0.14375 0.14453125 0.065625 0.04609375
3 0.0890625 0.4671875 0.07578125 0.04296875