4 0.7864293981481482 0.8152864583333332 0.26343750000000005 0.3694270833333334
4 0.9410532407407409 0.5923090277777778 0.07074074074074091 0.19177083333333336
4 0.938136574074074 0.43713541666666667 0.09115740740740748 0.16461805555555564
4 0.9652141203703704 0.30756944444444445 0.049965277777777574 0.15187500000000007
6 0.5817476851851853 0.5598958333333334 0.2377893518518519 0.37690972222222213
6 0.6611863425925926 0.29640625 0.2011111111111111 0.27083333333333337
4 0.3655150462962963 0.24489583333333337 0.12895833333333329 0.2021527777777777
4 0.3800868055555556 0.37161458333333336 0.11057870370370368 0.14833333333333334
6 0.537199074074074 0.1656076388888889 0.14537037037037023 0.2480902777777778
0 0.16510995370370368 0.6666666666666667 0.14914351851851854 0.2607291666666667
5 0.11873842592592591 0.41324652777777776 0.20246527777777779 0.3270138888888889