5 0.571875 0.94375 0.1109375 0.10703125
5 0.48203125 0.84765625 0.0984375 0.15078125
5 0.94453125 0.309375 0.11015625 0.1140625
5 0.16484375 0.17890625 0.328125 0.11640625
4 0.45078125 0.06953125 0.3421875 0.13828125
5 0.52890625 0.63828125 0.1765625 0.103125
5 0.80546875 0.60703125 0.190625 0.165625
6 0.84140625 0.76328125 0.18125 0.10546875
4 0.46640625 0.46171875 0.34609375 0.2328125
5 0.33359375 0.93203125 0.25859375 0.1359375
6 0.2828125 0.74453125 0.428125 0.29140625
2 0.871875 0.190625 0.12265625 0.07578125
1 0.8640625 0.0578125 0.27109375 0.11484375
0 0.08671875 0.2828125 0.13515625 0.10234375
1 0.2890625 0.35703125 0.10078125 0.04765625