4 0.8140625 0.8828125 0.37109375 0.2328125
5 0.22109375 0.40546875 0.18125 0.1078125
5 0.19765625 0.29140625 0.2234375 0.11796875
5 0.06171875 0.36484375 0.10703125 0.08671875
5 0.09453125 0.49765625 0.16953125 0.10078125
6 0.0546875 0.7203125 0.109375 0.1390625
6 0.16796875 0.6796875 0.1125 0.078125
0 0.58203125 0.8171875 0.19375 0.2609375
1 0.90625 0.4203125 0.1875 0.14765625
6 0.32421875 0.478125 0.15 0.0984375
6 0.37265625 0.31015625 0.0859375 0.07109375
4 0.86484375 0.2359375 0.2703125 0.19765625
1 0.55625 0.04921875 0.075 0.06171875
2 0.278125 0.165625 0.0921875 0.0609375
4 0.12109375 0.1734375 0.2421875 0.184375
1 0.93671875 0.6484375 0.12578125 0.2375