0 0.52265625 0.3640625 0.18828125 0.0890625
5 0.46171875 0.7953125 0.1484375 0.0703125
5 0.77265625 0.88125 0.26484375 0.1078125
5 0.39765625 0.95234375 0.28203125 0.0953125
0 0.83828125 0.090625 0.30625 0.13046875
5 0.4625 0.0453125 0.1828125 0.08984375
0 0.82890625 0.7546875 0.3421875 0.115625
4 0.50859375 0.61796875 0.41171875 0.1515625
2 0.8625 0.5140625 0.25859375 0.0671875
2 0.5921875 0.23828125 0.40625 0.13828125
0 0.66171875 0.45234375 0.11640625 0.0578125
3 0.94453125 0.49609375 0.06015625 0.06328125