5 0.5368055555555555 0.06435185185185185 0.12048611111111107 0.09340277777777777
5 0.6158275462962963 0.15465856481481483 0.14774305555555553 0.23952546296296293
1 0.30873842592592593 0.14172453703703705 0.07870370370370364 0.10277777777777777
5 0.4190104166666667 0.6755497685185186 0.1572916666666666 0.28668981481481487
5 0.5652777777777778 0.3907407407407407 0.0671875 0.12887731481481488
5 0.755787037037037 0.731712962962963 0.21111111111111108 0.2231481481481481
5 0.16686921296296295 0.039728009259259255 0.08686342592592591 0.0703125
5 0.8692997685185185 0.4683159722222222 0.14571759259259273 0.14270833333333338
4 0.7379629629629629 0.27152777777777776 0.059085648148148096 0.07864583333333339
0 0.1232060185185185 0.23003472222222224 0.13113425925925926 0.21238425925925924
0 0.2152199074074074 0.1234375 0.048553240740740744 0.08917824074074074
4 0.9113425925925925 0.8210648148148149 0.17731481481481487 0.3578703703703702
0 0.24424189814814815 0.3172164351851852 0.07754629629629628 0.11365740740740744
5 0.04117476851851852 0.3533854166666667 0.06053240740740741 0.20196759259259256
5 0.29363425925925923 0.429050925925926 0.05688657407407405 0.10353009259259256
4 0.34554398148148147 0.4403356481481482 0.0862268518518519 0.09525462962962958
5 0.40639467592592593 0.44024884259259256 0.0737268518518519 0.09479166666666679
5 0.4529513888888889 0.37019675925925927 0.08246527777777786 0.12008101851851852
4 0.5083333333333333 0.24351851851851852 0.17054398148148148 0.2653356481481482
5 0.31799768518518523 0.07575231481481481 0.10300925925925934 0.08495370370370373
5 0.6246527777777777 0.43506944444444445 0.10578703703703703 0.15995370370370363
5 0.6548900462962963 0.30355902777777777 0.07025462962962958 0.12743055555555555
5 0.7536458333333333 0.4211226851851852 0.07146990740740726 0.11811342592592596
5 0.7929976851851852 0.32505787037037037 0.08101851851851852 0.16527777777777777
0 0.7257233796296296 0.9521701388888889 0.07048611111111107 0.09155092592592595