3 0.8229224537037038 0.29781828703703705 0.08578703703703709 0.09171296296296294
3 0.754525462962963 0.27954861111111107 0.0750694444444445 0.1254398148148148
3 0.5619849537037037 0.3113483796296296 0.07484953703703709 0.0911458333333334
3 0.49004050925925924 0.3314409722222222 0.11143518518518522 0.1055092592592592
3 0.8054224537037037 0.4249479166666667 0.12005787037037052 0.12153935185185176
3 0.6463599537037037 0.41215856481481483 0.10337962962962947 0.10041666666666664
3 0.7257928240740741 0.3979108796296296 0.06837962962962969 0.05652777777777773
3 0.5302546296296297 0.4875231481481482 0.2671064814814814 0.22266203703703696
3 0.34671875 0.4658738425925925 0.15733796296296304 0.08918981481481474
3 0.5166840277777778 0.8544270833333332 0.12769675925925927 0.23880787037037052
3 0.7351851851851852 0.6825925925925926 0.0957638888888889 0.1639120370370371
3 0.08162037037037037 0.4694907407407408 0.15453703703703703 0.09527777777777793
3 0.04596064814814814 0.3007060185185185 0.08217592592592593 0.08217592592592596
3 0.040616319444444444 0.19925347222222223 0.08123263888888889 0.13578703703703704
3 0.14944444444444444 0.22833333333333333 0.15508101851851847 0.13582175925925927
3 0.08500578703703703 0.9601793981481481 0.11902777777777777 0.07162037037037053
3 0.30071180555555554 0.9474363425925926 0.10200231481481481 0.07385416666666664
3 0.48379050925925926 0.9628761574074074 0.040034722222222284 0.020775462962962975
3 0.39282986111111107 0.9590219907407407 0.05498842592592599 0.03869212962962969