5 0.7026909722222222 0.47964120370370367 0.14288194444444446 0.18196759259259263
5 0.07196180555555556 0.7017881944444444 0.1120949074074074 0.14519675925925934
6 0.2494502314814815 0.19996527777777778 0.06238425925925926 0.1265740740740741
5 0.37424768518518514 0.39894675925925926 0.07199074074074074 0.12997685185185182
6 0.1984375 0.41506944444444444 0.05798611111111107 0.06719907407407408
4 0.23399884259259257 0.5979861111111111 0.2393518518518519 0.20041666666666663
2 0.5659143518518519 0.5055208333333334 0.1012731481481481 0.1464351851851852
4 0.633449074074074 0.22522569444444446 0.04849537037037024 0.10745370370370369
5 0.4819733796296296 0.40744791666666663 0.03859953703703702 0.07909722222222229
5 0.43006365740740743 0.43471064814814814 0.04508101851851851 0.08240740740740744
4 0.43929398148148147 0.2574826388888889 0.059837962962962975 0.09219907407407409
4 0.2048611111111111 0.8334895833333335 0.2578703703703703 0.32413194444444426
0 0.802980324074074 0.3675347222222222 0.0625 0.08604166666666657