6 0.766724537037037 0.6840104166666666 0.2404050925925926 0.47893518518518513
3 0.9463541666666668 0.19740162037037035 0.09400462962962948 0.11876157407407409
4 0.9479224537037038 0.11829282407407407 0.07028935185185184 0.10817129629629632
6 0.8373263888888889 0.21479166666666666 0.09028935185185176 0.15133101851851852
6 0.8991840277777777 0.11064814814814813 0.09682870370370367 0.21407407407407408
6 0.7741666666666667 0.14295138888888886 0.11424768518518516 0.2227777777777778
6 0.9496701388888888 0.6526157407407407 0.0818287037037038 0.12905092592592596
6 0.9045891203703704 0.5571469907407407 0.12591435185185204 0.1953009259259259
4 0.9696006944444445 0.8566261574074072 0.060798611111111 0.12008101851851834
4 0.9939641203703704 0.7013425925925926 0.012071759259259096 0.106388888888889
4 0.8390798611111112 0.8813483796296296 0.16431712962962947 0.12240740740740748
5 0.5925578703703703 0.6155787037037037 0.16723379629629634 0.22084490740740748
2 0.5425636574074074 0.3278819444444444 0.07449074074074069 0.1973148148148148
2 0.4260590277777778 0.19855902777777779 0.07958333333333342 0.15857638888888886
2 0.4792939814814815 0.38436921296296295 0.07753472222222228 0.2473958333333334
5 0.6530092592592592 0.49038194444444444 0.10692129629629629 0.13347222222222221
6 0.29446180555555557 0.3056278935185185 0.29930555555555555 0.611255787037037