5 0.19927083333333334 0.40769675925925924 0.09656250000000002 0.16001157407407404
4 0.09703125 0.09134837962962963 0.1871875 0.18269675925925927
5 0.30171875000000004 0.4170891203703704 0.09458333333333328 0.15374999999999997
5 0.029661458333333335 0.3043807870370371 0.05932291666666667 0.11613425925925931
5 0.16630208333333335 0.21116319444444445 0.0989583333333333 0.17252314814814812
5 0.8695833333333333 0.4730092592592593 0.23104166666666687 0.5139583333333333
0 0.45666666666666667 0.6697222222222223 0.4033333333333333 0.35749999999999993
0 0.8740625 0.183275462962963 0.06677083333333336 0.0879513888888889
1 0.5808333333333333 0.16592592592592592 0.058333333333333216 0.10194444444444443
0 0.6506770833333333 0.12558449074074074 0.07385416666666664 0.14734953703703707
1 0.7264062499999999 0.19608217592592592 0.06760416666666665 0.12387731481481482
5 0.7310416666666667 0.6653472222222222 0.2872916666666665 0.11613425925925931
2 0.30671875000000004 0.13125578703703705 0.07437500000000004 0.1317361111111111
0 0.34390625 0.26450810185185186 0.07145833333333336 0.13483796296296297
2 0.3869791666666667 0.10026620370370369 0.10104166666666661 0.20053240740740738
0 0.6643749999999999 0.02553240740740741 0.059375 0.04729166666666666
1 0.44765625 0.3129340277777778 0.06145833333333339 0.1253935185185185
6 0.5908333333333333 0.30875 0.05322916666666657 0.04880787037037031
1 0.45484375000000005 0.15826967592592592 0.09114583333333322 0.12561342592592592
5 0.39588541666666666 0.4687094907407407 0.07249999999999997 0.12703703703703706
5 0.10833333333333332 0.43648148148148147 0.054479166666666676 0.11440972222222232