6 0.3883333333333333 0.8935590277777777 0.12736111111111112 0.18204861111111087
5 0.06177083333333333 0.5919791666666667 0.1 0.14493055555555562
6 0.24701388888888892 0.08814236111111111 0.13576388888888893 0.13871527777777776
5 0.5944097222222222 0.8219618055555555 0.09541666666666657 0.1494097222222223
5 0.42798611111111107 0.032829861111111115 0.08777777777777782 0.06565972222222223
6 0.6291319444444444 0.17262152777777778 0.2391319444444445 0.22447916666666665
6 0.31526041666666665 0.7399305555555555 0.10479166666666676 0.14982638888888894
6 0.3467013888888889 0.203125 0.1912847222222222 0.24888888888888888
5 0.253125 0.9370312500000001 0.09131944444444447 0.10552083333333329
5 0.07364583333333334 0.8302777777777777 0.07795138888888889 0.13614583333333313
6 0.54171875 0.9452777777777778 0.11225694444444442 0.06430555555555557
6 0.6833680555555556 0.4012326388888889 0.1436111111111112 0.2108680555555555
6 0.824045138888889 0.49800347222222224 0.11322916666666671 0.10805555555555557
6 0.4352256944444444 0.5394791666666666 0.16815972222222228 0.2619097222222223
5 0.8370138888888888 0.6870833333333334 0.09170138888888886 0.12270833333333328
5 0.23960069444444443 0.4919791666666667 0.18864583333333335 0.34086805555555555
5 0.17572916666666666 0.9779340277777777 0.0834027777777778 0.030243055555555287
6 0.9168229166666666 0.7834375 0.13413194444444443 0.20576388888888886
6 0.6755381944444444 0.26187499999999997 0.110798611111111 0.13916666666666666
6 0.5907291666666666 0.5310069444444444 0.11135416666666664 0.16416666666666657
6 0.5748958333333334 0.33034722222222224 0.09347222222222218 0.13215277777777779
6 0.3589409722222222 0.600625 0.16684027777777768 0.2727777777777778
6 0.5240277777777778 0.8282118055555555 0.13170138888888888 0.16663194444444435
6 0.4965624999999999 0.7646527777777778 0.10885416666666678 0.12190972222222225
5 0.5295486111111111 0.5446527777777778 0.05472222222222225 0.07423611111111121
5 0.5260069444444444 0.5986631944444445 0.07076388888888889 0.0936805555555555
3 0.17592013888888888 0.4425173611111111 0.06534722222222222 0.06065972222222218
6 0.1598611111111111 0.6383506944444445 0.1171875 0.14569444444444457
5 0.27866319444444443 0.8063368055555555 0.08399305555555561 0.12704861111111115
5 0.09760416666666667 0.9462847222222223 0.08652777777777776 0.10062500000000014
4 0.027890625000000002 0.68875 0.055781250000000004 0.14618055555555554
5 0.03439236111111112 0.44208333333333333 0.06878472222222223 0.3314583333333333