0 0.5960069444444445 0.2498784722222222 0.37361111111111106 0.46045138888888887
4 0.0208912037037037 0.7817013888888888 0.0417824074074074 0.24465277777777777
5 0.44832175925925927 0.06381944444444446 0.1283564814814815 0.09291666666666668
5 0.8305844907407407 0.24697916666666667 0.20746527777777785 0.29888888888888887
6 0.20837673611111113 0.7937152777777777 0.41675347222222225 0.4125694444444445
6 0.07528935185185184 0.5406076388888889 0.1505787037037037 0.4218402777777778
6 0.115625 0.19390625 0.23125 0.38586805555555553
4 0.3401909722222222 0.07390625 0.35086805555555556 0.13239583333333332
5 0.619820601851852 0.7866666666666667 0.4784143518518519 0.4266666666666666
6 0.32763310185185185 0.5608854166666667 0.21909722222222222 0.26670138888888884
4 0.21079282407407404 0.7980295138888889 0.4215856481481481 0.40394097222222225