6 0.2821527777777778 0.7690277777777779 0.2365393518518518 0.30434027777777783
6 0.06856481481481481 0.9274189814814815 0.12437500000000001 0.1329629629629629
6 0.0353125 0.6554861111111111 0.06229166666666667 0.18597222222222226
6 0.029375000000000002 0.48649305555555555 0.05263888888888889 0.1479861111111111
6 0.15597800925925925 0.6039525462962964 0.1641087962962963 0.22561342592592587
6 0.17171874999999998 0.7258159722222223 0.08719907407407405 0.17476851851851832
2 0.824392361111111 0.27703125 0.1382175925925928 0.31486111111111104
2 0.6097337962962963 0.9060821759259259 0.13597222222222224 0.18783564814814824
2 0.5913773148148149 0.7647569444444444 0.11061342592592602 0.1728587962962962
6 0.3951446759259259 0.41955439814814816 0.22012731481481485 0.408136574074074
6 0.18311342592592592 0.15553240740740742 0.2599768518518518 0.3055555555555555
6 0.28118055555555554 0.9478240740740741 0.1445601851851852 0.10435185185185177
6 0.45852430555555557 0.9503559027777777 0.0930787037037037 0.0992881944444445
4 0.6552372685185185 0.6353067129629629 0.08113425925925917 0.19944444444444437
4 0.869386574074074 0.9507523148148149 0.10104166666666678 0.09849537037037023
5 0.9222743055555556 0.6288483796296296 0.12334490740740733 0.2047569444444445
5 0.8505671296296295 0.7532060185185185 0.10408564814814839 0.1350347222222222
5 0.9494560185185186 0.9025491898148148 0.09392361111111143 0.19490162037037032
4 0.70046875 0.0995775462962963 0.2493287037037037 0.13319444444444445