4 0.8535300925925926 0.8558680555555555 0.22050925925925924 0.2795833333333334
6 0.8463252314814815 0.6327951388888888 0.2611689814814813 0.34135416666666674
6 0.7049999999999998 0.7336805555555556 0.2547569444444445 0.3380902777777777
6 0.6605787037037036 0.5043055555555556 0.18145833333333333 0.15854166666666672
2 0.09456018518518519 0.5144097222222223 0.14056712962962964 0.18260416666666668
2 0.16028935185185184 0.43843750000000004 0.08799768518518518 0.10184027777777764
6 0.5772337962962963 0.2412152777777778 0.1769444444444444 0.2520833333333334
6 0.7996180555555557 0.3720833333333333 0.1594560185185184 0.21579861111111107
6 0.4726388888888889 0.5689583333333333 0.3019444444444444 0.4655555555555555
6 0.2761342592592593 0.7233680555555555 0.14054398148148142 0.21225694444444443
5 0.02541087962962963 0.2225 0.05082175925925926 0.23562500000000003
5 0.13865162037037035 0.16185763888888888 0.1234375 0.2134375
5 0.25637731481481485 0.16916666666666666 0.14086805555555557 0.21850694444444446
5 0.030104166666666664 0.600920138888889 0.06020833333333333 0.32996527777777784
5 0.10457175925925925 0.9069965277777777 0.17847222222222223 0.1860069444444445
0 0.3282002314814815 0.36786458333333333 0.09177083333333336 0.11440972222222215