0 0.4101678240740741 0.5650868055555556 0.12959490740740734 0.21284722222222213
5 0.8491319444444445 0.4579918981481482 0.1035648148148148 0.16840277777777785
5 0.9577141203703704 0.7778472222222221 0.08457175925925924 0.2973148148148148
5 0.9612557870370371 0.37596643518518513 0.07748842592592595 0.30732638888888886
0 0.17846064814814816 0.8763831018518518 0.18659722222222222 0.2472337962962964
5 0.07743634259259259 0.5302719907407407 0.10413194444444443 0.20429398148148153
0 0.8725925925925926 0.8275694444444444 0.17900462962962962 0.33597222222222245
4 0.67296875 0.5253009259259259 0.2393518518518519 0.45942129629629636
2 0.6283680555555555 0.8835821759259259 0.11453703703703706 0.23283564814814817
2 0.29200810185185183 0.6504918981481481 0.22482638888888884 0.4511921296296297
0 0.5291145833333333 0.7035300925925926 0.08424768518518526 0.13195601851851854
3 0.6271238425925926 0.9801707175925927 0.07511574074074083 0.03965856481481467