3 0.09630208333333333 0.20984375000000002 0.08322916666666666 0.08499999999999996
3 0.05062500000000001 0.8217187499999999 0.032916666666666664 0.10968750000000008
3 0.2887673611111111 0.6969270833333333 0.11663194444444444 0.13552083333333337
3 0.3452777777777778 0.39932291666666664 0.10388888888888888 0.09416666666666665
3 0.5621354166666667 0.2892708333333333 0.07559027777777771 0.05333333333333332
0 0.09173611111111112 0.47734375 0.14680555555555558 0.1484375
2 0.7803472222222222 0.38598958333333333 0.11645833333333329 0.16666666666666669
3 0.4142881944444444 0.03080729166666667 0.07288194444444436 0.06161458333333334
3 0.3185763888888889 0.021875 0.07465277777777776 0.04375
3 0.10798611111111112 0.03645833333333333 0.05972222222222223 0.07291666666666666
2 0.15005208333333334 0.57296875 0.2238888888888889 0.20031250000000006
2 0.6889236111111111 0.19776041666666666 0.10739583333333336 0.20812499999999998
3 0.4046180555555556 0.1125 0.0828125 0.07562500000000001
3 0.3842013888888889 0.18203125 0.1197916666666667 0.10145833333333334