5 0.6929340277777778 0.5746354166666666 0.21465277777777772 0.0983680555555555
5 0.8798495370370372 0.32633680555555555 0.18726851851851833 0.10961805555555557
6 0.7202430555555556 0.6528993055555555 0.1778935185185185 0.10920138888888893
5 0.9303993055555555 0.8539409722222222 0.04012731481481495 0.12489583333333343
4 0.4639814814814815 0.69078125 0.37645833333333323 0.19906250000000014
5 0.279849537037037 0.3530034722222222 0.13743055555555558 0.05753472222222218
5 0.285787037037037 0.22651041666666666 0.1510532407407407 0.10333333333333332
6 0.7958275462962963 0.8895312499999999 0.18552083333333336 0.10642361111111143
5 0.8272569444444444 0.47750000000000004 0.22568287037037038 0.10041666666666664
6 0.21161458333333333 0.9386111111111111 0.42322916666666666 0.11958333333333329
6 0.6569733796296295 0.8396006944444444 0.14884259259259275 0.092326388888889
6 0.6384837962962963 0.7702951388888889 0.0897337962962963 0.06788194444444447
6 0.3608854166666667 0.8395138888888889 0.110787037037037 0.08128472222222208
6 0.2796180555555556 0.7776736111111111 0.07859953703703706 0.03777777777777782
6 0.6410416666666666 0.49045138888888895 0.10104166666666678 0.07461805555555542
6 0.648738425925926 0.5446527777777778 0.11858796296296284 0.05513888888888889
3 0.7717650462962963 0.5329513888888888 0.042025462962963014 0.05173611111111107
3 0.7156192129629629 0.19182291666666668 0.03200231481481488 0.04038194444444443
3 0.7995659722222221 0.22159722222222222 0.04340277777777786 0.048680555555555574
3 0.7243865740740741 0.32 0.033749999999999857 0.04357638888888893
3 0.7652546296296296 0.28779513888888886 0.03393518518518519 0.04670138888888893
5 0.6876678240740741 0.4268229166666667 0.10811342592592581 0.06246527777777775
3 0.8564525462962962 0.6554166666666668 0.03899305555555586 0.053159722222222074
1 0.8935127314814814 0.1878125 0.13358796296296305 0.09788194444444445
1 0.8515914351851851 0.10630208333333332 0.14994212962962977 0.08458333333333332
6 0.525005787037037 0.5945659722222223 0.1116087962962963 0.06885416666666658
2 0.3692361111111111 0.5539583333333333 0.08670138888888887 0.06930555555555565
6 0.9378125 0.6105034722222222 0.05270833333333336 0.10052083333333339
4 0.6247743055555556 0.38364583333333335 0.12714120370370363 0.06798611111111112