3 0.21918402777777776 0.27671875 0.17361111111111108 0.15979166666666664
3 0.6067013888888889 0.7620312499999999 0.7234722222222221 0.4759375
3 0.031059027777777776 0.8166666666666668 0.06211805555555555 0.19270833333333356
3 0.145 0.7983333333333333 0.07527777777777778 0.08770833333333332
3 0.19697916666666665 0.9238541666666666 0.05336805555555557 0.08468750000000007
3 0.37394097222222217 0.8472395833333334 0.08888888888888893 0.13854166666666679
3 0.1660763888888889 0.5892708333333333 0.11357638888888885 0.1963541666666666
3 0.661875 0.45958333333333334 0.16506944444444435 0.12645833333333342
3 0.8957986111111111 0.4955208333333333 0.19187499999999993 0.13916666666666658
3 0.8330208333333333 0.3278125 0.20826388888888908 0.17458333333333337
3 0.23631944444444444 0.8083333333333333 0.10322916666666666 0.15197916666666664
3 0.3320486111111111 0.9015625 0.06312499999999996 0.10249999999999986
3 0.2402083333333333 0.70375 0.08986111111111113 0.11208333333333335
3 0.2881597222222222 0.6584375 0.12416666666666672 0.11125000000000007
3 0.31008680555555557 0.5871354166666667 0.11767361111111115 0.09989583333333343
3 0.08902777777777778 0.5265625 0.17805555555555555 0.203125
3 0.04314236111111111 0.4203125 0.08628472222222222 0.16875
2 0.25322916666666667 0.08260416666666666 0.2497916666666667 0.14770833333333333
2 0.7490451388888889 0.16338541666666667 0.22888888888888878 0.19000000000000003
2 0.013177083333333334 0.6958854166666667 0.026354166666666668 0.10739583333333336
0 0.06375 0.7203645833333333 0.1275 0.11885416666666657