4 0.2519386574074074 0.404386574074074 0.11237268518518517 0.13046296296296306
5 0.3200694444444444 0.665943287037037 0.12259259259259263 0.17114583333333327
5 0.023414351851851853 0.29166087962962967 0.046828703703703706 0.15974537037037032
5 0.23168981481481482 0.6801388888888888 0.0911458333333334 0.1412384259259259
0 0.45484375000000005 0.6997685185185185 0.13521990740740736 0.2524537037037039
5 0.14945023148148148 0.5247743055555556 0.10033564814814815 0.1381828703703704
6 0.7228472222222223 0.4110011574074074 0.26872685185185186 0.3705787037037037
0 0.5798263888888889 0.7405555555555555 0.2077314814814814 0.23737268518518526
5 0.012392939814814818 0.9394444444444445 0.024785879629629637 0.051967592592592385
5 0.09445601851851852 0.7010069444444444 0.09739583333333335 0.14128472222222221
5 0.2282060185185185 0.8708217592592593 0.10594907407407402 0.15384259259259245
2 0.902193287037037 0.4576620370370371 0.15376157407407404 0.1963657407407407