1 0.4109375 0.60078125 0.1921875 0.1234375
1 0.28046875 0.775 0.12109375 0.09375
1 0.42890625 0.8421875 0.10703125 0.0765625
4 0.4328125 0.96328125 0.18671875 0.07265625
4 0.584375 0.95859375 0.121875 0.0828125
4 0.76875 0.92265625 0.29453125 0.15390625
6 0.93359375 0.88203125 0.1328125 0.23203125
0 0.7765625 0.68984375 0.42734375 0.184375
2 0.79375 0.1859375 0.3703125 0.27109375
0 0.79609375 0.265625 0.08046875 0.065625
0 0.93125 0.35859375 0.13671875 0.04921875
0 0.54609375 0.2515625 0.2296875 0.103125