6 0.49008680555555556 0.7457002314814815 0.31021990740740735 0.4771643518518518
6 0.8648032407407408 0.5563020833333333 0.2703935185185184 0.7444328703703704
6 0.9811631944444444 0.05399305555555556 0.037673611111111074 0.10798611111111112
6 0.5685185185185185 0.4955671296296297 0.24990740740740733 0.4319791666666667
6 0.2485127314814815 0.1719675925925926 0.443900462962963 0.3439351851851852
5 0.1378761574074074 0.43561342592592595 0.16924768518518518 0.30629629629629634
6 0.44493634259259257 0.48630208333333336 0.17446759259259254 0.2629513888888889
4 0.826099537037037 0.06999999999999999 0.08950231481481481 0.13999999999999999
6 0.6958912037037037 0.13240162037037037 0.13567129629629626 0.23913194444444447
5 0.7399710648148148 0.46630208333333334 0.16415509259259267 0.22035879629629634
5 0.7438078703703703 0.9409953703703703 0.14027777777777767 0.05400462962962962
5 0.10545717592592593 0.8142303240740741 0.12739583333333332 0.23091435185185177
5 0.07564814814814816 0.8533912037037037 0.06444444444444444 0.24634259259259253
5 0.2693460648148148 0.8292418981481482 0.06900462962962965 0.16557870370370367
3 0.14157633281249998 0 0.138217796875 0.005583696875 0.12557957343749998 0.01478018125 0.103932821875 0.0390653921875 0.098167190625 0.0438480109375 0.0876950953125 0.046787325000000005 0.072330978125 0.0611362484375 0.0687490828125 0.062238681250000004 0.064288540625 0.0559778375 0.062837553125 0.045669128125 0.055603325 0.037566050000000004 0.051456626562499996 0.0368274734375 0.0459872328125 0.044555371875 0.0433041 0.055966209375 0.04361794375 0.061488475 0.0467331453125 0.0729025265625 0.05873169375 0.0913161515625 0.0721007375 0.108257978125 0.0826659078125 0.1189398796875 0.083484178125 0.11746777500000001 0.0994608859375 0.1119545359375 0.118168521875 0.1020251375 0.12698898281249998 0.09982118749999999 0.13937624843750002 0.0943059609375 0.152549084375 0.0825327984375 0.16487346249999998 0.0678140484375 0.16648233437499999 0.0608202875 0.173005865625 0.045730184374999996 0.17822179062500002 0.0413154015625 0.180403009375 0.037267075 0.1803627609375 0.031376821875 0.17753121562500002 0.021067343750000002 0.17633873125 0.0081818015625 0.17352194062499998 0 0.14157633281249998 0