3 0.11362847222222223 0.89546875 0.09083333333333332 0.08166666666666664
3 0.07300347222222221 0.6855381944444444 0.05440972222222222 0.05899305555555543
3 0.23223958333333333 0.6531076388888889 0.12614583333333335 0.1246180555555556
3 0.22977430555555553 0.44779513888888883 0.0879513888888889 0.09253472222222214
3 0.04842013888888889 0.5970659722222222 0.08253472222222222 0.05961805555555557
3 0.07432291666666667 0.6261631944444443 0.05875000000000001 0.043472222222222356
3 0.020946180555555555 0.8882986111111112 0.04189236111111111 0.06524305555555543
3 0.23072916666666665 0.9319097222222222 0.05277777777777777 0.05583333333333336
3 0.4923784722222222 0.5778298611111111 0.0723263888888889 0.0921875
3 0.7110416666666667 0.9634027777777778 0.038402777777777786 0.041458333333333285
3 0.7406597222222222 0.6847569444444443 0.0563194444444445 0.07465277777777786
3 0.7060069444444445 0.6628819444444444 0.04961805555555561 0.054201388888888855
3 0.70375 0.7293055555555555 0.04152777777777779 0.04152777777777779
3 0.6649305555555556 0.7192361111111112 0.05440972222222218 0.05899305555555543
3 0.6504340277777778 0.739079861111111 0.05753472222222218 0.05906249999999993
3 0.6168923611111111 0.70234375 0.03534722222222229 0.044513888888888964
3 0.5594965277777778 0.8957118055555554 0.032048611111111215 0.03663194444444429
3 0.6012500000000001 0.9143055555555556 0.044652777777777784 0.041597222222222285
3 0.5285763888888889 0.8464236111111111 0.028958333333333287 0.038125000000000145
3 0.5315798611111111 0.9572395833333334 0.036527777777777715 0.027361111111111214
3 0.5466840277777777 0.980329861111111 0.044062500000000074 0.015034722222222286
3 0.49842013888888886 0.9735937499999998 0.05378472222222221 0.03086805555555543
3 0.9073958333333334 0.6662152777777778 0.08315972222222215 0.08774305555555557
3 0.8546180555555555 0.7571875 0.046527777777777855 0.05569444444444436
3 0.9121874999999999 0.7317013888888889 0.075 0.0719444444444445
3 0.8422916666666665 0.11715277777777777 0.06416666666666657 0.07638888888888888
3 0.8728472222222223 0.07743055555555554 0.04475694444444471 0.04628472222222222
3 0.6742708333333333 0.19350694444444444 0.05590277777777786 0.055902777777777767
3 0.7706597222222221 0.0726736111111111 0.0719444444444445 0.075
2 0.3446875 0.20208333333333334 0.379375 0.4041666666666667
5 0.12277777777777779 0.13472222222222224 0.17944444444444443 0.2694444444444445
5 0.5565972222222222 0.08458333333333333 0.17430555555555555 0.16916666666666666
2 0.5741840277777778 0.30505208333333333 0.08940972222222214 0.08788194444444439
2 0.52046875 0.2625173611111111 0.063923611111111 0.06545138888888893
2 0.4618055555555555 0.23180555555555554 0.03836805555555554 0.03989583333333328
3 0.6221701388888888 0.14859375 0.08246527777777786 0.056493055555555574
3 0.2978645833333333 0.9327604166666668 0.04847222222222225 0.07291666666666644
3 0.45479166666666665 0.8636805555555555 0.04791666666666661 0.04791666666666643
3 0.48265624999999995 0.8044965277777777 0.036944444444444356 0.046111111111111214
3 0.4735069444444445 0.8999652777777778 0.033749999999999857 0.042916666666666714
6 0.8263715277777777 0.3767534722222222 0.3400347222222223 0.4729513888888889